position: 0.43724121716772935 0.5355370792543912 0.8028059742451181
orientation: 0.09522197105086483 0.5718291009636614 0.3660509849338558
enu_velocity: 0.8109201575305955 0.45514783756187105 0.5636097651704898
velocity: 0.4227396914738104 0.15406306274633197 0.3746767306214951
angularVelocity: 0.40155605985439935 0.5021545851738165 0.15047553583244527
acceleration: 0.522156214482608 0.25375007594974003 0.44559944383721156
accel: 0.0
brake: 0.003919062
steer: 0.16550211244718888
linkid: A219BS010813
trafficlightid: null
turn_signal_lamp: 2.0