position: 0.43983947600896395 0.5368537188974365 0.807358037233934
orientation: 0.05605529637372947 0.5864480879146191 0.35576084551780857
enu_velocity: 0.8145543119338308 0.43815118196283465 0.553161395041796
velocity: 0.4167751161627341 0.10957460021104892 0.3650669384957608
angularVelocity: 0.3637959372110965 0.51285672750165 0.1026313151300347
acceleration: 0.5336349864534335 0.16044267497746068 0.44265477083888954
accel: 0.03525276
brake: 0.0
steer: 0.1829704257393565
linkid: A219BS010813
trafficlightid: null
turn_signal_lamp: 2.0