position: 0.44247069937703676 0.5380911163397419 0.8094935729570818
orientation: 0.03368314146634649 0.598263653201595 0.3447690745494622
enu_velocity: 0.8174177917248877 0.42135504329821244 0.5585925220299096
velocity: 0.4110007431738191 0.0743420091412132 0.3703356909100897
angularVelocity: 0.4137283617610238 0.5201662466761958 0.06981952613699383
acceleration: 0.5167887215223311 0.08219741163286115 0.4584188483715318
accel: 0.06603183
brake: 0.0
steer: 0.1329216769580761
linkid: A219BS010813
trafficlightid: null
turn_signal_lamp: 2.0