position: 0.44313274413014314 0.538383702927085 0.8104270487567766
orientation: 0.031504016930830214 0.601248458064632 0.34187705703185467
enu_velocity: 0.8183226227006546 0.4174214335499794 0.5631605314933947
velocity: 0.41012526407102734 0.06724061750094829 0.37557366199307807
angularVelocity: 0.43935100869756133 0.5152651389266815 0.06467075119222343
acceleration: 0.5257869835728375 0.11834104900860276 0.46116942243324566
accel: 0.06123814
brake: 0.0
steer: 0.13885277868053303
linkid: A219BS010813
trafficlightid: null
turn_signal_lamp: 2.0