position: 0.4437978013073732 0.5386762895144281 0.8112576159655744
orientation: 0.03248926844135769 0.6036345914651685 0.33896870848225585
enu_velocity: 0.8191302883304932 0.41381357953072134 0.5681458179571748
velocity: 0.4093936208003286 0.06307493650070434 0.38141723179040093
angularVelocity: 0.46955103845569807 0.510107734815543 0.06280178674112114
acceleration: 0.5330938469888864 0.151149342045101 0.4622064771050401
accel: 0.05104272
brake: 0.0
steer: 0.08482287942801431
linkid: A219BS010813
trafficlightid: null
turn_signal_lamp: 2.0