position: 0.44513342409451634 0.5392431760274059 0.8138485769420529
orientation: 0.03451925370956371 0.6094384974828715 0.3330008123318363
enu_velocity: 0.820454634948943 0.40464542136652715 0.5724456076714696
velocity: 0.40652612760003976 0.04275056847703623 0.38655849891742144
angularVelocity: 0.4503742563812652 0.5225347204670338 0.04131147202864849
acceleration: 0.49159701800448685 0.054477444308127065 0.4510521737374181
accel: 0.07153913
brake: 0.0
steer: 0.09562885927851805
linkid: A219BS010813
trafficlightid: null
turn_signal_lamp: 2.0