position: 0.4458033011503441 0.5395174759530388 0.8156315960027676
orientation: 0.03332303175014911 0.6131003712618311 0.32991660377666626
enu_velocity: 0.8211412700601692 0.40034506567527295 0.5723937516797453
velocity: 0.4054155753782466 0.03515026326347781 0.38763488632271215
angularVelocity: 0.44340509965724595 0.5236253333663159 0.03380051164488407
acceleration: 0.515462337956954 0.09513633208479128 0.44679519224209213
accel: 0.07285367
brake: 0.0
steer: 0.10139746506337344
linkid: A219BS010813
trafficlightid: null
turn_signal_lamp: 2.0