position: 0.4478285108540095 0.540303802406525 0.8198201946067138
orientation: 0.030622190809942218 0.6226805400700786 0.3205710337143195
enu_velocity: 0.8228864960454556 0.3896902051165841 0.567195780066969
velocity: 0.4033654785270621 0.03069731828654282 0.38710340696146406
angularVelocity: 0.4567851037958454 0.517090762038024 0.03176505784141548
acceleration: 0.5348300227539686 0.1964341060055838 0.4452085061800195
accel: 0.04780863
brake: 0.0
steer: 0.06564835879103015
linkid: A219BS010813
trafficlightid: null
turn_signal_lamp: 2.0