position: 0.4485084580133361 0.5405537201165469 0.8208711759605531
orientation: 0.03008410413917656 0.6256318478393803 0.31745246422942275
enu_velocity: 0.8232425985150067 0.38571249921585277 0.5641269337155687
velocity: 0.4022379751153516 0.02679787763861946 0.38500661406227243
angularVelocity: 0.44399378292089503 0.520078806918747 0.02632118324647098
acceleration: 0.4852932780254823 0.04800238374779903 0.43823526932753953
accel: 0.03298759
brake: 0.0
steer: 0.07190445238869031
linkid: A219BS010813
trafficlightid: null
turn_signal_lamp: 2.0