position: 0.44987067620202764 0.5410413644287848 0.8233300344196393
orientation: 0.02172504154180871 0.6331180919371211 0.3110429725897877
enu_velocity: 0.8237701892968451 0.37700745282191883 0.5565133093275256
velocity: 0.39952403975313794 0.014986134124716721 0.3789400758110183
angularVelocity: 0.41443257008940065 0.527241732748394 0.012747690096580722
acceleration: 0.5120796929394185 0.1240156453395706 0.439199553059619
accel: 0.06278288
brake: 0.0
steer: 0.08392915177120575
linkid: A219BS010813
trafficlightid: null
turn_signal_lamp: 2.0