position: 0.45055441040882394 0.5412790910310017 0.8242781071825818
orientation: 0.016978495541469518 0.636817026330426 0.30780844181732825
enu_velocity: 0.8240864028349097 0.3732470808776156 0.552713005164594
velocity: 0.39864756352152747 0.013342934710692922 0.3764185354190228
angularVelocity: 0.4175617814375781 0.5261065933305585 0.011616078131598817
acceleration: 0.5196023574603557 0.1548711861722989 0.43982964930351637
accel: 0.05811938
brake: 0.0
steer: 0.09067273318167046
linkid: A219BS010813
trafficlightid: null
turn_signal_lamp: 2.0