position: 0.4519276454628817 0.5417362575737252 0.8254816268023601
orientation: 0.009509173167131846 0.6437972505015297 0.30134716217355956
enu_velocity: 0.8244113101144523 0.36573305971105374 0.5466194773072586
velocity: 0.3966291255103357 0.010849956866236243 0.37260932386582124
angularVelocity: 0.42223952928594627 0.5274454720438353 0.009094741167561371
acceleration: 0.48056001102299983 0.06527872480539998 0.4418289187156603
accel: 0.03268493
brake: 0.0
steer: 0.05606109847253826
linkid: A219BS010813
trafficlightid: null
turn_signal_lamp: 2.0