position: 0.4533039790103239 0.5421690419008369 0.827052989895982
orientation: 0.0019081297776873951 0.6521953995234004 0.2947555630865848
enu_velocity: 0.8244443804251718 0.35709605788978865 0.5413139418542879
velocity: 0.3938842791547432 0.0010432311084627166 0.3693627218021641
angularVelocity: 0.4374058095685797 0.534347297523544 0.0
acceleration: 0.5103208926193861 0.1265017334952777 0.4366188794779716
accel: 0.05839974
brake: 0.0
steer: 0.06881702957426061
linkid: A219BS010813
trafficlightid: null
turn_signal_lamp: 2.0