position: 0.4539943405501921 0.5423762907335385 0.8276930667343967
orientation: 0.0005691287426385361 0.6567520733275612 0.2914484195040967
enu_velocity: 0.824558421857498 0.3533458619806774 0.5348481815483943
velocity: 0.3930060579477001 0.0 0.3652022717145724
angularVelocity: 0.45555657086816115 0.5367298606233928 0.000642952329209856
acceleration: 0.5180882860072609 0.15991670384879536 0.4325535731296339
accel: 0.0524607
brake: 0.0
steer: 0.07604809879753005
linkid: A219BS010813
trafficlightid: null
turn_signal_lamp: 2.0