position: 0.4546865956137952 0.5425774440123368 0.8279105614867881
orientation: 0.0009023521940239587 0.6612620650117296 0.2881557984836144
enu_velocity: 0.8246347904100872 0.3498945717799745 0.5249836760627076
velocity: 0.3922614520023587 0.0011935765230777218 0.3581666883211443
angularVelocity: 0.4691483856210825 0.5350177406986362 0.003439755297341196
acceleration: 0.5236871630010879 0.18683574664271468 0.42288395500889225
accel: 0.04599935
brake: 0.0
steer: 0.08344166395840102
linkid: A219BS010813
trafficlightid: null
turn_signal_lamp: 2.0