position: 0.4567711070380651 0.5431443305253145 0.8256743067172305
orientation: 0.004952782442922132 0.6748647358846809 0.2783515894724907
enu_velocity: 0.8241174275593992 0.33898036536053106 0.4931122948646159
velocity: 0.3889896230660994 0.0013619421871530202 0.3341083311024861
angularVelocity: 0.46475041605929596 0.5413976164330817 0.003591668154890537
acceleration: 0.4885487931413799 0.1520934203282625 0.4223043669720219
accel: 0.03923567
brake: 0.0
steer: 0.06475463113422164
linkid: A219BS010813
trafficlightid: null
turn_signal_lamp: 2.0