position: 0.4581626748446465 0.5434917770977847 0.822872419621822
orientation: 0.006495923948297122 0.6847638397875342 0.2717788971171838
enu_velocity: 0.8234993195868803 0.3315386594320097 0.4841628634331417
velocity: 0.3865783163003519 0.0002897373442639628 0.33006394320190374
angularVelocity: 0.4858336351858985 0.5352427394349004 0.004606271522020977
acceleration: 0.5099740639775521 0.18042881069765132 0.44364972049527945
accel: 0.04186793
brake: 0.0
steer: 0.07905427364315898
linkid: A219BS010813
trafficlightid: null
turn_signal_lamp: 2.0