position: 0.458859577648326 0.5436624526070686 0.8208011105369639
orientation: 0.011320273884308507 0.6886448700840163 0.26851751330554396
enu_velocity: 0.8231686164796859 0.3281467090027874 0.4851899653880465
velocity: 0.3855290875009069 0.001947600294613494 0.3334425649132934
angularVelocity: 0.5190348036326347 0.5270647380446118 0.008779016273020357
acceleration: 0.5081466667986179 0.19967815722301974 0.45441326272998456
accel: 0.03757746
brake: 0.0
steer: 0.08661033474163149
linkid: A219BS010813
trafficlightid: null
turn_signal_lamp: 2.0