position: 0.45955708293683023 0.5438209370085465 0.8185480692596714
orientation: 0.022645101087657826 0.6912890023767255 0.26529306612330733
enu_velocity: 0.8227508054921945 0.32493044843416774 0.49961970656948484
velocity: 0.3844452084750132 0.004785259577276713 0.34986872154579834
angularVelocity: 0.5872918221350814 0.5141573894123683 0.014856224693791997
acceleration: 0.5087103014044428 0.21245167601896936 0.4892237018985266
accel: 0.03511777
brake: 0.0
steer: 0.09400389990250246
linkid: A219BS010813
trafficlightid: null
turn_signal_lamp: 2.0