position: 0.4602552767794198 0.5439733258561201 0.8163731217357539
orientation: 0.04169918736264605 0.6925041629047766 0.2621123510334502
enu_velocity: 0.8223232779701102 0.3217620438382779 0.5199533630003801
velocity: 0.3833845126941535 0.0074731034526620554 0.3720313673102261
angularVelocity: 0.6586180214205035 0.4992496851415868 0.021940698654371316
acceleration: 0.5109425426132579 0.21951592244104617 0.5030027256302275
accel: 0.0335424
brake: 0.0
steer: 0.10139746506337344
linkid: A219BS010813
trafficlightid: null
turn_signal_lamp: 2.0