position: 0.46095415917609484 0.5441196191497921 0.8144288062311515
orientation: 0.06730307852791337 0.6923502188144194 0.2589718607002429
enu_velocity: 0.8219399010174917 0.31860399918183047 0.5413177030474282
velocity: 0.38241081640272273 0.009589952756912656 0.39511684262019753
angularVelocity: 0.7124723694935494 0.48600254754783284 0.027923804397718577
acceleration: 0.5149579367502095 0.2162727918265192 0.5006700607036767
accel: 0.0303407
brake: 0.0
steer: 0.10879103022424441
linkid: A219BS010813
trafficlightid: null
turn_signal_lamp: 2.0