position: 0.46235347321613696 0.5444000146293293 0.8118305467730496
orientation: 0.13191901221019478 0.6889409986467173 0.25279807298206675
enu_velocity: 0.8211068360252964 0.3126128686794919 0.5866867317493714
velocity: 0.3805524175669275 0.015320038747069664 0.44352515131247927
angularVelocity: 0.7858847365620785 0.4621354982829327 0.0389128949325262
acceleration: 0.5184706425084328 0.2382486573006573 0.5100081312488203
accel: 0.02425258
brake: 0.0
steer: 0.12365940851478713
linkid: A219BS010813
trafficlightid: null
turn_signal_lamp: 2.0