position: 0.04947774937042704 0.06237580308922652 0.7629839988088878
orientation: 0.8825930299093072 0.45677524333856834 0.4975442347648324
enu_velocity: 0.8952934299690998 0.9952090899375563 0.7159081055238193
velocity: 0.9997619354945427 0.5090872584646147 0.7186647354941885
angularVelocity: 0.5750424856688562 0.5294751212558916 0.5229803666513992
acceleration: 0.5904172981927001 0.5046432218769621 0.4191817956717202
accel: 0.02875315
brake: 0.0
steer: 0.566460838479038
linkid: A219BS010380
trafficlightid: null
turn_signal_lamp: 0.0