position: 0.4630534745132007 0.544528021261292 0.8113240321483521
orientation: 0.16888621696594136 0.6857103108615822 0.2497624739080253
enu_velocity: 0.820580268036573 0.309778475070042 0.6114525817673514
velocity: 0.37955179879739265 0.019168245352409796 0.4692361957064839
angularVelocity: 0.8092411636884943 0.4503701759801301 0.04427803662349278
acceleration: 0.5119025865225557 0.2549523833488711 0.5132001990430477
accel: 0.02109116
brake: 0.0
steer: 0.09896002599935005
linkid: A219BS010813
trafficlightid: null
turn_signal_lamp: 2.0