position: 0.46445339103806754 0.5447779389713139 0.8123888806172763
orientation: 0.24014659952713419 0.6787945864135216 0.2437775891001651
enu_velocity: 0.8193911005748268 0.3041853951009134 0.639233355732929
velocity: 0.3774525933518887 0.026630571989218255 0.4986621892764119
angularVelocity: 0.7569283865467212 0.4460544521320208 0.05049575452151467
acceleration: 0.49873418203327147 0.23771946406181055 0.47014789712674143
accel: 0.02149478
brake: 0.0
steer: 0.11350341241468964
linkid: A219BS010813
trafficlightid: null
turn_signal_lamp: 2.0