position: 0.4658509836928962 0.5450034744657248 0.814310570828845
orientation: 0.28769429391790047 0.6718934723999626 0.2378264075965823
enu_velocity: 0.818319042924752 0.29899747049920405 0.6381062814438888
velocity: 0.37574376383889385 0.03616063391704222 0.4973710301456489
angularVelocity: 0.6334764503362326 0.43685310084897944 0.05353658982804599
acceleration: 0.5364164288373248 0.27898763753040295 0.44233693808625746
accel: 0.0156332
brake: 0.0
steer: 0.12796555086122852
linkid: A219BS010813
trafficlightid: null
turn_signal_lamp: 2.0