position: 0.4686410909161737 0.5454118765772247 0.8134763543792352
orientation: 0.31114088395533956 0.6584415384488194 0.2261349779522848
enu_velocity: 0.8156156302561978 0.28966425827022524 0.5876357283546028
velocity: 0.37201375421045596 0.06130100194353688 0.43938737302700814
angularVelocity: 0.4260266805792968 0.4435648891551398 0.0653318497700831
acceleration: 0.5231109143684955 0.2932480834581774 0.4144396380011918
accel: 0.02139866
brake: 0.0
steer: 0.13405914852128697
linkid: A219BS010813
trafficlightid: null
turn_signal_lamp: 2.0