position: 0.4693370469579857 0.5454972143318653 0.811970677620228
orientation: 0.30402764558496814 0.6558476517967127 0.22325441407791954
enu_velocity: 0.8149692250074962 0.2873879609330158 0.5712606998763564
velocity: 0.37116943538324754 0.06721535381788135 0.4203728813854912
angularVelocity: 0.380742262788827 0.4463338649986072 0.06820976547808077
acceleration: 0.5258200297346943 0.3001549067828182 0.4137690683987038
accel: 0.02245547
brake: 0.0
steer: 0.14161520961975954
linkid: A219BS010813
trafficlightid: null
turn_signal_lamp: 2.0