position: 0.4707276680026998 0.5456678898411491 0.8078214908170505
orientation: 0.2809571127216048 0.6529109544619126 0.21755726780519535
enu_velocity: 0.8137490328212607 0.28287243175160015 0.5365186988749275
velocity: 0.36962837279399385 0.07824745653895665 0.3810866594756361
angularVelocity: 0.3395056094852722 0.46492219152210784 0.07525854190033265
acceleration: 0.5303300048644316 0.2945659265223857 0.41296003061026354
accel: 0.02383683
brake: 0.0
steer: 0.15680857978550544
linkid: A219BS010813
trafficlightid: null
turn_signal_lamp: 2.0