position: 0.05136560114098233 0.06473478244968156 0.7794617807711284
orientation: 0.9097886313163841 0.4672807515436458 0.4975568392526109
enu_velocity: 0.8953464447455624 0.995266713269366 0.6852602162174389
velocity: 0.9998641411984563 0.5086569472743401 0.7070606967742384
angularVelocity: 0.5211368832214981 0.5084890775589573 0.5226336816785061
acceleration: 0.5881236212686042 0.5202855955717773 0.42097257878270455
accel: 0.02702175
brake: 0.0
steer: 0.566460838479038
linkid: A219BS010380
trafficlightid: null
turn_signal_lamp: 0.0