position: 0.47764195598970577 0.5462408719080303 0.7746885737891089
orientation: 0.12526075882435034 0.691891593711897 0.18827238451535389
enu_velocity: 0.8079516709797284 0.24995673141662877 0.40252100478255004
velocity: 0.36258141415025186 0.04297175820570609 0.2514918481791491
angularVelocity: 0.33475218701267706 0.5209098251957714 0.03739069240234416
acceleration: 0.5486885370697852 0.13942515713157327 0.43112550764644325
accel: 0.1557924
brake: 0.0
steer: 0.061585960350991176
linkid: A219BS010813
trafficlightid: null
turn_signal_lamp: 2.0