position: 0.47833128469844594 0.5462713496775446 0.7683374350800061
orientation: 0.11317458776742886 0.6951604111675603 0.1851862524057446
enu_velocity: 0.8077015980631026 0.24650779110357063 0.39570238351925957
velocity: 0.3626040988308766 0.03848224272251344 0.24532616439323718
angularVelocity: 0.3582341108570917 0.5103429509896396 0.03455015994976168
acceleration: 0.5620512599943515 0.16692187825087906 0.4373554627981452
accel: 0.1602253
brake: 0.0
steer: 0.06995450113747159
linkid: A219BS010813
trafficlightid: null
turn_signal_lamp: 2.0