position: 0.47971252419374644 0.5463140185548658 0.7530733906118172
orientation: 0.09842877246638332 0.6979417390037592 0.1790154952448474
enu_velocity: 0.8075127222678596 0.24046719035785932 0.39174980938201354
velocity: 0.3632846392496185 0.0366394072115272 0.24200169340921993
angularVelocity: 0.42225331059271093 0.4922627286868728 0.03665571975211235
acceleration: 0.5778464423039592 0.22142832155063902 0.46175816587779406
accel: 0.1694726
brake: 0.0
steer: 0.030224244393890154
linkid: A219BS010813
trafficlightid: null
turn_signal_lamp: 2.0