position: 0.4804044349803068 0.5463323052165752 0.7452340914996043
orientation: 0.09554579876454719 0.6986262913129634 0.1759273573776177
enu_velocity: 0.8071484374533884 0.23693573833776307 0.39707391740922554
velocity: 0.3632619545689938 0.03141335819892205 0.24699489622854573
angularVelocity: 0.4344456131801771 0.49426900326922163 0.031317053735405276
acceleration: 0.5332463952582831 0.07329932421609131 0.46506150916805067
accel: 0.1719465
brake: 0.0
steer: 0.038917777055573644
linkid: A219BS010813
trafficlightid: null
turn_signal_lamp: 2.0