position: 0.48109574328204247 0.5463444963243811 0.7379896186397379
orientation: 0.09192182659501139 0.6998478661781127 0.1727746626121135
enu_velocity: 0.8065925493953673 0.23295188186154425 0.4040465770359679
velocity: 0.36300868384905177 0.02279897228043959 0.25346255097885506
angularVelocity: 0.4316937505235405 0.49824723259800047 0.022684000730212983
acceleration: 0.5510107512311427 0.11370213095024029 0.46906868654966133
accel: 0.2147175
brake: 0.0
steer: 0.0470425739356517
linkid: A219BS010813
trafficlightid: null
turn_signal_lamp: 2.0