position: 0.48178765406860286 0.5463444963243811 0.7304291215255576
orientation: 0.0880679840888241 0.7000827021863196 0.16958885585721506
enu_velocity: 0.8063869679792455 0.2293651972648943 0.40866970279033854
velocity: 0.363344217696534 0.017762135887167796 0.2576814245565265
angularVelocity: 0.4314202051628455 0.4858444210459143 0.018412790269327073
acceleration: 0.5751163238599988 0.15080810523350485 0.46784379732659553
accel: 0.2223314
brake: 0.0
steer: 0.056142346441338975
linkid: A219BS010813
trafficlightid: null
turn_signal_lamp: 2.0