position: 0.4824805976862913 0.5463444963243811 0.7222278177248005
orientation: 0.08534126873248099 0.6985560899569441 0.16638966861650786
enu_velocity: 0.8063690690997324 0.2260670584372103 0.4162794313363223
velocity: 0.36400780692535856 0.015321275430856263 0.2642540671905016
angularVelocity: 0.4443264850094343 0.4704771898389194 0.016978344187533412
acceleration: 0.5866333195292083 0.1800601092326039 0.4736532112230636
accel: 0.2245893
brake: 0.0
steer: 0.06581085472863185
linkid: A219BS010813
trafficlightid: null
turn_signal_lamp: 2.0