position: 0.48526855317805195 0.5462957318931574 0.6857383289980352
orientation: 0.08953003315033084 0.6763735305110059 0.15367687431062357
enu_velocity: 0.806511066877203 0.21386495011801548 0.46634288688359743
velocity: 0.3673449477992407 0.014040424366274618 0.3023508042821802
angularVelocity: 0.4687403013527712 0.4229599092834923 0.017260751379635564
acceleration: 0.5770409944451085 0.13766435063432614 0.4869241153947139
accel: 0.2532004
brake: 0.0
steer: 0.060123496912577234
linkid: A219BS010813
trafficlightid: null
turn_signal_lamp: 2.0