position: 0.48666933039552557 0.5462408719080303 0.6734965857702964
orientation: 0.10129519521488084 0.6658786059621404 0.14728301223583393
enu_velocity: 0.806418163169254 0.20730663847346398 0.532148515603386
velocity: 0.36901713282814946 0.010063249308914668 0.36231998807114413
angularVelocity: 0.5580232794308164 0.45363904982847253 0.018430341559004804
acceleration: 0.6035438335527022 0.19036226951939011 0.5432005791268474
accel: 0.2639716
brake: 0.0
steer: 0.08011049723756908
linkid: A219BS010813
trafficlightid: null
turn_signal_lamp: 2.0