position: 0.4873722580474522 0.5462042985846116 0.6713274770316784
orientation: 0.11530232484519976 0.6634194203890964 0.14411359734328089
enu_velocity: 0.8066227217922608 0.20433149681099816 0.5680745617491864
velocity: 0.3702508304590483 0.010775932508159003 0.3984150666332984
angularVelocity: 0.6021980859168662 0.46742824114157105 0.02306090723905424
acceleration: 0.6101491226133645 0.21318969268433696 0.5441952059505538
accel: 0.2621154
brake: 0.0
steer: 0.0905914852128697
linkid: A219BS010813
trafficlightid: null
turn_signal_lamp: 2.0