position: 0.48807716529237444 0.5461616297072913 0.6716851026312489
orientation: 0.1338757829992221 0.6626215481244906 0.14097478395496932
enu_velocity: 0.8068802951917302 0.2015118768430016 0.6037318486524605
velocity: 0.37157451896583205 0.012766993404412008 0.43596209972279365
angularVelocity: 0.6421400843249206 0.48019168271879925 0.027941355687396308
acceleration: 0.6131558818133444 0.2271213299397865 0.5427512373795084
accel: 0.2633392
brake: 0.0
steer: 0.06629834254143646
linkid: A219BS010813
trafficlightid: null
turn_signal_lamp: 2.0