position: 0.4887841381995528 0.5461128652760676 0.6743526976647778
orientation: 0.1557293654602997 0.6632683271152273 0.1378689176016685
enu_velocity: 0.8071780984537243 0.1987871719020461 0.6366174324390071
velocity: 0.372971496440788 0.015505894653268348 0.47219259870299846
angularVelocity: 0.6687141769216852 0.4902890961295987 0.03319791736595007
acceleration: 0.6178316891453141 0.23892131115948712 0.5355027530630541
accel: 0.2675273
brake: 0.0
steer: 0.07677933051673708
linkid: A219BS010813
trafficlightid: null
turn_signal_lamp: 2.0