position: 0.48949223000711994 0.5460580052909405 0.6792696847347877
orientation: 0.17748082348003522 0.6655407842083011 0.13475268268711676
enu_velocity: 0.8070447944177316 0.19536681848303108 0.665735584352072
velocity: 0.3738561989851525 0.012077630527998595 0.5051730076499892
angularVelocity: 0.6598033362007734 0.5029046454925504 0.02986604796222092
acceleration: 0.6002350913546338 0.1671891599621203 0.52463141810856
accel: 0.2875123
brake: 0.0
steer: 0.08701657458563544
linkid: A219BS010813
trafficlightid: null
turn_signal_lamp: 2.0