position: 0.4902019571306399 0.5460031453058134 0.6858609434893164
orientation: 0.1987025787180325 0.6687832316114496 0.13163627788599067
enu_velocity: 0.8071932698849307 0.19229020254192458 0.6898604516555623
velocity: 0.3751542114248555 0.01201667968423581 0.5343130749154821
angularVelocity: 0.6574421160253686 0.5077463953058581 0.030591402109070076
acceleration: 0.61772203008944 0.20795483767622647 0.5138330942304075
accel: 0.2898927
brake: 0.0
steer: 0.09733506662333441
linkid: A219BS010813
trafficlightid: null
turn_signal_lamp: 2.0