position: 0.0532535906223547 0.06709376181013571 0.7967701299421666
orientation: 0.9388814489904316 0.47984608156699116 0.49757706123517736
enu_velocity: 0.8953413307799871 0.9951990773728092 0.698605091057678
velocity: 0.999772903911548 0.5083375012521423 0.7416453973189722
angularVelocity: 0.5678155041422333 0.5326395872298518 0.5236366480447813
acceleration: 0.5880909846629573 0.5098151168521273 0.47064024082364003
accel: 0.02998788
brake: 0.0
steer: 0.5665420864478389
linkid: A219BS010380
trafficlightid: null
turn_signal_lamp: 0.0