position: 0.4916287272648371 0.5458690431199482 0.6984887763949588
orientation: 0.23347255407445802 0.6718421577031768 0.1254275592960317
enu_velocity: 0.808183674551322 0.18694582242082977 0.694498299025088
velocity: 0.3787648148772577 0.01998569333528144 0.5480754691973049
angularVelocity: 0.5814196773192891 0.4702788152360999 0.034024315378231806
acceleration: 0.6342695702019691 0.26166235108480784 0.44074662134922754
accel: 0.2712626
brake: 0.0
steer: 0.11894702632434184
linkid: A219BS010813
trafficlightid: null
turn_signal_lamp: 2.0