position: 0.49378751646106894 0.5456374120716347 0.703676537133215
orientation: 0.24741376899104447 0.6576878538397788 0.11625696692511164
enu_velocity: 0.8095320568079751 0.17954257291445944 0.652860167456577
velocity: 0.38406480383069075 0.037175597967527896 0.5045589506094791
angularVelocity: 0.44880394092589115 0.4099265814353098 0.04263168598779399
acceleration: 0.6320569085205201 0.2542439794104091 0.4141416618440553
accel: 0.2769888
brake: 0.0
steer: 0.12528436789080272
linkid: A219BS010813
trafficlightid: null
turn_signal_lamp: 2.0