position: 0.4945117032203821 0.5455459787630899 0.7018117750783128
orientation: 0.2437595497735952 0.6492398155293666 0.1132338846554555
enu_velocity: 0.8099866883476079 0.1770257002103252 0.6331960482876158
velocity: 0.3858868074646046 0.042572486011781374 0.48098856033184534
angularVelocity: 0.41859031078128117 0.39579357047110275 0.045732017191537855
acceleration: 0.6386650218442667 0.2700231132703682 0.4099157979207349
accel: 0.2726853
brake: 0.0
steer: 0.1357653558661034
linkid: A219BS010813
trafficlightid: null
turn_signal_lamp: 2.0