position: 0.49596713441838386 0.5453570165920976 0.6932192726625153
orientation: 0.23064147375470517 0.6285264956309811 0.1072706576457261
enu_velocity: 0.8110149363592554 0.17220191215466105 0.5928891905822596
velocity: 0.38969883093837804 0.055256268264273656 0.4297406956232086
angularVelocity: 0.38342742973465155 0.3792035704388372 0.05523351197637538
acceleration: 0.6399951355684343 0.2863733278015328 0.4160112606584483
accel: 0.2608221
brake: 0.0
steer: 0.1564023399415015
linkid: A219BS010813
trafficlightid: null
turn_signal_lamp: 2.0