position: 0.4966983788570724 0.5452533921757468 0.6875768165190914
orientation: 0.22127565786245085 0.6178758452314534 0.10434038824781672
enu_velocity: 0.8115285489685217 0.16991698357796348 0.5773079259919272
velocity: 0.39158614650991475 0.06253609570801827 0.4079871014885782
angularVelocity: 0.36428973868301506 0.3823682156660927 0.06096276855828253
acceleration: 0.6409447807085322 0.2974066002318692 0.4207108457627893
accel: 0.2621053
brake: 0.0
steer: 0.14876503087422815
linkid: A219BS010813
trafficlightid: null
turn_signal_lamp: 2.0