position: 0.05419775319809919 0.06827020371341153 0.8051174033754018
orientation: 0.9517955290888063 0.48592281072260496 0.4975887888890235
enu_velocity: 0.8953573545387894 0.9952421927026385 0.6853568043754077
velocity: 0.9998302388186217 0.5081737325183705 0.7392694796559814
angularVelocity: 0.5264776655238981 0.5194988866577829 0.5235277527041132
acceleration: 0.589180985020748 0.5186565411598493 0.4242197348732612
accel: 0.02724562
brake: 0.0
steer: 0.5666233344166397
linkid: A219BS010380
trafficlightid: null
turn_signal_lamp: 0.0