position: 0.49890536683928177 0.5449181367110825 0.6686190105010552
orientation: 0.18518388289846363 0.5894592628301708 0.09575886935333333
enu_velocity: 0.8130018824507282 0.16278534021571156 0.5350017261991429
velocity: 0.39726404728562353 0.08128863863905422 0.34830916315762395
angularVelocity: 0.3288985549708902 0.40272730303737536 0.07651618600757643
acceleration: 0.6461386614210991 0.2859966477779408 0.42681044330334494
accel: 0.2722383
brake: 0.0
steer: 0.17858303542411447
linkid: A219BS010813
trafficlightid: null
turn_signal_lamp: 2.0