position: 0.4996454764118197 0.5447962256330223 0.6614409538239667
orientation: 0.17314125747205072 0.5809053879576379 0.09296505723615697
enu_velocity: 0.8135976594402355 0.16039489146686325 0.5173714969063962
velocity: 0.3993295996334974 0.08750739139398822 0.32567468231137275
angularVelocity: 0.34269500855068313 0.4031538183282192 0.08254946662423945
acceleration: 0.6515779256815343 0.29043717590941764 0.41422733177832943
accel: 0.2690133
brake: 0.0
steer: 0.18825154371140723
linkid: A219BS010813
trafficlightid: null
turn_signal_lamp: 2.0