position: 0.5003879098543959 0.5446682190010605 0.6534564149274384
orientation: 0.16290420373255074 0.5723083944857226 0.09021322354349526
enu_velocity: 0.8142046871540083 0.15800934683136045 0.5003292525135812
velocity: 0.4014160916865633 0.09364805640126078 0.3037527064463781
angularVelocity: 0.3584099439606091 0.4037223739302611 0.08935153339271684
acceleration: 0.6526490141342568 0.2940350455115392 0.4171959452851082
accel: 0.2654007
brake: 0.0
steer: 0.1976763080922977
linkid: A219BS010813
trafficlightid: null
turn_signal_lamp: 2.0