position: 0.5018793180033594 0.5443939190754259 0.6355525096558909
orientation: 0.14710490941027216 0.5551903105308875 0.08484042362258569
enu_velocity: 0.815397263926138 0.15323752194335302 0.4733307169552253
velocity: 0.40557486670702914 0.10536775530762599 0.2671877983848957
angularVelocity: 0.37998453571378027 0.405065984930534 0.10242496352653602
acceleration: 0.6528367629225261 0.2796730263961404 0.4294709662891115
accel: 0.2793071
brake: 0.0
steer: 0.20571985700357492
linkid: A219BS010813
trafficlightid: null
turn_signal_lamp: 2.0