position: 0.5026283787790075 0.5442537213356573 0.6258513678814261
orientation: 0.14061556247836718 0.5466789840944395 0.08220800375109556
enu_velocity: 0.8160136672434652 0.1507627428787677 0.4629907571595972
velocity: 0.40772143577141984 0.11038127137806675 0.25209701089728886
angularVelocity: 0.387846861109443 0.40586613579010733 0.10777979259531911
acceleration: 0.657867407318876 0.28959236930660803 0.43350265350972406
accel: 0.2848724
brake: 0.0
steer: 0.2149821254468639
linkid: A219BS010813
trafficlightid: null
turn_signal_lamp: 2.0