position: 0.504889762533963 0.5437843636851278 0.5976033246043495
orientation: 0.13086614752565776 0.5247730607534651 0.07453822773996767
enu_velocity: 0.8181138024396684 0.14349695158271067 0.46210369008055774
velocity: 0.41449867106971167 0.12669401386746537 0.23953971009741026
angularVelocity: 0.4329161941255602 0.43149566440054654 0.12601905316444295
acceleration: 0.6651955630903071 0.2912118632573264 0.47542572168610264
accel: 0.3048672
brake: 0.0
steer: 0.23610659733506667
linkid: A219BS010398
trafficlightid: null
turn_signal_lamp: 2.0