position: 0.004551893347723199 0.005809062869542636 0.41605359421026034
orientation: 0.5345296251584898 0.21381419789284747 0.5001797783572067
enu_velocity: 0.8873192234477367 0.9874981890539782 0.4097553321420794
velocity: 0.9859689018280924 0.48618376873730523 0.005551539546162859
angularVelocity: 0.8093226351939309 0.7763610433832411 0.5051889247594059
acceleration: 0.6699308854864089 0.44820460952013885 0.28647122725878316
accel: 0.2194397
brake: 0.0
steer: 0.5576860578485539
linkid: A219BS010380
trafficlightid: null
turn_signal_lamp: 0.0