position: 0.055141778063026614 0.06944664561668734 0.8123210047381744
orientation: 0.9604417760228146 0.49101664962353536 0.49760024253226576
enu_velocity: 0.895296668813964 0.9953253582914561 0.6719345512896584
velocity: 0.9998761067442803 0.5088419445686526 0.7348894618847766
angularVelocity: 0.48808859815843797 0.5127640176973194 0.5235533081751625
acceleration: 0.5885021159135425 0.5285028020083874 0.42389917633137075
accel: 0.02643555
brake: 0.0
steer: 0.5667045823854404
linkid: A219BS010380
trafficlightid: null
turn_signal_lamp: 0.0