position: 0.5064098317467312 0.5434491082204636 0.5838040853980737
orientation: 0.1312224266718685 0.5166953791400626 0.06961058544612406
enu_velocity: 0.8197371455787467 0.13860119566370127 0.4811303004771419
velocity: 0.41937612668623353 0.1372438099118085 0.2554614191327338
angularVelocity: 0.448397864758066 0.45213001313209644 0.1375027529247439
acceleration: 0.6750823109018839 0.3079895444058951 0.4849596705643545
accel: 0.3200835
brake: 0.0
steer: 0.2508937276568086
linkid: A219BS010398
trafficlightid: null
turn_signal_lamp: 2.0