position: 0.5079411760326477 0.5430955660940899 0.5740664512154892
orientation: 0.1339937356448486 0.512271589019453 0.06483266254624134
enu_velocity: 0.8216608489626065 0.13375194708625174 0.5061059335110819
velocity: 0.42467786061509916 0.14871617206087523 0.2801497908526255
angularVelocity: 0.4547617914704306 0.46481220887024177 0.14931873727097672
acceleration: 0.6860534691618638 0.3150964454294214 0.4917926867106006
accel: 0.3398955
brake: 0.0
steer: 0.2692557686057849
linkid: A219BS010398
trafficlightid: null
turn_signal_lamp: 1.0