position: 0.5087114959156822 0.5429066039230976 0.5705544218580765
orientation: 0.13571452886771745 0.5108822792391854 0.06249946225418988
enu_velocity: 0.822761203888864 0.13132780299195873 0.5198944047270029
velocity: 0.42752790406106134 0.15477980933516056 0.2944706962597631
angularVelocity: 0.45566085439512 0.46810779289361065 0.15528915055625192
acceleration: 0.6927973678781563 0.32243671929037476 0.49330278032094665
accel: 0.3452891
brake: 0.0
steer: 0.27811179720506995
linkid: A219BS010398
trafficlightid: null
turn_signal_lamp: 1.0