position: 0.5094853446384044 0.5427176417521062 0.5679452146775388
orientation: 0.13830992072093348 0.5101894951973719 0.06020654152090901
enu_velocity: 0.823967929299085 0.12888919176329647 0.5308291267514907
velocity: 0.43053574314257786 0.1609865485904543 0.30667728172068515
angularVelocity: 0.46552420411327833 0.4757416730570467 0.1617994891087306
acceleration: 0.6986554680702214 0.3278550811450091 0.4873884855600758
accel: 0.3466276
brake: 0.0
steer: 0.2868053298667534
linkid: A219BS010398
trafficlightid: null
turn_signal_lamp: 1.0