position: 0.05608551889939381 0.07062918307386568 0.8187589953786014
orientation: 0.9658894970179734 0.4957082026827893 0.49761120295642103
enu_velocity: 0.8951913211231155 0.9954158800502917 0.6612196301607116
velocity: 0.9998970464494724 0.5099434976844863 0.7323561495955262
angularVelocity: 0.4643351791283008 0.5108785239853457 0.5235613212809188
acceleration: 0.586818265217335 0.5325229061347138 0.437300803885188
accel: 0.02587112
brake: 0.0
steer: 0.5667858303542412
linkid: A219BS010380
trafficlightid: null
turn_signal_lamp: 0.0