position: 0.5134076069165913 0.5416813975885981 0.5689275903041131
orientation: 0.15444959371023298 0.518284281709703 0.04937742324702675
enu_velocity: 0.8303774328199651 0.11716580664184506 0.5839213167371659
velocity: 0.4459196958392155 0.19528226335746574 0.37528110854648455
angularVelocity: 0.4614927415773572 0.4907989283520994 0.19604869897842564
acceleration: 0.708840856962113 0.365060633976262 0.47580011218038176
accel: 0.3510022
brake: 0.0
steer: 0.32734806629834257
linkid: A219BS010398
trafficlightid: null
turn_signal_lamp: 1.0