position: 0.5174207583340499 0.5405110512392257 0.5734139669583138
orientation: 0.16788314969123072 0.5189875781373163 0.039808589344637324
enu_velocity: 0.8376672202818511 0.10698746242989418 0.599799031999944
velocity: 0.46176581774330633 0.23962426719860558 0.4024550945719345
angularVelocity: 0.46861381014691267 0.4714473886200687 0.24088827771177584
acceleration: 0.7114608748211998 0.40228866486187587 0.45171356884852265
accel: 0.3355638
brake: 0.0
steer: 0.3669970750731232
linkid: A219BS010398
trafficlightid: null
turn_signal_lamp: 1.0