position: 0.5206956937027055 0.5394930937374278 0.5770997001783749
orientation: 0.1886365274047288 0.5224266606077312 0.03317862877311917
enu_velocity: 0.8434204315539177 0.09930089820879306 0.5777226366915432
velocity: 0.47402501800443847 0.27225416890521154 0.39283693131926345
angularVelocity: 0.4797909357021524 0.48630189696592285 0.2756648195504311
acceleration: 0.7070081309849066 0.41612940792344516 0.44718256283667834
accel: 0.3242334
brake: 0.0
steer: 0.39470263243418924
linkid: A219BS010398
trafficlightid: null
turn_signal_lamp: 1.0