position: 0.5215229053670458 0.5392248893656957 0.5776529250854656
orientation: 0.19342080090569125 0.5238088789819848 0.031654033773122175
enu_velocity: 0.844829329069877 0.09748010309263608 0.5712856413444712
velocity: 0.47698723844250085 0.2802067523288081 0.38985149097618677
angularVelocity: 0.4754027580208315 0.485639154512397 0.2833951214752523
acceleration: 0.7046196113479043 0.41597928827575376 0.44469696268515374
accel: 0.3215585
brake: 0.0
steer: 0.40030874228144303
linkid: A219BS010398
trafficlightid: null
turn_signal_lamp: 1.0