position: 0.5248659215208947 0.5381154985553529 0.5770851032151274
orientation: 0.20662853394474046 0.5292338045828014 0.026015114753722812
enu_velocity: 0.8505348099965753 0.09052766420555103 0.548726714938005
velocity: 0.48870923555257473 0.31183547017569213 0.38050722053297914
angularVelocity: 0.45631788574940974 0.4852255275334854 0.3136414473804898
acceleration: 0.7035186816248572 0.43701836357309315 0.4493702409015652
accel: 0.3103603
brake: 0.0
steer: 0.42452063698407544
linkid: A219BS010398
trafficlightid: null
turn_signal_lamp: 1.0