position: 0.5257101748988486 0.5378290075219123 0.5765340678525241
orientation: 0.20900081316496072 0.5308719193720677 0.024726662092150964
enu_velocity: 0.8519239335123108 0.08884459293918026 0.544500830424767
velocity: 0.4915483105815314 0.3191144142738749 0.37967350860961685
angularVelocity: 0.45014783444531103 0.48752199169053423 0.32032710051008806
acceleration: 0.7014278895598945 0.43144494150182255 0.45230763982750244
accel: 0.3092138
brake: 0.0
steer: 0.42898927526811836
linkid: A219BS010398
trafficlightid: null
turn_signal_lamp: 1.0