position: 0.5265576989087081 0.5375364209345692 0.5760647754841082
orientation: 0.20997710258721752 0.5328977095685089 0.02347585848755243
enu_velocity: 0.8532801571828459 0.08711875371767555 0.54188867730058
velocity: 0.49436270667222604 0.3256531147912858 0.3806472625106928
angularVelocity: 0.4358141738234731 0.4908541491222504 0.3260963185029563
acceleration: 0.700915639794552 0.4288482122198376 0.45486864765070845
accel: 0.3077216
brake: 0.0
steer: 0.43776405589860257
linkid: A219BS010398
trafficlightid: null
turn_signal_lamp: 1.0