position: 0.057972243162634274 0.07298816243432071 0.8304022631131818
orientation: 0.9739181548852667 0.5043815267661733 0.49763685034894434
enu_velocity: 0.8949944334484714 0.9955785331429177 0.6464477281226475
velocity: 0.9999274588784418 0.5118841054156327 0.7325662125620968
angularVelocity: 0.4401124230275959 0.5010589495972 0.5239189114551317
acceleration: 0.5882413686789986 0.5297420071721104 0.42214915283455845
accel: 0.02557478
brake: 0.0
steer: 0.5670295742606436
linkid: A219BS010380
trafficlightid: null
turn_signal_lamp: 0.0