position: 0.532583407848513 0.5353846904068176 0.5729132911189154
orientation: 0.20577406387554953 0.5501261557566394 0.015889381700004535
enu_velocity: 0.8632406279336051 0.07659223789199959 0.5372599411745802
velocity: 0.5137157306315776 0.3763985789443278 0.4033653674270731
angularVelocity: 0.43834845018629437 0.49201393945325594 0.3757368195020411
acceleration: 0.7002577615849978 0.49149477987463847 0.46428045286269104
accel: 0.2930179
brake: 0.0
steer: 0.472700682482938
linkid: A219BS010398
trafficlightid: null
turn_signal_lamp: 1.0