position: 0.5334572690521387 0.5350616260499583 0.5720878328472545
orientation: 0.2078756374375626 0.5521178430608418 0.014994956286814354
enu_velocity: 0.8646795273809388 0.07518904846101773 0.5325622378722168
velocity: 0.5164299152759959 0.3828431148248529 0.40241838369234717
angularVelocity: 0.4527295517039976 0.4858040711291416 0.3826045300771096
acceleration: 0.7002383495341489 0.46397298766944467 0.4369709897461661
accel: 0.2925742
brake: 0.0
steer: 0.47578810529736765
linkid: A219BS010398
trafficlightid: null
turn_signal_lamp: 1.0