position: 0.5369847316316126 0.5337449864069148 0.5567157708510324
orientation: 0.2365891925454795 0.5471238896426129 0.011772701189408763
enu_velocity: 0.8700820910800677 0.06920500848922456 0.4975225855608603
velocity: 0.5270274003608154 0.40100510591401617 0.3715902263605043
angularVelocity: 0.49183789388891036 0.45299223582276726 0.4050755354953018
acceleration: 0.6940010672821683 0.4616813615348783 0.46390341927521045
accel: 0.2873152
brake: 0.0
steer: 0.4907377315567112
linkid: A219BS010398
trafficlightid: null
turn_signal_lamp: 1.0