position: 0.5378745156484632 0.5334036353883471 0.5523118670391809
orientation: 0.24224145152294424 0.5455348088969421 0.01105019002909391
enu_velocity: 0.8714054149054027 0.0677854720137577 0.4997204778205403
velocity: 0.5295877778849539 0.4052342464594185 0.37405456405176496
angularVelocity: 0.4725963897795718 0.457611073408168 0.40899105965068566
acceleration: 0.6932544265185362 0.4640015570463868 0.4671449536242104
accel: 0.2869403
brake: 0.0
steer: 0.49731881702957437
linkid: A219BS010398
trafficlightid: null
turn_signal_lamp: 1.0