position: 0.05891519216180326 0.07416460433759653 0.8344770054037958
orientation: 0.974116549500613 0.507004669922489 0.49765049607701767
enu_velocity: 0.8948749371195317 0.9956886713551354 0.6321980125460477
velocity: 0.9999621091048906 0.5130608029717157 0.7230309757856432
angularVelocity: 0.413456426705671 0.4902558195478587 0.5242116808493317
acceleration: 0.5883166425221354 0.5356409575006736 0.4202838955631498
accel: 0.02510581
brake: 0.0
steer: 0.5670295742606436
linkid: A219BS010380
trafficlightid: null
turn_signal_lamp: 0.0