position: 0.539664153785663 0.5327209333512126 0.5452075250264934
orientation: 0.24968974189980803 0.5444057786620375 0.009690878225358246
enu_velocity: 0.8742075271095577 0.06533729776407171 0.509572909786481
velocity: 0.534674879835601 0.4166369479774832 0.38599065747354155
angularVelocity: 0.45495868476685575 0.4695848120833929 0.4195332368375987
acceleration: 0.6929606574823559 0.49944825198988324 0.47501004677575237
accel: 0.2860841
brake: 0.0
steer: 0.5018687032824181
linkid: A219BS010398
trafficlightid: null
turn_signal_lamp: 1.0