position: 0.5405640079060124 0.5323734867787424 0.542554526956212
orientation: 0.25232878779589074 0.5448018996130586 0.009063503546711038
enu_velocity: 0.8756177883496705 0.06412904683857357 0.5151043143129467
velocity: 0.5372165611943895 0.4219856760217084 0.39337381703332497
angularVelocity: 0.4461106344794296 0.47470119371939473 0.4242212953863212
acceleration: 0.6935614414247075 0.4874327729725716 0.4733550919381364
accel: 0.2861681
brake: 0.0
steer: 0.5038186545336367
linkid: A219BS010398
trafficlightid: null
turn_signal_lamp: 1.0