position: 0.5414673908660494 0.5320199446523697 0.5394497528734123
orientation: 0.2561071391633789 0.5446164183653018 0.00846396834541821
enu_velocity: 0.877033674951916 0.06282434835061387 0.5088525201160997
velocity: 0.5398255487484382 0.42637318275942665 0.3888269871180564
angularVelocity: 0.46427359738006 0.4655232672569836 0.4284573536879374
acceleration: 0.6957039228329109 0.4790412166197057 0.4410570814303301
accel: 0.2838423
brake: 0.0
steer: 0.5056873578160547
linkid: A219BS010398
trafficlightid: null
turn_signal_lamp: 1.0