position: 0.5423742165965135 0.531666402525997 0.5352815900180126
orientation: 0.2620056568122965 0.5431853797586897 0.007887998056059164
enu_velocity: 0.8784163207779228 0.061422589286024454 0.5001808424749477
velocity: 0.5424489946703578 0.42964852210104093 0.3808128538654114
angularVelocity: 0.4824015428331659 0.45460991794142647 0.43208161567851744
acceleration: 0.6963963621055452 0.46948278073632277 0.439423182281034
accel: 0.2815183
brake: 0.0
steer: 0.5117809554761131
linkid: A219BS010398
trafficlightid: null
turn_signal_lamp: 1.0