position: 0.5441978520916797 0.5309532227193481 0.5245783667165886
orientation: 0.27765711281556216 0.5376725777396274 0.006817274220331598
enu_velocity: 0.8811783735850722 0.05884629507518724 0.49172594959354876
velocity: 0.5475513028354896 0.4371093823842168 0.3708748438043633
angularVelocity: 0.4907233407448179 0.4448872478847215 0.4411759106268497
acceleration: 0.6917964673112482 0.4827043109379287 0.4696089033119294
accel: 0.2803961
brake: 0.0
steer: 0.515193370165746
linkid: A219BS010398
trafficlightid: null
turn_signal_lamp: 1.0