position: 0.5451146618563819 0.530593585039072 0.5195365756108097
orientation: 0.28352465705376695 0.5352583994318891 0.006320054578528106
enu_velocity: 0.8825230056003037 0.05758512059316889 0.4961026857791532
velocity: 0.5500339043117719 0.4404728442790743 0.37445036139724575
angularVelocity: 0.47239263451691416 0.4493892159066506 0.4444200235821904
acceleration: 0.6907458566690291 0.4831203774226433 0.4723601247883498
accel: 0.2805331
brake: 0.0
steer: 0.51665583360416
linkid: A219BS010398
trafficlightid: null
turn_signal_lamp: 1.0