position: 0.5478859199115718 0.5294902897826317 0.5072926428385838
orientation: 0.2918141767371508 0.5306666962201309 0.004947206650960739
enu_velocity: 0.8866992403545069 0.05412690333236547 0.5130441409677235
velocity: 0.5574627632930643 0.45256801804992985 0.391052922090096
angularVelocity: 0.4365300559093425 0.46001896858370894 0.45482598491243537
acceleration: 0.6907275103778346 0.5041882844687539 0.4769474404536706
accel: 0.2796571
brake: 0.0
steer: 0.5251868703282419
linkid: A219BS010398
trafficlightid: null
turn_signal_lamp: 1.0