position: 0.5488167589657639 0.5291184609945505 0.5040813109240752
orientation: 0.2929853698968225 0.5297480562420479 0.004535423515447529
enu_velocity: 0.8880965462151627 0.052989557712321056 0.5187188119441132
velocity: 0.559933897787932 0.4562632292039696 0.39713376101653386
angularVelocity: 0.431415064425601 0.4614507757903368 0.4578872173957277
acceleration: 0.6906628035416715 0.49693147707054336 0.47406982441559736
accel: 0.2794726
brake: 0.0
steer: 0.5263243418914528
linkid: A219BS010398
trafficlightid: null
turn_signal_lamp: 1.0