position: 0.5497511268596437 0.5287466322064676 0.5011546197928984
orientation: 0.2936795280824506 0.5289107358042879 0.004140081016167224
enu_velocity: 0.8894664071272316 0.05180235360659738 0.5240374173188312
velocity: 0.5623990495098876 0.45928230999811137 0.4029258832628908
angularVelocity: 0.4268133243013436 0.4620338007183755 0.4602983778741104
acceleration: 0.690574954495869 0.49141392025246616 0.4738372099495443
accel: 0.2789055
brake: 0.0
steer: 0.5316054598635035
linkid: A219BS010398
trafficlightid: null
turn_signal_lamp: 1.0