position: 0.550689023593211 0.528368707864483 0.4984789964295828
orientation: 0.2941842017030714 0.5281025293299126 0.003762932820984638
enu_velocity: 0.890881270936362 0.05070914500666249 0.529154399402087
velocity: 0.5648646997962526 0.4630481181294486 0.4085400318626019
angularVelocity: 0.4273317661224651 0.4621595935108873 0.46390256991536405
acceleration: 0.6908854711837621 0.5191780995319042 0.4732217445464734
accel: 0.2786124
brake: 0.0
steer: 0.5363178420539487
linkid: A219BS010398
trafficlightid: null
turn_signal_lamp: 1.0