position: 0.5516303630972055 0.5279907835224993 0.49610407050917127
orientation: 0.2948319171186076 0.5273856202535687 0.0034124184564993387
enu_velocity: 0.892308578728392 0.049657825708220416 0.5350037010499563
velocity: 0.5673193816656122 0.4668981620935572 0.41494193838676174
angularVelocity: 0.4263355417338743 0.46334728640983974 0.4676636427215842
acceleration: 0.6902078764206006 0.5064413189293757 0.4759666016071343
accel: 0.2781267
brake: 0.0
steer: 0.5375365615859604
linkid: A219BS010398
trafficlightid: null
turn_signal_lamp: 1.0