position: 0.5554316980641448 0.5264547039389464 0.48947412980203575
orientation: 0.29727447392722534 0.525481524285963 0.0022733015740429297
enu_velocity: 0.8981741267775931 0.045830573918167944 0.5538520183244612
velocity: 0.5770987225547133 0.4829092774074302 0.43698337720908365
angularVelocity: 0.4243449059845602 0.4655156740873946 0.48359386751989064
acceleration: 0.6895318802969207 0.518994927171104 0.47018354071755053
accel: 0.27609
brake: 0.0
steer: 0.5444426389340267
linkid: A219BS010398
trafficlightid: null
turn_signal_lamp: 1.0