position: 0.5573543132090865 0.5256744730393645 0.4867948571979084
orientation: 0.2984391016344897 0.5241178362188822 0.0018218965052084757
enu_velocity: 0.9010050476544882 0.04373631318158239 0.5567907489370365
velocity: 0.5819672040118671 0.48767570405732985 0.441252390349137
angularVelocity: 0.4251061749663691 0.4618010797501496 0.48795950788563575
acceleration: 0.689446162770427 0.5055220815813749 0.46283548239711064
accel: 0.2746512
brake: 0.0
steer: 0.5489112772180696
linkid: A219BS010398
trafficlightid: null
turn_signal_lamp: 1.0