position: 0.5632106378438845 0.5232789203554917 0.47795201686241207
orientation: 0.3008515031843239 0.5172215329581468 0.0008073996453973886
enu_velocity: 0.9095612234583056 0.03783952555972794 0.5584595607105944
velocity: 0.5964131077723414 0.5012330090689555 0.44401416464437093
angularVelocity: 0.4217293799635941 0.4577556555310935 0.501392927861522
acceleration: 0.6883742369351189 0.5213706289006713 0.4566120347889589
accel: 0.2714929
brake: 0.0
steer: 0.5550048748781281
linkid: A219BS010398
trafficlightid: null
turn_signal_lamp: 1.0