position: 0.564199745787553 0.5228766137978953 0.4762346841363123
orientation: 0.3013808590465162 0.5157755988353844 0.000683985269409132
enu_velocity: 0.9109791556467812 0.03685849855257142 0.5562477188228956
velocity: 0.5988094576058088 0.5029139803392012 0.4417125407329445
angularVelocity: 0.42404336961556544 0.4561256013499924 0.5030533294449459
acceleration: 0.6880459829615482 0.515465739149007 0.4549057320612772
accel: 0.2707085
brake: 0.0
steer: 0.5580922976925577
linkid: A219BS010398
trafficlightid: null
turn_signal_lamp: 1.0