position: 0.061741414907552285 0.07770612115522901 0.8434271334191634
orientation: 0.9703228397157253 0.514207150874046 0.49770469537446543
enu_velocity: 0.8942791601300243 0.9953897247791157 0.6084093994999319
velocity: 0.9992212423926192 0.5158576516894249 0.7113600552494377
angularVelocity: 0.4128817886705648 0.49508790760854954 0.5253129608143163
acceleration: 0.5848245249566655 0.5264040544579582 0.4459759033232206
accel: 0.0443815
brake: 0.0
steer: 0.5679233019174521
linkid: A219BS010380
trafficlightid: null
turn_signal_lamp: 0.0