position: 0.5681936176906207 0.52123081424409 0.46830342415563875
orientation: 0.3041930720022122 0.5096742813875608 0.00030250770668521776
enu_velocity: 0.916660430469757 0.033095000236010474 0.550232583566261
velocity: 0.6083068603214311 0.5094855554450392 0.43475988381573405
angularVelocity: 0.4214903165569606 0.4581911549970979 0.5099064932731459
acceleration: 0.6864414818017732 0.5178249789642235 0.45906356575537205
accel: 0.2685818
brake: 0.0
steer: 0.5618297042573936
linkid: A219BS010398
trafficlightid: null
turn_signal_lamp: 1.0