position: 0.570213318961603 0.5204018189132844 0.4646914055999791
orientation: 0.30443569163217765 0.5076558676787825 0.0001680781044209323
enu_velocity: 0.9195053295192241 0.03129253424348227 0.5492932906597995
velocity: 0.6130100676768904 0.5126685710419184 0.4342684289051525
angularVelocity: 0.4197564939101006 0.46171821453679696 0.5130392636232465
acceleration: 0.6861152070961323 0.5300731603131769 0.45978529241087157
accel: 0.2675441
brake: 0.0
steer: 0.5622359441013975
linkid: A219BS010398
trafficlightid: null
turn_signal_lamp: 1.0