position: 0.5722481684224638 0.5195606324746729 0.4614939408005556
orientation: 0.3043805531068416 0.5064673266496891 7.403766516878019e-05
enu_velocity: 0.9223360799306001 0.029498650449308772 0.5491044231092733
velocity: 0.617689094658497 0.5153082213501442 0.4353360963865507
angularVelocity: 0.41590682069498636 0.4652609408145055 0.5154625969621989
acceleration: 0.6855559116546147 0.5216764961485043 0.46028449829017953
accel: 0.2668634
brake: 0.0
steer: 0.5649171270718233
linkid: A219BS010398
trafficlightid: null
turn_signal_lamp: 1.0