position: 0.5753289315390383 0.5182927572628522 0.45725936176237925
orientation: 0.30399456174701744 0.505743041085682 9.864381739776995e-07
enu_velocity: 0.9266520964105246 0.027020438505381605 0.5490061742813024
velocity: 0.6246645093094995 0.520305480328866 0.43818533151842654
angularVelocity: 0.4185626311241806 0.4676771565695078 0.5206862296448421
acceleration: 0.6848016583220223 0.5420353425594111 0.4602486956684919
accel: 0.2646005
brake: 0.0
steer: 0.5691420214494638
linkid: A219BS010398
trafficlightid: null
turn_signal_lamp: 1.0