position: 0.0626828353166517 0.07888256305850483 0.845600621246756
orientation: 0.9685362040540295 0.5162122726509486 0.4977260682015682
enu_velocity: 0.8942566586814935 0.9955607557320403 0.5990139390356373
velocity: 0.999389258598565 0.5162559486698494 0.7056787632357544
angularVelocity: 0.39696896165140066 0.4846247601142776 0.5254272246681095
acceleration: 0.59465076198009 0.5274248143604234 0.4349670575486631
accel: 0.03360346
brake: 0.0
steer: 0.5679233019174521
linkid: A219BS010380
trafficlightid: null
turn_signal_lamp: 0.0