position: 0.5784440362906218 0.5170065953893221 0.45316199417873104
orientation: 0.30505327708514723 0.505253912246737 3.693662940323916e-05
enu_velocity: 0.9310018650632452 0.024741047490003276 0.5493805611125663
velocity: 0.631560402937213 0.5254397179371619 0.4416873401528951
angularVelocity: 0.42093529900233745 0.468137363234217 0.5261656579963625
acceleration: 0.6832899543778742 0.5351718182582561 0.46112550605613445
accel: 0.2611091
brake: 0.0
steer: 0.5692232694182646
linkid: A219BS010398
trafficlightid: null
turn_signal_lamp: 1.0