position: 0.5794901220848568 0.5165738110622113 0.45185264657540625
orientation: 0.30522972903921136 0.5051499643505397 6.603655553544252e-05
enu_velocity: 0.9324088874584937 0.023931868787995414 0.5497306572788243
velocity: 0.6338351030548027 0.5263114581049517 0.4431235116179906
angularVelocity: 0.4182025110053469 0.4683801492749742 0.5269109769831196
acceleration: 0.6829106200665795 0.5311580662920018 0.461201090252091
accel: 0.2583143
brake: 0.0
steer: 0.570929476763081
linkid: A219BS010398
trafficlightid: null
turn_signal_lamp: 1.0