position: 0.5805399949265614 0.5161410267350988 0.4505768719875518
orientation: 0.3050643026219673 0.5050840035840465 9.831500467269438e-05
enu_velocity: 0.9337969881811141 0.023107977745951025 0.5499631690323284
velocity: 0.6360945969579078 0.5269254168375204 0.44447876218936355
angularVelocity: 0.41506602902145073 0.4688132277459723 0.527339534855126
acceleration: 0.6820564898292273 0.5289467520208768 0.4606917556961283
accel: 0.2543429
brake: 0.0
steer: 0.570929476763081
linkid: A219BS010398
trafficlightid: null
turn_signal_lamp: 1.0