position: 0.582651015683119 0.5152754580808763 0.4482858786058146
orientation: 0.3046011180494217 0.5053404345271506 0.00018561478306935997
enu_velocity: 0.9365815424367944 0.021653703800953494 0.5508460081353082
velocity: 0.6405058948517017 0.5293050967802231 0.4479590582133399
angularVelocity: 0.4145604700255622 0.4714356711906613 0.529723196329817
acceleration: 0.679040390007133 0.5344749525429201 0.46148028009154457
accel: 0.2488025
brake: 0.0
steer: 0.5708482287942802
linkid: A219BS010398
trafficlightid: null
turn_signal_lamp: 1.0