position: 0.5858452180852621 0.513958818437831 0.4456182835722857
orientation: 0.30310127282613164 0.5068005514619414 0.00035051436448529927
enu_velocity: 0.9405622532405069 0.019521640523996353 0.5525874046528563
velocity: 0.6468446427519836 0.5316970746598368 0.45463625273478614
angularVelocity: 0.41129776458253886 0.4747344738862007 0.5319644067778122
acceleration: 0.6734374631266191 0.5374453852324247 0.46165760270174383
accel: 0.2332787
brake: 0.0
steer: 0.5721481962950927
linkid: A219BS010398
trafficlightid: null
turn_signal_lamp: 1.0