position: 0.5890710079060727 0.512636083240884 0.4436506129264868
orientation: 0.3005206539635811 0.5091615976773827 0.0005537206283238449
enu_velocity: 0.9443063579036082 0.017589419865868428 0.553473277844813
velocity: 0.6527621037263778 0.53373607825311 0.46129696660007546
angularVelocity: 0.40990405104629685 0.477230396769999 0.5338351580890274
acceleration: 0.6671061656479781 0.5404648553702144 0.4597354362304466
accel: 0.2155319
brake: 0.0
steer: 0.5732856678583036
linkid: A219BS010398
trafficlightid: null
turn_signal_lamp: 1.0