position: 0.5901528985127481 0.5121911078059664 0.4431229327050801
orientation: 0.2998589584130917 0.5101695394819552 0.000630333993169141
enu_velocity: 0.9454866611583576 0.01699009634743681 0.5535107371741069
velocity: 0.6546217489731964 0.5342597290355156 0.4634634316911681
angularVelocity: 0.41104809458038544 0.47836807799956194 0.5343432530512222
acceleration: 0.6649128322791193 0.5352195668624687 0.45980763147838133
accel: 0.211017
brake: 0.0
steer: 0.5731231719207021
linkid: A219BS010398
trafficlightid: null
turn_signal_lamp: 1.0