position: 0.5912379736820687 0.5117461323710479 0.4426572895774763
orientation: 0.299274459689069 0.5112936876936238 0.000708755828000035
enu_velocity: 0.9466284392057738 0.016388729448444606 0.5534391219023342
velocity: 0.6564340306011283 0.5345299780099956 0.46563504153735746
angularVelocity: 0.41149222138370745 0.4793310984032475 0.534596289102067
acceleration: 0.6628712935353303 0.5329999625621484 0.45952930835721584
accel: 0.2029505
brake: 0.0
steer: 0.5744231394215146
linkid: A219BS010398
trafficlightid: null
turn_signal_lamp: 1.0