position: 0.5934173334316015 0.5108500859473093 0.4418252626723538
orientation: 0.2983077521123967 0.5136914025361433 0.0008763407133339784
enu_velocity: 0.9488388655928817 0.015349466095310238 0.5538205822901483
velocity: 0.6598661479949885 0.5357410465418876 0.4705713904529041
angularVelocity: 0.4128537747125452 0.47999179378414103 0.5359885922566684
acceleration: 0.6573215632867114 0.5386701553425349 0.45999803914926757
accel: 0.1912759
brake: 0.0
steer: 0.5740981475463114
linkid: A219BS010398
trafficlightid: null
turn_signal_lamp: 1.0