position: 0.5956082264620648 0.5099540395235715 0.44107789815406795
orientation: 0.2973088746139526 0.5161950608464017 0.0010571329097750215
enu_velocity: 0.9509033734955779 0.014397659430170628 0.5539658505206694
velocity: 0.6630606994478009 0.5366289625336047 0.4752963684132965
angularVelocity: 0.41250878687398423 0.4804101853156418 0.5369382360200259
acceleration: 0.6520789012322465 0.5454410823344281 0.45923859832092023
accel: 0.1758195
brake: 0.0
steer: 0.5750731231719208
linkid: A219BS010398
trafficlightid: null
turn_signal_lamp: 1.0