position: 0.597809964219373 0.5090579930998329 0.4404845315980461
orientation: 0.29671703709603475 0.5189351943843475 0.0012532697000334492
enu_velocity: 0.9528195763965941 0.01357969419175209 0.5545445536217777
velocity: 0.6659857768373679 0.5374961534717512 0.4805881414267016
angularVelocity: 0.41440592584716024 0.4818651914837476 0.5378504866119852
acceleration: 0.6467886225589347 0.5367132911124382 0.46022423194844475
accel: 0.1636172
brake: 0.0
steer: 0.5758856028599286
linkid: A219BS010398
trafficlightid: null
turn_signal_lamp: 1.0