position: 0.005471336831802051 0.006979409218915045 0.4257131346394698
orientation: 0.5736248560916289 0.24733156449672966 0.500072421002606
enu_velocity: 0.8883527558904787 0.9884867765692091 0.3779183133481423
velocity: 0.9877644815483114 0.48335423623381024 0.03179336570750413
angularVelocity: 0.7638494100583267 0.7578150672432886 0.5038218676971884
acceleration: 0.6624075662845411 0.4578365248590404 0.37842542572963767
accel: 0.1951021
brake: 0.0
steer: 0.5578485537861554
linkid: A219BS010380
trafficlightid: null
turn_signal_lamp: 0.0