position: 0.6000217720801801 0.5081497555682883 0.4401217970613396
orientation: 0.29636299951987777 0.522045221361624 0.0014566403702343522
enu_velocity: 0.9545990659512342 0.012852863726337427 0.5542549417499799
velocity: 0.6686830102918689 0.5382032839607943 0.4853577653974236
angularVelocity: 0.4157458383551783 0.48356184184911966 0.5386973908768395
acceleration: 0.6415490131446229 0.5418214251301272 0.45778228147924804
accel: 0.1496368
brake: 0.0
steer: 0.5755606109847254
linkid: A219BS010398
trafficlightid: null
turn_signal_lamp: 1.0