position: 0.6011312048502714 0.5076986845794673 0.4399853154549729
orientation: 0.2962545940640186 0.5237479784147578 0.0015628468802988404
enu_velocity: 0.9554299148916803 0.01252694452691755 0.5535947850294101
velocity: 0.6699341576770945 0.5384588746990221 0.48736674866301766
angularVelocity: 0.4153937487258124 0.48437689224259856 0.5389611758531141
acceleration: 0.6390266493201595 0.5377361116310813 0.4573256889098386
accel: 0.1442557
brake: 0.0
steer: 0.5753168670783231
linkid: A219BS010398
trafficlightid: null
turn_signal_lamp: 1.0