position: 0.6033566977235257 0.5067965426018262 0.43966929120065856
orientation: 0.2958933695074053 0.527291365133431 0.0017771231725342007
enu_velocity: 0.9569896743921071 0.011936407544896666 0.5515769183745685
velocity: 0.6722711783458512 0.5388534669281605 0.49079332995581615
angularVelocity: 0.4156869172444578 0.4846611700436195 0.5393554055840271
acceleration: 0.6340647311963837 0.5445853512437653 0.4555473262376936
accel: 0.1300588
brake: 0.0
steer: 0.5759668508287293
linkid: A219BS010398
trafficlightid: null
turn_signal_lamp: 1.0