position: 0.6055902811072835 0.5058883050702807 0.43903724269203037
orientation: 0.29598537076412135 0.5306940996936227 0.0019996745850068276
enu_velocity: 0.9584125500806387 0.011458665169822302 0.5487372534600733
velocity: 0.6743668938404896 0.5392408139570012 0.49314709901211984
angularVelocity: 0.417135687158599 0.48383912160149195 0.5397978964035622
acceleration: 0.6293040056576612 0.5372759175802628 0.45521260917668604
accel: 0.119061
brake: 0.0
steer: 0.5764543386415341
linkid: A219BS010398
trafficlightid: null
turn_signal_lamp: 1.0