position: 0.06550657926769331 0.08242407987613909 0.8487645130307091
orientation: 0.9607836363253963 0.5205344667989635 0.497820930672632
enu_velocity: 0.8939239099880691 0.9960793657183271 0.5744813646793623
velocity: 0.9997090876671533 0.519176126561512 0.6889188079166444
angularVelocity: 0.39810546237756805 0.48727222731899095 0.5280815230632374
acceleration: 0.5898556946202737 0.5368575956184212 0.44334700839857977
accel: 0.02845239
brake: 0.0
steer: 0.5685732856678584
linkid: A219BS010380
trafficlightid: null
turn_signal_lamp: 0.0