position: 0.6100792233977496 0.5040657344532891 0.43719729547464903
orientation: 0.2962033663338142 0.5375742602059943 0.002460450816494042
enu_velocity: 0.9609286211436225 0.010814182941000894 0.5449782865153057
velocity: 0.6779520705080159 0.5403541579693935 0.4995240665539471
angularVelocity: 0.4173067989310021 0.484733355345638 0.5410750155011601
acceleration: 0.6212147909169872 0.541838824525107 0.4563516150460387
accel: 0.09923072
brake: 0.0
steer: 0.576860578485538
linkid: A219BS010398
trafficlightid: null
turn_signal_lamp: 1.0