position: 0.6168588129918003 0.5013288307508503 0.4331802111888643
orientation: 0.29660920100019794 0.5472110533567365 0.0031815919237895285
enu_velocity: 0.963936996625976 0.010181347981375044 0.543765234403122
velocity: 0.6821569627363451 0.5400094411973643 0.5120410813054423
angularVelocity: 0.4155022324339976 0.4830102436088134 0.5404876620878954
acceleration: 0.6128236616913454 0.5346233230450844 0.460330666544531
accel: 0.08193097
brake: 0.0
steer: 0.5755606109847254
linkid: A219BS010398
trafficlightid: null
turn_signal_lamp: 1.0