position: 0.6202664671604157 0.4999573311226788 0.43113006770071527
orientation: 0.2961870549717871 0.5513548932982151 0.0035187893729261843
enu_velocity: 0.9652110559162701 0.00988689684258881 0.5470040974563742
velocity: 0.6839532903031782 0.5391329821975835 0.5211145981117876
angularVelocity: 0.4150883736336789 0.479939663340801 0.5394497561610232
acceleration: 0.611544940420229 0.53272442611149 0.4612437916332901
accel: 0.08098162
brake: 0.0
steer: 0.5748293792655185
linkid: A219BS010398
trafficlightid: null
turn_signal_lamp: 1.0