position: 0.06644758051949323 0.0836005217794149 0.8497505378980956
orientation: 0.9588867814329527 0.5230198442484919 0.4978618130547311
enu_velocity: 0.8938378249008871 0.9962142288353284 0.5671655468963335
velocity: 0.9997918493591027 0.5195761107319595 0.6860379194610389
angularVelocity: 0.39955254166234766 0.4929749844856273 0.528484697010698
acceleration: 0.5900419132821819 0.5314635346119077 0.4371954300250617
accel: 0.02713015
brake: 0.0
steer: 0.5688982775430615
linkid: A219BS010380
trafficlightid: null
turn_signal_lamp: 0.0