position: 0.6214047331328327 0.4995001645799544 0.4303878121195668
orientation: 0.2961130147518141 0.5524549521105592 0.0036266399466139687
enu_velocity: 0.9656271622485697 0.009782071419828675 0.5477188049423694
velocity: 0.6845453355392632 0.5388096600550607 0.5234572928647478
angularVelocity: 0.41614963293835594 0.47838937687610983 0.539111075766141
acceleration: 0.6117971676675926 0.5324822001427548 0.4589337854263149
accel: 0.08284633
brake: 0.0
steer: 0.5746668833279169
linkid: A219BS010398
trafficlightid: null
turn_signal_lamp: 1.0