position: 0.6225442040748993 0.49904299803723173 0.4295163734136751
orientation: 0.29612705487493873 0.5533048517760728 0.003731969622746023
enu_velocity: 0.9660456550981378 0.009657629543686597 0.5478260034351632
velocity: 0.685152586989833 0.5383884490907636 0.5249281696269354
angularVelocity: 0.4167736297009154 0.4761218155203956 0.5386782133659714
acceleration: 0.6124492146493232 0.5310152424223641 0.4584287698309518
accel: 0.08366853
brake: 0.0
steer: 0.5744231394215146
linkid: A219BS010398
trafficlightid: null
turn_signal_lamp: 1.0