position: 0.6248271051450233 0.49812866495178376 0.42738010784236424
orientation: 0.29639124715480797 0.5542449085130225 0.003935011480222239
enu_velocity: 0.9668933801249819 0.009391581394693094 0.5484050296936773
velocity: 0.6863920181114391 0.5375798893309346 0.5273532676606798
angularVelocity: 0.418504574070412 0.47177458145251816 0.5379140976420883
acceleration: 0.6128693218799696 0.5302686871650156 0.4600740479576698
accel: 0.08987856
brake: 0.0
steer: 0.573854403639909
linkid: A219BS010398
trafficlightid: null
turn_signal_lamp: 1.0