position: 0.6259703631345596 0.49767149840905933 0.426162721107501
orientation: 0.29668665449653625 0.5543592975246074 0.004033052474291088
enu_velocity: 0.9673323288368507 0.009237101824309757 0.5492485064293063
velocity: 0.6870436417944396 0.5371413241597308 0.5287074718411857
angularVelocity: 0.41943618926021964 0.46970780565644527 0.5375087025144651
acceleration: 0.6145915894815612 0.5286423899588 0.4604164811969046
accel: 0.09441222
brake: 0.0
steer: 0.5736919077023075
linkid: A219BS010398
trafficlightid: null
turn_signal_lamp: 1.0