position: 0.6271149982322666 0.4972143318663358 0.42485410335233853
orientation: 0.2970585512018196 0.5542320798388262 0.004128024549596432
enu_velocity: 0.9677920743420585 0.009056466982750422 0.5501757168394272
velocity: 0.6877376434522335 0.5366577719657566 0.5298853591605852
angularVelocity: 0.42021565851734866 0.46758292562171316 0.5370503064584085
acceleration: 0.6163497579583699 0.5284792790697247 0.46068035318213635
accel: 0.09737772
brake: 0.0
steer: 0.573529411764706
linkid: A219BS010398
trafficlightid: null
turn_signal_lamp: 1.0