position: 0.6363295732800528 0.4935387128628381 0.4108855393723889
orientation: 0.3008845870222746 0.5452383596173862 0.0047933222958208566
enu_velocity: 0.9726423297590692 0.006706988014142656 0.5549368487592821
velocity: 0.6953295329953784 0.533288245020272 0.5284981064685267
angularVelocity: 0.420681142329955 0.4523182792830872 0.5336698884025539
acceleration: 0.6380814499203344 0.5259780239810921 0.4617938873937336
accel: 0.1646643
brake: 0.0
steer: 0.5712544686382841
linkid: A219BS010398
trafficlightid: null
turn_signal_lamp: 1.0