position: 0.6374902172602452 0.4930815463201137 0.40876314091616406
orientation: 0.3012044070924521 0.5431353479293236 0.004862866187086007
enu_velocity: 0.9734411311819107 0.006236193132974466 0.5560949641124724
velocity: 0.6966300382571281 0.5327034349245507 0.5279022740689518
angularVelocity: 0.419644173008758 0.45025904969224 0.5329922301333034
acceleration: 0.6427516848518251 0.5231735652557098 0.46215042349127805
accel: 0.1736625
brake: 0.0
steer: 0.5711732206694834
linkid: A219BS010398
trafficlightid: null
turn_signal_lamp: 1.0