position: 0.6398189932463088 0.4921550221268598 0.4043658057377746
orientation: 0.30187713107075775 0.5383758385320347 0.004993678849379041
enu_velocity: 0.9752103928054005 0.00521756792350242 0.5583300374270136
velocity: 0.6994960357641888 0.5319455898001147 0.5260980346163538
angularVelocity: 0.42082611035525785 0.4477599827056421 0.5322355315646061
acceleration: 0.6495123236072615 0.5241448811102717 0.4627498061016014
accel: 0.1902412
brake: 0.0
steer: 0.5704419889502763
linkid: A219BS010398
trafficlightid: null
turn_signal_lamp: 1.0