position: 0.6421586139592171 0.4912224023797034 0.4000837865690423
orientation: 0.30288070426980623 0.5334272843663789 0.005113421483275288
enu_velocity: 0.9771443241204107 0.004029342127498392 0.560776069691408
velocity: 0.702673636027084 0.5309019947532807 0.5244061949827302
angularVelocity: 0.42207061934791434 0.44747237079332847 0.5311741624390699
acceleration: 0.6561634174953582 0.5214267672660611 0.4625622768896169
accel: 0.2041625
brake: 0.0
steer: 0.570198245043874
linkid: A219BS010398
trafficlightid: null
turn_signal_lamp: 1.0