position: 0.6433326847440747 0.49075914028307643 0.3980080983952097
orientation: 0.30345417673425984 0.5309147172545952 0.005168771625259361
enu_velocity: 0.9781771747010759 0.003403863337890778 0.5620624785347181
velocity: 0.7043650157857521 0.5305405951169717 0.5236145130925297
angularVelocity: 0.42256324273421436 0.44705644937223704 0.5308508260360788
acceleration: 0.6588302298158444 0.5229188666518961 0.46253818530182556
accel: 0.208994
brake: 0.0
steer: 0.5755606109847254
linkid: A219BS010398
trafficlightid: null
turn_signal_lamp: 1.0