position: 0.06832909328899987 0.08596559669377157 0.8508299833302682
orientation: 0.9565374856326523 0.5284253130267773 0.49795059249038875
enu_velocity: 0.8936538926057 0.9964590258264914 0.5501213815122725
velocity: 0.9999237196453719 0.5202150045430463 0.6786859772287908
angularVelocity: 0.41224862884986335 0.49160258899119474 0.5292961823763435
acceleration: 0.5889373736789338 0.5311069835709206 0.43575670947300826
accel: 0.02507581
brake: 0.0
steer: 0.5691420214494638
linkid: A219BS010380
trafficlightid: null
turn_signal_lamp: 0.0