position: 0.6445098540223165 0.49028978263254697 0.3959404385511638
orientation: 0.304446720782743 0.5283421760909432 0.005231136438702821
enu_velocity: 0.9793423065246188 0.002980270547673025 0.5629029750409378
velocity: 0.7061050055743303 0.5322604883593605 0.5223259699389343
angularVelocity: 0.4296511221839259 0.44656477192348465 0.5332771163211227
acceleration: 0.6605952419921484 0.5748482846405998 0.4617668569153067
accel: 0.2131332
brake: 0.0
steer: 0.5755606109847254
linkid: A219BS010398
trafficlightid: null
turn_signal_lamp: 1.0