position: 0.6492496882076481 0.4884123520304282 0.3882325121081811
orientation: 0.3134457921224834 0.5181887437221456 0.005649934245675364
enu_velocity: 0.9844003594095005 0.001570337960841106 0.5679856036966334
velocity: 0.7134057335024236 0.5405447132739808 0.5190117012658713
angularVelocity: 0.4417602282120141 0.44830545406831485 0.543634846310694
acceleration: 0.6656953282425547 0.5817595422025854 0.4635323859227775
accel: 0.2245596
brake: 0.0
steer: 0.5803542411439715
linkid: A219BS010398
trafficlightid: null
turn_signal_lamp: 1.0