position: 0.6516396594380509 0.48746754117546587 0.3850357771569204
orientation: 0.3186842230603059 0.513732489928778 0.005956332902935735
enu_velocity: 0.9870609852327425 0.0008999047988997311 0.5690161679240782
velocity: 0.7172062899947824 0.5439961210529691 0.5166203493375909
angularVelocity: 0.4373034997175272 0.4504502018212852 0.5473639301561797
acceleration: 0.6675982421055757 0.560336606178964 0.4595258335325196
accel: 0.2269673
brake: 0.0
steer: 0.5846603834904128
linkid: A219BS010398
trafficlightid: null
turn_signal_lamp: 1.0