position: 0.6528398952781534 0.4869981835249364 0.3835169631309898
orientation: 0.32140821003896985 0.5116639018498093 0.006138933569362404
enu_velocity: 0.9885217042665303 0.0008216433234277121 0.568636581849218
velocity: 0.7191225223020605 0.54782646641105 0.5147216731092371
angularVelocity: 0.44146914544040705 0.45143013298084966 0.5519161397396003
acceleration: 0.6679168281165667 0.592769492692561 0.4586665714071705
accel: 0.2279369
brake: 0.0
steer: 0.5844166395840105
linkid: A219BS010398
trafficlightid: null
turn_signal_lamp: 1.0