position: 0.6540439181657257 0.4865227303205035 0.3820361012095046
orientation: 0.3239557414498245 0.509690210324688 0.006338961310195956
enu_velocity: 0.989926851541068 0.0006077013787301744 0.5684219801972732
velocity: 0.7210484766153207 0.550050801203258 0.5130988080736031
angularVelocity: 0.43798307534660774 0.4522735663411068 0.5542395636015602
acceleration: 0.6681023464221306 0.5793485752442513 0.4596723995708075
accel: 0.2262824
brake: 0.0
steer: 0.5883977900552487
linkid: A219BS010398
trafficlightid: null
turn_signal_lamp: 1.0