position: 0.6552514698929857 0.48604727711607154 0.3806450106119921
orientation: 0.3258415744191934 0.5078648325273599 0.006547702588232923
enu_velocity: 0.9912943259358684 0.00031468060633643713 0.5687279213923201
velocity: 0.7229739323641714 0.5513285782252846 0.5121596722703804
angularVelocity: 0.4313282341605815 0.45375313738080103 0.5553087544543833
acceleration: 0.6677999751830253 0.5707968646719861 0.460484630699289
accel: 0.2229578
brake: 0.0
steer: 0.5880727981800455
linkid: A219BS010398
trafficlightid: null
turn_signal_lamp: 1.0