position: 0.6576776762821323 0.4850902751533033 0.37822702365000005
orientation: 0.3294367920176125 0.5048360181847882 0.0070233301944505055
enu_velocity: 0.9941574647958871 0.00017450469987750905 0.5689722795577268
velocity: 0.7267281223664621 0.5568921182432235 0.5105839820230049
angularVelocity: 0.42926409045861574 0.4577731757481764 0.5612861386756153
acceleration: 0.6652315705414896 0.5864665695328308 0.4599143205238732
accel: 0.2032794
brake: 0.0
steer: 0.591241468963276
linkid: A219BS010398
trafficlightid: null
turn_signal_lamp: 1.0