position: 0.665030401083013 0.4822314603728044 0.37695562815111927
orientation: 0.333043053221578 0.5070424076057503 0.008724552429709542
enu_velocity: 1.0 0.0013694736517315675 0.5653991146564271
velocity: 0.7335459906641147 0.5671513289315635 0.5133820312016316
angularVelocity: 0.4179306237236609 0.4913207741304512 0.5716079827231847
acceleration: 0.5903329752888399 0.5957998719748222 0.4537192933240269
accel: 0.0007570956
brake: 0.0
steer: 0.5922976925576862
linkid: A219BS010398
trafficlightid: null
turn_signal_lamp: 1.0