position: 0.666260933302873 0.4817560071683715 0.3784678735435878
orientation: 0.3331202428205542 0.5109006670055336 0.009040103041139558
enu_velocity: 0.9997628824628313 0.0023039115821058 0.5637863527395939
velocity: 0.732701173272497 0.5678643654690326 0.5161847891391603
angularVelocity: 0.4142830063826996 0.5075407559254865 0.5720664481911214
acceleration: 0.5434249023878345 0.5861256089021074 0.4513431938839269
accel: 0.0
brake: 0.05713274
steer: 0.6096035099122523
linkid: A219BS010398
trafficlightid: null
turn_signal_lamp: 1.0