position: 0.667489055583434 0.48128055396393865 0.3811836385558349
orientation: 0.33389221108522144 0.5171407479459154 0.009381794264179844
enu_velocity: 0.9989831731781369 0.004367112934169859 0.5614233180689334
velocity: 0.7305032520739448 0.5740597095665794 0.5204209281661389
angularVelocity: 0.43128557445634985 0.530556305431841 0.5801412908567002
acceleration: 0.4772375053002511 0.7370185783804386 0.44686182299958643
accel: 0.0
brake: 0.08318175
steer: 0.6096035099122523
linkid: A219BS010398
trafficlightid: null
turn_signal_lamp: 1.0