position: 0.07020939885105629 0.08832457605422572 0.8514043738340678
orientation: 0.957971419755955 0.5348745726269732 0.4980507707671678
enu_velocity: 0.8932478437390317 0.9961040906231107 0.5427873600930406
velocity: 0.999253649079226 0.5201556984887195 0.6822083032859289
angularVelocity: 0.42808751569665215 0.5069733116938755 0.5300100488570392
acceleration: 0.5650368258023457 0.5274542491041 0.4499911165351243
accel: 0.03893427
brake: 0.0
steer: 0.5693857653558662
linkid: A219BS010380
trafficlightid: null
turn_signal_lamp: 0.0