position: 0.6747262754364898 0.47851926804588807 0.41977144074946615
orientation: 0.36345900758893734 0.6019551042016187 0.01263117641136971
enu_velocity: 0.9856217448543705 0.025392885888842975 0.5348441600340105
velocity: 0.7012385183748139 0.6166826522768497 0.5789700723492085
angularVelocity: 0.46371507769818904 0.6257944774927771 0.6311277179585093
acceleration: 0.32064711403704427 0.7985828238819125 0.43100233823100736
accel: 0.0
brake: 0.166908
steer: 0.6408027299317518
linkid: A219BS010398
trafficlightid: null
turn_signal_lamp: 1.0