position: 0.6759024118836036 0.4780803881648721 0.4271918070164684
orientation: 0.3671424620056243 0.6186534054285817 0.013369196571864278
enu_velocity: 0.9825250682330857 0.030116773068898095 0.5429274578050682
velocity: 0.6945624916516169 0.626263206236985 0.6017319512835292
angularVelocity: 0.42954848721184236 0.6125777735234996 0.6405308461932888
acceleration: 0.3006836086926402 0.7621651537069304 0.47430977020515147
accel: 0.0
brake: 0.1672264
steer: 0.6406402339941503
linkid: A219BS010398
trafficlightid: null
turn_signal_lamp: 1.0