position: 0.6770689085735218 0.4776415082838579 0.4338779460321076
orientation: 0.3636134229243424 0.6326940329845168 0.014149195156873517
enu_velocity: 0.979320657403684 0.03469598890526093 0.5605095905039119
velocity: 0.6878363592052819 0.6337653364248073 0.6303922483364565
angularVelocity: 0.3545267748643959 0.5868696244177405 0.6464759737222486
acceleration: 0.3022394655367584 0.7497393159429399 0.4911097445057615
accel: 0.0
brake: 0.1679702
steer: 0.6403964900877479
linkid: A219BS010398
trafficlightid: null
turn_signal_lamp: 1.0