position: 0.6782262819218086 0.4772148195106487 0.4394685829560019
orientation: 0.3492104797745543 0.6428796439444238 0.0149337423179072
enu_velocity: 0.9760267521767169 0.038319106977306866 0.584335304713197
velocity: 0.6815402385619981 0.633613029983045 0.6610570814937926
angularVelocity: 0.23974248884356747 0.5497550145213095 0.6432397935532029
acceleration: 0.32949794346449535 0.580029591246171 0.5071256806720391
accel: 0.0
brake: 0.1721212
steer: 0.6399090022749432
linkid: A219BS010398
trafficlightid: null
turn_signal_lamp: 1.0