position: 0.07114897875508544 0.08950101795750154 0.8522320216502159
orientation: 0.9593937898943925 0.5394490283989786 0.49810338080311306
enu_velocity: 0.8931878398762829 0.9962111637644875 0.5396984869590726
velocity: 0.9993224509677142 0.5200067575935476 0.6870908502710588
angularVelocity: 0.43098731224738573 0.5111501285783887 0.5301323476317509
acceleration: 0.5935449914244411 0.5281029657529581 0.44997995574806776
accel: 0.03649309
brake: 0.0
steer: 0.5693857653558662
linkid: A219BS010380
trafficlightid: null
turn_signal_lamp: 0.0