position: 0.6805146914246158 0.4763736330720372 0.44801291539308163
orientation: 0.30554954910938886 0.6555686281329403 0.01657122968670338
enu_velocity: 0.970001307470532 0.046838573548724755 0.6005349511789949
velocity: 0.6690110656732112 0.645288844281901 0.6828043972832204
angularVelocity: 0.19136623889663867 0.5150943822375759 0.652777283355854
acceleration: 0.30183173634324156 0.7110285773555007 0.4594334175083774
accel: 0.0
brake: 0.187048
steer: 0.654046148846279
linkid: A219BS010398
trafficlightid: null
turn_signal_lamp: 1.0