position: 0.6827646279679016 0.47556292440294 0.4549377147578215
orientation: 0.261615451825487 0.6635480634831218 0.018264396010208295
enu_velocity: 0.9631811525139659 0.05582597426852598 0.6077431117652455
velocity: 0.6552354817610874 0.6569409142520563 0.6892427530892509
angularVelocity: 0.2255179847392013 0.49855950976374774 0.6611923830575912
acceleration: 0.2880324325887987 0.7719144919468727 0.44798522189658
accel: 0.0
brake: 0.1857551
steer: 0.6534774130646734
linkid: A219BS010398
trafficlightid: null
turn_signal_lamp: 1.0