position: 0.6838743189457749 0.4751667133992461 0.45795928615010917
orientation: 0.2442913485275903 0.6665082800539488 0.019164520843959226
enu_velocity: 0.9596842228536644 0.060301590710465064 0.6086085901342557
velocity: 0.648264554189769 0.6618638697355034 0.6883781726353092
angularVelocity: 0.25077457216941024 0.49266845418052746 0.6650144986543515
acceleration: 0.28951855830123996 0.7268310331558206 0.4446697572727604
accel: 0.0
brake: 0.1846785
steer: 0.652908677283068
linkid: A219BS010398
trafficlightid: null
turn_signal_lamp: 1.0