position: 0.6860632323832426 0.4743925780535676 0.46294998788452046
orientation: 0.2171383531772518 0.6707071763888535 0.021010694688671616
enu_velocity: 0.952678090015681 0.06904766818605637 0.6054869973129462
velocity: 0.6344535722045825 0.6703061446047285 0.6797926227699883
angularVelocity: 0.3066784832224161 0.4829374703559863 0.6735325262582662
acceleration: 0.2873841462161345 0.8263974598724535 0.4360672808757258
accel: 0.0
brake: 0.1860683
steer: 0.6516087097822555
linkid: A219BS010398
trafficlightid: null
turn_signal_lamp: 1.0