position: 0.6882106604370655 0.4736489204774026 0.4665474094769322
orientation: 0.20236745848402948 0.6733210187563768 0.02297529591638159
enu_velocity: 0.9452669311041444 0.07694921647594094 0.5992566122942362
velocity: 0.6206109313794033 0.6699219952868214 0.6657302631062636
angularVelocity: 0.3322361709769428 0.47394454046445966 0.6717618291973934
acceleration: 0.2984702542674158 0.5939256932293339 0.43636366672407684
accel: 0.0
brake: 0.1846352
steer: 0.6712707182320443
linkid: A219BS010398
trafficlightid: null
turn_signal_lamp: 1.0