position: 0.6892694844818802 0.47328318724322394 0.4675991206789343
orientation: 0.19455161407571125 0.6736445864277757 0.02389010771850056
enu_velocity: 0.9414069098880058 0.08013153649344865 0.5958881720978355
velocity: 0.6139005037119623 0.6644452351368717 0.6574348251088464
angularVelocity: 0.3332445051677032 0.46835499501855093 0.6650421642465553
acceleration: 0.2983696922314495 0.6070286497762628 0.4350478770411415
accel: 0.0
brake: 0.1877026
steer: 0.6709457263568411
linkid: A219BS010398
trafficlightid: null
turn_signal_lamp: 1.0