position: 0.07208849703352396 0.09068355541467987 0.8527188303745288
orientation: 0.961511444622859 0.543656584088966 0.49815801851752706
enu_velocity: 0.8931303929963219 0.9964163191727742 0.5364293099458334
velocity: 0.9994976963575954 0.5202021995657826 0.6911823257606607
angularVelocity: 0.4384812334403428 0.5054122305957411 0.5305764716136645
acceleration: 0.5930411763855066 0.5324527255062856 0.44843025867803676
accel: 0.03044245
brake: 0.0
steer: 0.5695482612934677
linkid: A219BS010380
trafficlightid: null
turn_signal_lamp: 0.0