position: 0.6933987433319885 0.471893400953344 0.4691573465056331
orientation: 0.19337306333066903 0.6735195068543605 0.027834380757134042
enu_velocity: 0.9267600010841607 0.09668246949079573 0.5801704314205227
velocity: 0.586158136436735 0.6751354301248044 0.6195696891957526
angularVelocity: 0.42440865648132603 0.4636809879294416 0.6800921472456026
acceleration: 0.2939114673455048 0.668463519882261 0.43621756505595427
accel: 0.0
brake: 0.1855466
steer: 0.6689145271368216
linkid: A219BS010398
trafficlightid: null
turn_signal_lamp: 1.0