position: 0.6944048929892707 0.4715581454886806 0.46896101734995055
orientation: 0.19598818623306152 0.6731050694074034 0.028828765238620213
enu_velocity: 0.9229604951273284 0.10031218768205247 0.5773427139225725
velocity: 0.5793223198203463 0.6739016083779319 0.610678070001805
angularVelocity: 0.4283865237715111 0.4625458987025288 0.678744366854082
acceleration: 0.2936847650418653 0.6563364024188535 0.43678614815602906
accel: 0.0
brake: 0.1862826
steer: 0.6681832954176147
linkid: A219BS010398
trafficlightid: null
turn_signal_lamp: 1.0