position: 0.6954006282660111 0.4712350811318222 0.46859536342059416
orientation: 0.19849471609007793 0.6725684032035193 0.02980983280475774
enu_velocity: 0.919101496704305 0.10384619392784947 0.5755363892294509
velocity: 0.5724598300080581 0.6721352175918622 0.6026401313569335
angularVelocity: 0.4252590354003254 0.46133416793667625 0.6764334470465194
acceleration: 0.2926789924308227 0.6464609722671443 0.4412392990109711
accel: 0.0
brake: 0.1866801
steer: 0.6929639259018525
linkid: A219BS010398
trafficlightid: null
turn_signal_lamp: 1.0