position: 0.6963856909544279 0.47091201677496475 0.46811220393709263
orientation: 0.20144844692430885 0.67187494209279 0.03080427208836467
enu_velocity: 0.915446886438769 0.10810954399715075 0.5748138353021099
velocity: 0.5655033608046104 0.6771250600012473 0.595579260184217
angularVelocity: 0.4399950619852808 0.46060733884501365 0.682977797420238
acceleration: 0.28484345132561467 0.8157094135329855 0.44162987248745134
accel: 0.0
brake: 0.1871391
steer: 0.6929639259018525
linkid: A219BS010398
trafficlightid: null
turn_signal_lamp: 1.0