position: 0.6983231960814662 0.4702902702768599 0.46780274831624036
orientation: 0.21079106257192706 0.6712848230797541 0.03296369485543446
enu_velocity: 0.9081380068387357 0.11708262061922198 0.5860975251349138
velocity: 0.5514027128976005 0.6894499742858107 0.5943642259890355
angularVelocity: 0.42203867333789524 0.4732905527418763 0.6953222044935465
acceleration: 0.2834693826282699 0.735135485130115 0.4990651687866278
accel: 0.0
brake: 0.1826693
steer: 0.6923139421514464
linkid: A219BS010663
trafficlightid: null
turn_signal_lamp: 1.0