position: 0.699275810658609 0.46999158813561337 0.47105714127232945
orientation: 0.20828182240595786 0.6747357364385946 0.03410330495697786
enu_velocity: 0.9044919198491584 0.1218259812160199 0.6153210990726998
velocity: 0.5442423308507348 0.6974070981055948 0.6203854380758965
angularVelocity: 0.3547155363100905 0.5039688472113028 0.7008212119532413
acceleration: 0.2837332342684359 0.6887909537875752 0.5180635541461179
accel: 0.0
brake: 0.1770988
steer: 0.6917452063698408
linkid: A219BS010663
trafficlightid: null
turn_signal_lamp: 1.0