position: 0.7011515180564831 0.4694125105148297 0.48589057532470914
orientation: 0.17882842522882775 0.6894708941614422 0.036313419685765735
enu_velocity: 0.8971716190593406 0.1293851610929716 0.6696779251714664
velocity: 0.5308608621041901 0.699720986470856 0.6768430213141099
angularVelocity: 0.23523420762841038 0.5390640253335097 0.6947338892299435
acceleration: 0.30721191945597537 0.6877092453695208 0.4797395455883483
accel: 0.0
brake: 0.1822979
steer: 0.6901202469938252
linkid: A219BS010663
trafficlightid: null
turn_signal_lamp: 1.0