position: 0.702074783015736 0.4691321150352925 0.494154646067432
orientation: 0.16234132676923002 0.6967868019740192 0.03739263785021363
enu_velocity: 0.8934968938625424 0.13294816290892392 0.6720911928655462
velocity: 0.5242813075941996 0.6999162058400095 0.6808612494430148
angularVelocity: 0.2534145166922875 0.5262283780193874 0.6917777364171114
acceleration: 0.30284816655082875 0.6689722603931466 0.44532743742254205
accel: 0.0
brake: 0.1861181
steer: 0.7166070848228795
linkid: A219BS010663
trafficlightid: null
turn_signal_lamp: 1.0