position: 0.7047802841557705 0.4683214063661971 0.513388334690851
orientation: 0.13358520174202757 0.709988576778332 0.040798041635253635
enu_velocity: 0.8824113506852458 0.14569671205764134 0.6585770194510238
velocity: 0.5035644606931129 0.7168577137002833 0.6631283250159792
angularVelocity: 0.3464783846151198 0.4862487376086678 0.7082510595971393
acceleration: 0.294766587216822 0.7146819899997975 0.4250758617048397
accel: 0.0
brake: 0.1821969
steer: 0.7156321091972702
linkid: A219BS010663
trafficlightid: null
turn_signal_lamp: 1.0