position: 0.7065306747101031 0.467815475392249 0.5203284608670011
orientation: 0.1252150088092268 0.711111442122581 0.043184728797182784
enu_velocity: 0.8750953115334072 0.15354846316326348 0.6398840511227835
velocity: 0.4902410747002558 0.7238518671893481 0.6348120289606112
angularVelocity: 0.37787910929077334 0.4587742982323116 0.7157697544475413
acceleration: 0.2998705102019843 0.8175547620640409 0.41834791726005066
accel: 0.0
brake: 0.1619868
steer: 0.7140071498212546
linkid: A219BS010663
trafficlightid: null
turn_signal_lamp: 1.0