position: 0.7082423340971321 0.4673278310800102 0.5217261200979748
orientation: 0.11822967533895665 0.7055380958883528 0.04555760582467627
enu_velocity: 0.8682277671625112 0.1593057696280496 0.6179970668079463
velocity: 0.4785283010317546 0.7173946111327334 0.5986893954389566
angularVelocity: 0.3647762727436505 0.427086140888071 0.7063669236922479
acceleration: 0.34824907107627256 0.6345890459301067 0.4174838547876326
accel: 0.0
brake: 0.1419823
steer: 0.711650958726032
linkid: A219BS010663
trafficlightid: null
turn_signal_lamp: 1.0