position: 0.7090854685746971 0.4670962000316967 0.5202532865062754
orientation: 0.11452956155657304 0.7001885387484401 0.046708066746133384
enu_velocity: 0.8651162600410583 0.16197029701149468 0.6065818366507536
velocity: 0.47321036375958553 0.7145406982917333 0.5786710661589345
angularVelocity: 0.3666775040343695 0.4132418352812789 0.7027833866433097
acceleration: 0.35920492807264215 0.6297956813903804 0.4185303256777459
accel: 0.0
brake: 0.1328194
steer: 0.7103509912252195
linkid: A219BS010663
trafficlightid: null
turn_signal_lamp: 1.0