position: 0.006392957868175966 0.008149755568288342 0.4327145680612605
orientation: 0.6039415770138625 0.2785348556503325 0.4999601314571353
enu_velocity: 0.8891155890887749 0.989472707689711 0.3493858483267897
velocity: 0.9893658704310946 0.48310926684261735 0.05728615040647926
angularVelocity: 0.6737753168878191 0.736579646361929 0.5030758982219551
acceleration: 0.6508064831682294 0.4869260271013222 0.4012330141106509
accel: 0.1710328
brake: 0.0
steer: 0.5583360415989601
linkid: A219BS010380
trafficlightid: null
turn_signal_lamp: 0.0