position: 0.07396710668686805 0.0930425347751358 0.852529069852308
orientation: 0.9661764283924448 0.5502324555764393 0.4982727193563119
enu_velocity: 0.8929713486669342 0.9966756241659176 0.5377021820844766
velocity: 0.9996534977355124 0.5202638659194505 0.7037542760326787
angularVelocity: 0.4318524707859629 0.4978482613685129 0.5310636111292628
acceleration: 0.5889177568499798 0.5331560968155118 0.46961246083268254
accel: 0.02912833
brake: 0.0
steer: 0.5695482612934677
linkid: A219BS010380
trafficlightid: null
turn_signal_lamp: 0.0