position: 0.7140029497140603 0.4657673692808464 0.4895763085447702
orientation: 0.11678338220682893 0.6431796923797959 0.05405686673587444
enu_velocity: 0.8533497071146683 0.17858214318335403 0.5644762130117175
velocity: 0.4506052041581434 0.7288581398261823 0.47487772486721735
angularVelocity: 0.43163475444373517 0.3596840338014354 0.7295386916197747
acceleration: 0.47665080461047626 0.7153771986298973 0.44713434785492
accel: 0.0
brake: 0.03479016
steer: 0.7555248618784531
linkid: A219BS010663
trafficlightid: null
turn_signal_lamp: 1.0