position: 0.7156097767415881 0.46535896716934655 0.47496255878926963
orientation: 0.1279183432336703 0.6189124733769374 0.056813194202439785
enu_velocity: 0.8519793348060418 0.18411093840004533 0.5614819172785264
velocity: 0.44668449364313495 0.741182930442367 0.4504194719388489
angularVelocity: 0.45863263274213584 0.3553117949743829 0.7440237610747893
acceleration: 0.5069372579678856 0.7434371752956823 0.4540398582271524
accel: 0.0
brake: 0.01607218
steer: 0.7228631784205396
linkid: A219BS010663
trafficlightid: null
turn_signal_lamp: 1.0