position: 0.7172116117519968 0.46495666061174923 0.4602816630028288
orientation: 0.13433371679988976 0.5943530456840491 0.059509458544634325
enu_velocity: 0.8508358521034337 0.18638366799479594 0.565584221013813
velocity: 0.4444464380096313 0.7287924189163859 0.43335458088121803
angularVelocity: 0.41013616833772504 0.35626133553026174 0.7268123912898402
acceleration: 0.5398475050185861 0.6033300048423713 0.46532086149571406
accel: 0.008113001
brake: 0.0
steer: 0.7430939226519337
linkid: A219BS010663
trafficlightid: null
turn_signal_lamp: 1.0