position: 0.07490602506255967 0.09422507223231413 0.8526290590505552
orientation: 0.9668601489976085 0.5532460536860059 0.4983309192085763
enu_velocity: 0.8928578186311653 0.9967963879570505 0.5451644969938282
velocity: 0.9996948785814872 0.5205725298257212 0.7161384863432911
angularVelocity: 0.4208273527000919 0.49614614377763416 0.5311242592636847
acceleration: 0.5883490636920807 0.5358667353641016 0.4763380500301603
accel: 0.02853518
brake: 0.0
steer: 0.5697107572310693
linkid: A219BS010380
trafficlightid: null
turn_signal_lamp: 0.0