position: 0.7180117976684853 0.4647616028868544 0.4535364062860361
orientation: 0.13404458104080344 0.5826426042550715 0.06077884006817602
enu_velocity: 0.8504134385469246 0.1875018671389873 0.5714814406213526
velocity: 0.44353207088291136 0.7238308435649777 0.42942573197221134
angularVelocity: 0.3959838717018862 0.36229625622322625 0.7209988488535487
acceleration: 0.5533568688590358 0.611240285337803 0.47543978001576637
accel: 0.02204539
brake: 0.0
steer: 0.7400877478063049
linkid: A219BS010663
trafficlightid: null
turn_signal_lamp: 1.0