position: 0.7188116393079312 0.46456654516195783 0.44767572554205826
orientation: 0.13502708610492536 0.5719406391587583 0.062083020938410685
enu_velocity: 0.850481965685632 0.1898120723332198 0.5787222176641069
velocity: 0.4428303414767727 0.7299745119471603 0.42810440190478016
angularVelocity: 0.417004144336908 0.371620439034341 0.7298008702068245
acceleration: 0.558303919635632 0.7488707270983149 0.47539269097262815
accel: 0.02637524
brake: 0.0
steer: 0.7369190770230745
linkid: A219BS010663
trafficlightid: null
turn_signal_lamp: 1.0