position: 0.7196116530858985 0.46437758299096554 0.442696701378245
orientation: 0.13784045907285314 0.5622770839682338 0.06343416722615065
enu_velocity: 0.8507712456716674 0.19207190819663292 0.5856067370060651
velocity: 0.4424736186418937 0.7360185389499743 0.42736294677620046
angularVelocity: 0.4317502221341633 0.3801285891439185 0.7371432588818201
acceleration: 0.5745842205148076 0.7537701757799194 0.47502367572204396
accel: 0.02757081
brake: 0.0
steer: 0.733425414364641
linkid: A219BS010663
trafficlightid: null
turn_signal_lamp: 1.0