position: 0.7212140045118712 0.46400575420288437 0.43530844843038885
orientation: 0.14240169221572524 0.5461284914305881 0.06617679416252192
enu_velocity: 0.8512076374007487 0.1954631638764646 0.5974334120700369
velocity: 0.44204086473459114 0.7380486437200579 0.4262541212540297
angularVelocity: 0.4132053338208874 0.3995101365945961 0.7372749431343171
acceleration: 0.5817795331515959 0.6673481020543561 0.4716732815560599
accel: 0.03129575
brake: 0.0
steer: 0.7629996750081249
linkid: A219BS010663
trafficlightid: null
turn_signal_lamp: 1.0