position: 0.7236235134644471 0.46346324990551935 0.4306374201911032
orientation: 0.14939916787010404 0.5306926742853786 0.0704208896039226
enu_velocity: 0.8522263393433225 0.2018540000502672 0.6089089469897977
velocity: 0.4415106414852636 0.7518148776239559 0.42558948865494306
angularVelocity: 0.4448539690201732 0.42822325209215484 0.7536723098855704
acceleration: 0.5789605638477577 0.7512099790900393 0.46103025928235414
accel: 0.04126742
brake: 0.0
steer: 0.7520311992200196
linkid: A219BS010663
trafficlightid: null
turn_signal_lamp: 1.0