position: 0.725235074301312 0.46311580333304914 0.43001777910123584
orientation: 0.1612754526017195 0.5240916443423977 0.0734158803064688
enu_velocity: 0.8530423577836006 0.20576321183460636 0.6116097439857265
velocity: 0.4415649850058811 0.75695011871281 0.42279143947631626
angularVelocity: 0.45685701291801484 0.43779788760746685 0.7590208918851462
acceleration: 0.5844170043475382 0.6920199684908311 0.4628487805591749
accel: 0.04759612
brake: 0.0
steer: 0.7820929476763082
linkid: A219BS010663
trafficlightid: null
turn_signal_lamp: 1.0