position: 0.7260430064512612 0.4629451278237653 0.43030460942905435
orientation: 0.16579003229315048 0.5216094027910063 0.0749024974367678
enu_velocity: 0.853406813063591 0.20717637296272406 0.6144142026961741
velocity: 0.4417369897271016 0.7550074651533426 0.4234307842961146
angularVelocity: 0.440486166865118 0.44330334425702916 0.7558964648430313
acceleration: 0.588196500958803 0.6651844704109019 0.46500173423173063
accel: 0.05102085
brake: 0.0
steer: 0.7781930451738708
linkid: A219BS010663
trafficlightid: null
turn_signal_lamp: 1.0