position: 0.7284735163034417 0.4624513879576231 0.4337239480698436
orientation: 0.18299102613091978 0.5180954863877788 0.07955618392885062
enu_velocity: 0.8548063349759959 0.2139400647874241 0.6164783167664295
velocity: 0.44191647291446207 0.7690952368417286 0.4223164652218915
angularVelocity: 0.45328305304712996 0.4584069974750381 0.7720628883532714
acceleration: 0.589922785713035 0.7455826403750659 0.45488442351386044
accel: 0.07086585
brake: 0.0
steer: 0.7660870978225546
linkid: A219BS010663
trafficlightid: null
turn_signal_lamp: 1.0