position: 0.7292867847475527 0.46229290355614605 0.43516393849423585
orientation: 0.18782524159151942 0.517636718744432 0.08115169287313216
enu_velocity: 0.8553605183788252 0.216027561934354 0.6141538634993889
velocity: 0.4421946718548708 0.772202316520735 0.41966238198673
angularVelocity: 0.444521068034062 0.46093673111539646 0.774678129675076
acceleration: 0.5911507996623064 0.7445152013021008 0.4523706589937449
accel: 0.07667483
brake: 0.0
steer: 0.7970425739356517
linkid: A219BS010663
trafficlightid: null
turn_signal_lamp: 1.0