position: 0.7301016885076166 0.46213441915466813 0.43657546484029464
orientation: 0.19204378327039753 0.5172821128085188 0.08275706619915343
enu_velocity: 0.8559056671091383 0.2179460715089201 0.6125639918988028
velocity: 0.4425302057023532 0.7737596547461538 0.41782343723703974
angularVelocity: 0.4395664568424781 0.4612758209890552 0.775441263716655
acceleration: 0.5952665883587073 0.7155510391458769 0.4551744322239817
accel: 0.08469221
brake: 0.0
steer: 0.7928989275268119
linkid: A219BS010663
trafficlightid: null
turn_signal_lamp: 1.0