position: 0.7325562977527859 0.4616833481658471 0.43960433471420624
orientation: 0.21005982121645747 0.5151946737055226 0.08773704451833841
enu_velocity: 0.8576687919739379 0.2246610695748604 0.6050398551823946
velocity: 0.4435333172939347 0.7850666546060552 0.4086428397652945
angularVelocity: 0.45577851378379297 0.45310903009985487 0.7881419520544378
acceleration: 0.600090825560266 0.7436961715807427 0.4539906461217856
accel: 0.1047795
brake: 0.0
steer: 0.779574260643484
linkid: A219BS010663
trafficlightid: null
turn_signal_lamp: 1.0