position: 0.7358579145922505 0.46112865276067616 0.4409742597150088
orientation: 0.2202689045675644 0.5078193976395808 0.09459048813838238
enu_velocity: 0.860380046056374 0.23346141923814193 0.6100296927796403
velocity: 0.44569858252367545 0.7972297929844342 0.4086580124328675
angularVelocity: 0.40532449182626606 0.44694776092916305 0.7974475070177889
acceleration: 0.6067946745512581 0.7612641903266729 0.46368510168513893
accel: 0.1334066
brake: 0.0
steer: 0.7915989600259995
linkid: A219BS010663
trafficlightid: null
turn_signal_lamp: 1.0