position: 0.7366889133040605 0.460994550574811 0.4412070812788107
orientation: 0.21933363115412685 0.5054423512166001 0.09633900460387136
enu_velocity: 0.8611670853583926 0.23554766992292986 0.6114003649165239
velocity: 0.44647484730900966 0.7991065489649929 0.4086928921284375
angularVelocity: 0.3874673836669139 0.4436288359757062 0.7983159487974341
acceleration: 0.6123620355095891 0.7466023615305821 0.46035855419939326
accel: 0.1355933
brake: 0.0
steer: 0.7867240818979526
linkid: A219BS010663
trafficlightid: null
turn_signal_lamp: 1.0