position: 0.7383590873074445 0.4607446328647882 0.44103191771983763
orientation: 0.2094644928206084 0.4998586351373964 0.09982820083157834
enu_velocity: 0.8628371360497241 0.23944096377270174 0.6076121612031222
velocity: 0.44828812606576013 0.800610003111143 0.4023936191084925
angularVelocity: 0.3387804748373534 0.43941929102453653 0.796920075889
acceleration: 0.6175331774786715 0.734905948138142 0.45367730281085494
accel: 0.140293
brake: 0.0
steer: 0.8527786805329868
linkid: A219BS010663
trafficlightid: null
turn_signal_lamp: 1.0