position: 0.7434247797136887 0.46006193082765456 0.4387511422123742
orientation: 0.1978052857673871 0.48902378635753163 0.11156547244990525
enu_velocity: 0.8679245090039035 0.2583776048759965 0.576296765140508
velocity: 0.4528422626628284 0.8526219197961097 0.3679860202180155
angularVelocity: 0.3998387590933484 0.4624006963632016 0.8531895105956738
acceleration: 0.6096092772855406 0.8859148982396232 0.4440100033603225
accel: 0.1984885
brake: 0.0
steer: 0.8552161195970103
linkid: A219BS010663
trafficlightid: null
turn_signal_lamp: 1.0