position: 0.7442785867795775 0.45996440196520627 0.438719028893229
orientation: 0.19835302113802472 0.4894629546375229 0.1136924633218996
enu_velocity: 0.8688564439972186 0.2614096546870757 0.5696737205345526
velocity: 0.4538867551003847 0.8584368069601976 0.36251139040058455
angularVelocity: 0.4042076972595357 0.4686098064458768 0.8591400919152115
acceleration: 0.6218668683489936 0.8364765273876297 0.4433491235092645
accel: 0.2033991
brake: 0.0
steer: 0.8492850178745532
linkid: A219BS010663
trafficlightid: null
turn_signal_lamp: 1.0