position: 0.7468606645998053 0.4596840064856691 0.437695051921398
orientation: 0.19631486880550758 0.49241055634539 0.12010455258205946
enu_velocity: 0.8719718718256124 0.2685105165645624 0.5484222198723492
velocity: 0.4580288282131378 0.8584318602250517 0.3464220844280471
angularVelocity: 0.3839529936188304 0.46977117743244035 0.8570758817614235
acceleration: 0.6361341623928436 0.7500088991614535 0.4387497978319957
accel: 0.195978
brake: 0.0
steer: 0.85935976600585
linkid: A219BS010663
trafficlightid: null
turn_signal_lamp: 1.0