position: 0.7494714034838376 0.4594401843295497 0.4340465409576191
orientation: 0.20322536161122734 0.49574162850611225 0.12665662837953034
enu_velocity: 0.8747298334603018 0.27691077231407335 0.5330157623615338
velocity: 0.4616623656283694 0.8665950332305767 0.33555775685189815
angularVelocity: 0.4307595554027274 0.4767191054256746 0.8684612149716664
acceleration: 0.6327988218788277 0.7772186990407932 0.4558161860674002
accel: 0.2042302
brake: 0.0
steer: 0.8405914852128697
linkid: A219BS010663
trafficlightid: null
turn_signal_lamp: 1.0