position: 0.07865837026701586 0.09894912650712495 0.8504329459299289
orientation: 0.9688451792746504 0.55549748600748 0.4985658010982236
enu_velocity: 0.8924013119708217 0.9972825081924237 0.5627402563105011
velocity: 0.9998748603332571 0.5216167981585424 0.737020088088671
angularVelocity: 0.4311498383383485 0.45603276965342093 0.5317593720168384
acceleration: 0.588637436178125 0.5324060202520365 0.45760100170369783
accel: 0.02548998
brake: 0.0
steer: 0.5698732531686709
linkid: A219BS010380
trafficlightid: null
turn_signal_lamp: 0.0