position: 0.751228937786806 0.459299986589782 0.43197450202459864
orientation: 0.21036279761992954 0.49943211735557114 0.13099707690967993
enu_velocity: 0.876722234448388 0.2811570008976571 0.5320695305474412
velocity: 0.46461710760029173 0.8603306998446548 0.33837141469429255
angularVelocity: 0.43011901342214365 0.48189688346635723 0.8618694661998353
acceleration: 0.636829060525252 0.7387792314438675 0.4602606357068533
accel: 0.1968135
brake: 0.0
steer: 0.851966200844979
linkid: A219BS010663
trafficlightid: null
turn_signal_lamp: 1.0