position: 0.7529986078555294 0.45917197995781756 0.43099139654986196
orientation: 0.22348383690994134 0.504988429961283 0.1353751580561666
enu_velocity: 0.8783813753464924 0.2867479618811444 0.5336565116845639
velocity: 0.4669965062438418 0.8644008028551142 0.34459334198931113
angularVelocity: 0.4672169371992392 0.4914528156928373 0.8688102575686465
acceleration: 0.6304861462663774 0.7898619525251218 0.4623049824215219
accel: 0.2044206
brake: 0.0
steer: 0.8396165095872604
linkid: A219BS010663
trafficlightid: null
turn_signal_lamp: 1.0