position: 0.7547811883133541 0.4590622599875651 0.43046809541742936
orientation: 0.23862687509111152 0.511038468347527 0.13973016202959437
enu_velocity: 0.8802600758332908 0.2912688759833514 0.5352278645704762
velocity: 0.46990438316128674 0.8592722751925296 0.3512077530587313
angularVelocity: 0.46496993012957794 0.4900499399680714 0.8632879475492101
acceleration: 0.6354033481600802 0.7468678020360054 0.45908059796246464
accel: 0.1947494
brake: 0.0
steer: 0.8609847253818655
linkid: A219BS010663
trafficlightid: null
turn_signal_lamp: 1.0