position: 0.755677169316973 0.4590134955563414 0.4300601102946544
orientation: 0.24643025207824681 0.5137270021070384 0.14189462111156348
enu_velocity: 0.8810281934626815 0.294102196818007 0.5364893543871581
velocity: 0.47108024732070275 0.8614601454799472 0.35462953839338884
angularVelocity: 0.476860791971882 0.49098630899181134 0.8668913165638857
acceleration: 0.6099160942649189 0.8974615602255354 0.46529211348379884
accel: 0.1901809
brake: 0.0
steer: 0.8551348716282094
linkid: A219BS010663
trafficlightid: null
turn_signal_lamp: 1.0