position: 0.7565753881213697 0.4589708266790202 0.4304038687791394
orientation: 0.2553524084636516 0.5172858545051595 0.1441099146407647
enu_velocity: 0.8816614728664067 0.2973683628700588 0.5438138157331337
velocity: 0.4720544421765428 0.8666487406407329 0.3644723268855309
angularVelocity: 0.47816250008128025 0.49967826184532665 0.8730669906945441
acceleration: 0.6148967393083372 0.8522990830181292 0.47715726579482765
accel: 0.2071529
brake: 0.0
steer: 0.8494475138121549
linkid: A219BS010663
trafficlightid: null
turn_signal_lamp: 1.0