position: 0.7574763611421078 0.45893425335560156 0.4314366039289186
orientation: 0.26327295029994446 0.521439957385995 0.146340602085692
enu_velocity: 0.8824273744440481 0.30030175622429045 0.552284040638121
velocity: 0.47328215703452964 0.868803043796803 0.376099647802274
angularVelocity: 0.4648253468945778 0.5042767649369082 0.8744531459397669
acceleration: 0.625488456681057 0.8202860374611736 0.48126220263809966
accel: 0.2061341
brake: 0.0
steer: 0.8435164120896979
linkid: A219BS010663
trafficlightid: null
turn_signal_lamp: 1.0