position: 0.7592869141096515 0.4588672022626694 0.4350595702070139
orientation: 0.2711508427145558 0.530057583642243 0.15077270168262788
enu_velocity: 0.8840549792211055 0.30550983264508874 0.5733239495005512
velocity: 0.4759918545992641 0.8674359782053915 0.40439344645399933
angularVelocity: 0.4111633480734284 0.5054516663207078 0.8696618421774149
acceleration: 0.6315567018392728 0.778198680837405 0.484759323463559
accel: 0.2001506
brake: 0.0
steer: 0.866347091322717
linkid: A219BS010663
trafficlightid: null
turn_signal_lamp: 1.0