position: 0.07959579361964957 0.10013166396430506 0.8484273231796857
orientation: 0.971083894469676 0.5529951818350534 0.49862635744168143
enu_velocity: 0.892314545021563 0.9973809991354456 0.5633636448995618
velocity: 0.9999199804123019 0.5214435956475091 0.7334041100489274
angularVelocity: 0.43963082698167966 0.4459696151324198 0.5319421146567249
acceleration: 0.5882574334832755 0.5306040628047579 0.45833713448939245
accel: 0.02494714
brake: 0.0
steer: 0.56979200519987
linkid: A219BS010380
trafficlightid: null
turn_signal_lamp: 0.0