position: 0.7601964940564572 0.45883672449315505 0.4376461520945183
orientation: 0.27205990201980174 0.5345247061734715 0.1529804763608586
enu_velocity: 0.8847068393664206 0.3086721479669079 0.5830061654842397
velocity: 0.4771151202134952 0.8714092665422798 0.41802852984699146
angularVelocity: 0.40930414536964543 0.5083222644423484 0.8739783686800111
acceleration: 0.6077195864548038 0.9290710748407204 0.48170721874554223
accel: 0.1952446
brake: 0.0
steer: 0.8607409814754632
linkid: A219BS010663
trafficlightid: null
turn_signal_lamp: 1.0