position: 0.7611079675269975 0.4588184378314448 0.4408939764171462
orientation: 0.2744166385216139 0.5394494916566579 0.15524494383303242
enu_velocity: 0.8852189177860142 0.3122407690794019 0.5919269983829563
velocity: 0.47805790551154725 0.8781472498184284 0.4310990853671829
angularVelocity: 0.41701849135426683 0.5116545115007122 0.8810942763062843
acceleration: 0.613039181131182 0.8782481172136174 0.4799958715583929
accel: 0.2119069
brake: 0.0
steer: 0.8550536236594086
linkid: A219BS010663
trafficlightid: null
turn_signal_lamp: 1.0