position: 0.7629385746322784 0.45878796006193046 0.44841725127504484
orientation: 0.2770477088818848 0.5492223043890885 0.15981903572489972
enu_velocity: 0.8866105982845373 0.31829714472304127 0.6069882429949798
velocity: 0.48062825432387246 0.8816106710970568 0.4550534138938035
angularVelocity: 0.39598652621948116 0.5094443900709449 0.8829488625822269
acceleration: 0.6289646830088222 0.8121723037228568 0.47615421033455807
accel: 0.206001
brake: 0.0
steer: 0.8752031199220021
linkid: A219BS010663
trafficlightid: null
turn_signal_lamp: 1.0