position: 0.7638579664748009 0.45878186450802794 0.4524306863200178
orientation: 0.2759977893997432 0.5537132312379927 0.1620916955661084
enu_velocity: 0.8873407021031525 0.3209544181054961 0.6135987957718803
velocity: 0.48200952701993444 0.8801126936933896 0.4660891751736791
angularVelocity: 0.3793878888973463 0.5066028309831434 0.8801600915602192
acceleration: 0.6298964309992943 0.789208171025926 0.47536932933656934
accel: 0.200721
brake: 0.0
steer: 0.8693532661683459
linkid: A219BS010663
trafficlightid: null
turn_signal_lamp: 1.0