position: 0.7647792518410581 0.45878186450802794 0.45637478578956436
orientation: 0.275366258503775 0.5577927496324584 0.16441018258477383
enu_velocity: 0.8877274883661546 0.3248379445961882 0.6157248303917332
velocity: 0.48291516926949096 0.8885852143146501 0.472168793310772
angularVelocity: 0.3876422337574314 0.5024083934997019 0.8901566913696937
acceleration: 0.6105108947280676 0.9108494280294127 0.4620416908989968
accel: 0.2107614
brake: 0.0
steer: 0.8636659083522913
linkid: A219BS010663
trafficlightid: null
turn_signal_lamp: 1.0