position: 0.7666282777681231 0.45878796006193046 0.46295436697349457
orientation: 0.2716138104623852 0.5634808412303325 0.16912040897288277
enu_velocity: 0.8888177858267807 0.3314567811729454 0.6146578454269905
velocity: 0.4853212411089405 0.8945227098427132 0.47770027703198203
angularVelocity: 0.36382420361603435 0.48506042449331366 0.8946478383306085
acceleration: 0.62811955844055 0.8355631358681009 0.45162698925762323
accel: 0.2069643
brake: 0.0
steer: 0.8518849528761783
linkid: A219BS010663
trafficlightid: null
turn_signal_lamp: 1.0