position: 0.7684873737986873 0.4588245333853491 0.4652212753658729
orientation: 0.2643818171949372 0.5632153589448785 0.1738035395484163
enu_velocity: 0.8901305407899269 0.33699838838575186 0.5969104805512203
velocity: 0.48815707546923653 0.8909388002294578 0.4626425380559278
angularVelocity: 0.35455091031976227 0.4560578471894338 0.8893546866752691
acceleration: 0.6309607214279352 0.7855153258903611 0.43493808212259155
accel: 0.1907487
brake: 0.0
steer: 0.8675658108547287
linkid: A219BS010663
trafficlightid: null
turn_signal_lamp: 1.0