position: 0.7694199342380929 0.45884282004705756 0.46473884573053414
orientation: 0.2627946927958759 0.5613780077183005 0.17617069523450074
enu_velocity: 0.8904211845001158 0.34068241963231005 0.5861442294589932
velocity: 0.48911905549704787 0.8966976832849289 0.45144310380458996
angularVelocity: 0.3830696283025125 0.44922709205624684 0.8974084479612688
acceleration: 0.6117918921573031 0.8874518447961693 0.43177761376393176
accel: 0.1963207
brake: 0.0
steer: 0.8618784530386742
linkid: A219BS010663
trafficlightid: null
turn_signal_lamp: 1.0