position: 0.7703543021319726 0.45887329781657193 0.46333242832161226
orientation: 0.26284100294151636 0.5588336540026746 0.178561766566092
enu_velocity: 0.8908064365734454 0.3439703619909965 0.5736091861801377
velocity: 0.4902440660867118 0.8986546470424972 0.4378554567975731
angularVelocity: 0.39297122755373964 0.4433628312556084 0.9000423313308665
acceleration: 0.620468561232079 0.8481505394426179 0.4257338837710102
accel: 0.1942514
brake: 0.0
steer: 0.8561098472538188
linkid: A219BS010663
trafficlightid: null
turn_signal_lamp: 1.0