position: 0.7722292349065006 0.4589403489095041 0.4578760834595972
orientation: 0.262222177973919 0.5522564640125754 0.18332785220788703
enu_velocity: 0.8917581455669845 0.34976330501275993 0.5475351617699044
velocity: 0.4927992086845523 0.895574421068569 0.4086197319669794
angularVelocity: 0.3868566151228709 0.43639184268444 0.8963832344924687
acceleration: 0.6236451263952887 0.799148380935664 0.4321789281859491
accel: 0.1770847
brake: 0.0
steer: 0.8672408189795255
linkid: A219BS010663
trafficlightid: null
turn_signal_lamp: 1.0