position: 0.7741110532218828 0.45903178221804986 0.45099288544011307
orientation: 0.2650628202636574 0.5465344833336991 0.18809711637268708
enu_velocity: 0.8921853321580304 0.35622909238552625 0.528925056386479
velocity: 0.4947438591631625 0.898186650563866 0.3866692419508563
angularVelocity: 0.41978139703359574 0.44636572906438027 0.9014067705736069
acceleration: 0.6080818000985067 0.8525100545181044 0.4366088605326231
accel: 0.1743234
brake: 0.0
steer: 0.8559473513162172
linkid: A219BS010663
trafficlightid: null
turn_signal_lamp: 1.0