position: 0.7759982939006872 0.4591415021883041 0.4437593603026828
orientation: 0.27179765975301784 0.5429599158096874 0.1928877862458624
enu_velocity: 0.8927038882673526 0.36212140500395296 0.5138731025498735
velocity: 0.49688519330125525 0.8952011192341607 0.369686230978576
angularVelocity: 0.4207047897212795 0.4552604819260695 0.8985468027946015
acceleration: 0.61558464910244 0.8023640468967397 0.4459745181642685
accel: 0.1583786
brake: 0.0
steer: 0.8628534286642835
linkid: A219BS010663
trafficlightid: null
turn_signal_lamp: 1.0