position: 0.7769441090062368 0.4592085532812362 0.4401706968882193
orientation: 0.27409740749191547 0.5419758495932027 0.19525293069411437
enu_velocity: 0.8929568590978044 0.3647976818256216 0.508558958542675
velocity: 0.49794738477534295 0.891581875798434 0.36409771895510895
angularVelocity: 0.4121188405342542 0.4603312278241267 0.8944676649218832
acceleration: 0.6145005355442263 0.7881023734984199 0.4460740460492993
accel: 0.1481308
brake: 0.0
steer: 0.8571660708482289
linkid: A219BS010663
trafficlightid: null
turn_signal_lamp: 1.0