position: 0.782633373206066 0.45969619759347413 0.42318713014944365
orientation: 0.28831896592534534 0.549760538542041 0.2093704009032705
enu_velocity: 0.8925189331790506 0.38261042275296087 0.49965839569223996
velocity: 0.5021814430216183 0.8865015788035226 0.3633761452530042
angularVelocity: 0.40106056775311916 0.4968415210861029 0.8893656934162533
acceleration: 0.5900890556379828 0.8237395258404031 0.4669973841010788
accel: 0.1092818
brake: 0.0
steer: 0.8388040298992526
linkid: A219BS010663
trafficlightid: null
turn_signal_lamp: 1.0