position: 0.7854802861413884 0.46000707084252745 0.42038013411689823
orientation: 0.2855070384555257 0.5619930713756072 0.21623504607680114
enu_velocity: 0.8917878065673206 0.3904729629079431 0.5122043446358833
velocity: 0.5036624285995471 0.8772762710945128 0.38719444296690175
angularVelocity: 0.3746984693684352 0.5066411553376792 0.8778086153827236
acceleration: 0.5895369845244086 0.7717983425465227 0.46580421517704834
accel: 0.0
brake: 0.01230213
steer: 0.8690282742931428
linkid: A219BS010663
trafficlightid: null
turn_signal_lamp: 1.0