position: 0.7864259291084166 0.4601228863666842 0.42077498197275043
orientation: 0.28597454145366946 0.5679227696708475 0.21852778048287136
enu_velocity: 0.8898647850455373 0.3939182455697977 0.5149963079266382
velocity: 0.5019456220560029 0.8840370446861552 0.39388096780691295
angularVelocity: 0.4068602717782323 0.5260002244251257 0.8874243422902092
acceleration: 0.4841858014931293 0.9499719829848032 0.459027128600479
accel: 0.0
brake: 0.0
steer: 0.8412414689632761
linkid: A219BS010663
trafficlightid: null
turn_signal_lamp: 1.0