position: 0.7873669243353683 0.46023870189084093 0.4222777393391075
orientation: 0.28959219318272733 0.5757325814399872 0.22088038620588973
enu_velocity: 0.8878846575748314 0.39734638426874874 0.5166814930087588
velocity: 0.5001934174393959 0.8902868912048639 0.40075915657408145
angularVelocity: 0.42893282272756655 0.5393391432911407 0.8952480527736539
acceleration: 0.5088744283912282 0.9020796112846277 0.45870373565124023
accel: 0.05624882
brake: 0.0
steer: 0.8372603184920377
linkid: A219BS010663
trafficlightid: null
turn_signal_lamp: 1.0