position: 0.08240529224735697 0.10367318078193755 0.8428687995749367
orientation: 0.9769840563726917 0.5443226773614096 0.49881016375476517
enu_velocity: 0.8917966707743175 0.997179521812168 0.5745360617632796
velocity: 0.9993369093355849 0.5211460514718392 0.729136404897458
angularVelocity: 0.4398318665274894 0.441464312999198 0.5321879546788019
acceleration: 0.5932308511537229 0.5327137931478912 0.4567952087813035
accel: 0.03595435
brake: 0.0
steer: 0.5698732531686709
linkid: A219BS010380
trafficlightid: null
turn_signal_lamp: 0.0