position: 0.7883057678308031 0.4603606129689011 0.42367028963294473
orientation: 0.2917835213360218 0.5831739251780406 0.22320854470282978
enu_velocity: 0.8872314337053631 0.399689712661869 0.5191727852631606
velocity: 0.5001440595628718 0.8852731984653107 0.40929744445190475
angularVelocity: 0.40464559703887415 0.5324239813662615 0.8880748307663993
acceleration: 0.5738863154176598 0.7730406961721945 0.46564957355074765
accel: 0.03764591
brake: 0.0
steer: 0.8325479363015926
linkid: A219BS010663
trafficlightid: null
turn_signal_lamp: 1.0