position: 0.7901789792201177 0.46062272178672803 0.42598755754852746
orientation: 0.28997800746903324 0.596185764333834 0.22776660149415792
enu_velocity: 0.8855451887897101 0.4047683307072488 0.5276279653955869
velocity: 0.499628294681415 0.8805059591374943 0.42840646006841654
angularVelocity: 0.3815512365882794 0.5250334397022388 0.8821018393255782
acceleration: 0.5365768637281643 0.8793055830884018 0.465739971473041
accel: 0.01360687
brake: 0.0
steer: 0.8465225869353268
linkid: A219BS010663
trafficlightid: null
turn_signal_lamp: 1.0