position: 0.792041173744066 0.4609031172662661 0.4290587586158576
orientation: 0.2898382061195018 0.6092578269879384 0.23234953844831852
enu_velocity: 0.8830211058473253 0.4103815788425108 0.5350366361755685
velocity: 0.49814257274159746 0.8819866229681506 0.4457042602932161
angularVelocity: 0.3899018440482388 0.5235897695125279 0.8837325227083443
acceleration: 0.5578510174579044 0.8178346253483715 0.4646402156967612
accel: 0.02761559
brake: 0.0
steer: 0.8377478063048425
linkid: A219BS010663
trafficlightid: null
turn_signal_lamp: 1.0