position: 0.7957332868192097 0.46151876821046667 0.4335378367884344
orientation: 0.29344566058215554 0.6303909296141961 0.24145562324287279
enu_velocity: 0.8776782050799066 0.42078712653899764 0.5384268805202691
velocity: 0.4948495548179415 0.8805571931800775 0.4641868365772903
angularVelocity: 0.41144802022329313 0.5135524812420389 0.8835121895690007
acceleration: 0.5385355548839578 0.8222668680536676 0.45295241780210743
accel: 0.02052948
brake: 0.0
steer: 0.8418102047448814
linkid: A219BS010663
trafficlightid: null
turn_signal_lamp: 1.0