position: 0.7966479448523951 0.4616833481658471 0.43413850182608016
orientation: 0.2954761232261118 0.6348859545118019 0.2437363779053413
enu_velocity: 0.876418464893223 0.42326550195336965 0.5351309891614802
velocity: 0.49416402875510623 0.8791814708021608 0.46408786544111036
angularVelocity: 0.40306921520755534 0.5063238053036748 0.881655421776827
acceleration: 0.5431716626687992 0.800374010275156 0.44341579084386085
accel: 0.009336525
brake: 0.0
steer: 0.8373415664608386
linkid: A219BS010663
trafficlightid: null
turn_signal_lamp: 1.0