position: 0.007316076509685604 0.009326197471564157 0.4371564239775556
orientation: 0.6262738361734601 0.30639723932632923 0.4998452114098674
enu_velocity: 0.8896169281806607 0.9904004024642352 0.3375939243535191
velocity: 0.9907172292625963 0.4851088431900859 0.09326025746447286
angularVelocity: 0.6188132623371 0.7045789537271958 0.5029330485727479
acceleration: 0.6398745068006885 0.5119641876262377 0.4449400779601173
accel: 0.1524746
brake: 0.0
steer: 0.5584985375365616
linkid: A219BS010380
trafficlightid: null
turn_signal_lamp: 0.0