position: 0.8002682761641365 0.46238433686469005 0.43196355430216293
orientation: 0.2958103675605362 0.6486789173853337 0.25277439846589134
enu_velocity: 0.8697230906966908 0.4328741516650181 0.5152614226717541
velocity: 0.4892172726856868 0.8776313760103486 0.4525311759078967
angularVelocity: 0.385631302805871 0.49792866364158805 0.878691931136672
acceleration: 0.517343152532283 0.8008694480740066 0.44260160363557316
accel: 0.0
brake: 0.007275166
steer: 0.8388040298992526
linkid: A219BS010663
trafficlightid: null
turn_signal_lamp: 1.0