position: 0.8020530083534779 0.462756165652773 0.42914780009166886
orientation: 0.292982489741842 0.6547347643101722 0.2572383600158466
enu_velocity: 0.8664419703836617 0.4369335723543688 0.5063249713960812
velocity: 0.48671547647964514 0.8719320304457414 0.44716345235738786
angularVelocity: 0.3667118521150653 0.4946580940570721 0.8713778030128523
acceleration: 0.5157218428202437 0.7647498998077168 0.443307277714192
accel: 0.0
brake: 0.02007756
steer: 0.8450601234969126
linkid: A219BS010663
trafficlightid: null
turn_signal_lamp: 1.0