position: 0.8029384028380341 0.4629512233776678 0.42749761339650894
orientation: 0.291602288396965 0.6578592591811256 0.2594617916599831
enu_velocity: 0.8643696210670835 0.43926453829509726 0.502053898705593
velocity: 0.4849969249606682 0.8731978646357728 0.44435982242746985
angularVelocity: 0.3759431856735609 0.4969961879994221 0.8733365071089167
acceleration: 0.4970999157288616 0.8153404052003017 0.4430309138534502
accel: 0.0
brake: 0.02024787
steer: 0.8408352291192722
linkid: A219BS010663
trafficlightid: null
turn_signal_lamp: 1.0