position: 0.8038185470976891 0.4631462811025635 0.42573284053985416
orientation: 0.2897665853019873 0.6608148431751595 0.2616780990284187
enu_velocity: 0.8623032380436764 0.4412594294350196 0.5031044205958268
velocity: 0.48318539117935044 0.8719385672028986 0.4465300370858363
angularVelocity: 0.3667647129697664 0.4935572529647599 0.871500067081624
acceleration: 0.496955048541546 0.7887019928598038 0.45827646436825703
accel: 0.0
brake: 0.01951466
steer: 0.8366915827104324
linkid: A219BS010663
trafficlightid: null
turn_signal_lamp: 1.0