position: 0.805563257080817 0.46355468321406335 0.4214865839310793
orientation: 0.2810933147808469 0.6646121307373036 0.26604971900486585
enu_velocity: 0.8584449214827296 0.4449007540278607 0.509761777337007
velocity: 0.4798632072377483 0.8668973140818179 0.4541566569206984
angularVelocity: 0.3373637503820172 0.4806357218117919 0.8643742434724819
acceleration: 0.5051772320242506 0.765019022724776 0.45821621058996165
accel: 0.0
brake: 0.02871737
steer: 0.8526161845953852
linkid: A219BS010663
trafficlightid: null
turn_signal_lamp: 1.0