position: 0.0842769371761273 0.10603825569629421 0.8378956141964227
orientation: 0.9842849059425223 0.5354473372946378 0.4989359346219468
enu_velocity: 0.8916966075145634 0.9974933850662802 0.5788192627307411
velocity: 0.999605136987807 0.5205142343187171 0.7183971210299276
angularVelocity: 0.4513954118155103 0.4278106827076856 0.5324935156909025
acceleration: 0.5889707068346406 0.5281031959036854 0.4741315920088256
accel: 0.02929315
brake: 0.0
steer: 0.56979200519987
linkid: A219BS010380
trafficlightid: null
turn_signal_lamp: 0.0