position: 0.8064278228042899 0.46376193204676497 0.41921383675340174
orientation: 0.27614563855999186 0.6660368262772298 0.26821527960946256
enu_velocity: 0.8562501779233856 0.44696918643415995 0.5098021450829536
velocity: 0.47795869119408957 0.8677751829011153 0.45423417704410274
angularVelocity: 0.3483431641008242 0.481553423397359 0.8659569334981633
acceleration: 0.4813941202039864 0.8648185154111996 0.45206716446512274
accel: 0.0
brake: 0.03528508
steer: 0.8483912902177446
linkid: A219BS010663
trafficlightid: null
turn_signal_lamp: 1.0