position: 0.8123138413340206 0.46531020273812196 0.40541459754712594
orientation: 0.25440795613722716 0.6797916594802333 0.28335261180605376
enu_velocity: 0.8399257179453654 0.45866196171481316 0.5172333560919928
velocity: 0.4627666857950458 0.8609225413710477 0.46175947136333395
angularVelocity: 0.3311915379793001 0.47589799627081447 0.857406381470439
acceleration: 0.47671779521732743 0.762194766433836 0.46369390086364903
accel: 0.0
brake: 0.03918486
steer: 0.8190607734806631
linkid: A219BS010663
trafficlightid: null
turn_signal_lamp: 1.0