position: 0.8163324151149017 0.466504931303108 0.3928093899345182
orientation: 0.19362111080603067 0.6741306506389961 0.293456807626307
enu_velocity: 0.8287702839052082 0.4636185082055012 0.5456145744708163
velocity: 0.4514717091015672 0.8407009947707709 0.48000059295482467
angularVelocity: 0.2773177208939222 0.4483969521203693 0.8323857785370334
acceleration: 0.4712162677553655 0.7168543059973598 0.453481295662735
accel: 0.0
brake: 0.05342747
steer: 0.8148358791030226
linkid: A219BS010663
trafficlightid: null
turn_signal_lamp: 1.0