position: 0.8201896951012794 0.46775451985321936 0.3819295433777956
orientation: 0.16797092756384926 0.6696406146702445 0.30306849678714354
enu_velocity: 0.8166353549918868 0.4670219424334742 0.5321509033775514
velocity: 0.4383435110749646 0.8230634106078142 0.45418360148552617
angularVelocity: 0.3995547754350789 0.45874670039496673 0.8212689701428764
acceleration: 0.46417068293117403 0.6985838672318759 0.4399667498239131
accel: 0.0
brake: 0.05678966
steer: 0.8076860578485539
linkid: A219BS010663
trafficlightid: null
turn_signal_lamp: 1.0