position: 0.8224242252469045 0.46851646409109193 0.37372896942520084
orientation: 0.17847966267277948 0.6685544535882799 0.30867179442803827
enu_velocity: 0.8093609094267262 0.4688105543058013 0.5129595904231226
velocity: 0.4304567206836983 0.8150131291650847 0.4273389669854961
angularVelocity: 0.4408615745573286 0.4604792551953879 0.8163379501819037
acceleration: 0.46503037034386735 0.7422385503081872 0.435712037699224
accel: 0.0
brake: 0.05731896
steer: 0.8215794605134873
linkid: A219BS010663
trafficlightid: null
turn_signal_lamp: 1.0