position: 0.8274046230158207 0.4703512258158895 0.35169412355453566
orientation: 0.1853660156600928 0.6654955274965526 0.3216756252606868
enu_velocity: 0.7917663108653529 0.4747011300507515 0.5212267737346996
velocity: 0.41261833539990567 0.8209211209513844 0.41841116010739454
angularVelocity: 0.36422467622726495 0.4571293660277004 0.8174409049563949
acceleration: 0.47733502230863334 0.7516389800456251 0.4531476965888036
accel: 0.0
brake: 0.04034064
steer: 0.8135359116022101
linkid: A219BS010663
trafficlightid: null
turn_signal_lamp: 1.0