position: 0.8280904228848731 0.47061943018762165 0.34872364153361524
orientation: 0.18319567252558366 0.664678768572713 0.32355703686905846
enu_velocity: 0.789371781717539 0.475678683310955 0.5215447695986439
velocity: 0.4103725520180573 0.8228616544815035 0.4165438756050537
angularVelocity: 0.3732601721764482 0.45587420935852774 0.8195803774201567
acceleration: 0.4824130625593305 0.7464512292196909 0.4541452145938821
accel: 0.0
brake: 0.0372357
steer: 0.8086610334741633
linkid: A219BS010663
trafficlightid: null
turn_signal_lamp: 1.0