position: 0.8287703700441997 0.4708937301132545 0.34563346441406306
orientation: 0.18123470979204265 0.6636350133860087 0.32543137900384983
enu_velocity: 0.7872745444351616 0.47637222710703697 0.5215475613195666
velocity: 0.40835411400686566 0.8214239212451497 0.4142957048270882
angularVelocity: 0.3724800346999764 0.4535178028995296 0.8171870557949548
acceleration: 0.49270548417080473 0.6963647539197738 0.45362573545817675
accel: 0.0
brake: 0.03718121
steer: 0.8035424114397142
linkid: A219BS010663
trafficlightid: null
turn_signal_lamp: 1.0