position: 0.8294448087708433 0.47116193448498667 0.342381261002461
orientation: 0.1786786716248215 0.662310452775227 0.32727705962947523
enu_velocity: 0.7853958439483633 0.47681271865449115 0.5213312523193276
velocity: 0.4064705376683989 0.8174064656301725 0.4117236760757552
angularVelocity: 0.3664296088105505 0.451146988060655 0.8120694170363922
acceleration: 0.49649418361668585 0.6631888487983371 0.45325133860266253
accel: 0.0
brake: 0.03932586
steer: 0.7983425414364642
linkid: A219BS010663
trafficlightid: null
turn_signal_lamp: 1.0