position: 0.8307769027182988 0.4717105343362542 0.33556666871024143
orientation: 0.16900716902014234 0.6586582005019146 0.3308303195363697
enu_velocity: 0.7818975505639085 0.476992290938159 0.5263826962853595
velocity: 0.40260267498077995 0.804511740457527 0.4113153220398692
angularVelocity: 0.3374620516820041 0.4445569521777304 0.7968275597688346
acceleration: 0.49540710876914656 0.6268735803535974 0.4618997462980395
accel: 0.0
brake: 0.038911
steer: 0.7882677933051675
linkid: A219BS010663
trafficlightid: null
turn_signal_lamp: 1.0