position: 0.8320873072120644 0.47226522974142693 0.3298008682273741
orientation: 0.1515316028167265 0.654880512303126 0.33419232004175486
enu_velocity: 0.7785144918704142 0.4769482356532719 0.5454616581816902
velocity: 0.398719107514267 0.7916698393494761 0.42493209359268713
angularVelocity: 0.29746191398368504 0.44997091077523826 0.7819640964075484
acceleration: 0.49553735982405833 0.62146668000518 0.48621776384455245
accel: 0.0
brake: 0.0357966
steer: 0.7788430289242769
linkid: A219BS010663
trafficlightid: null
turn_signal_lamp: 1.0