position: 0.8333767108062254 0.4728260207005004 0.32729967857486963
orientation: 0.12905211967481206 0.6531229839382147 0.3374088757185997
enu_velocity: 0.7748762462947189 0.47750554726737704 0.5681255218767689
velocity: 0.39488664289971076 0.7865239981138805 0.44398852806812705
angularVelocity: 0.3063086484871736 0.4583425666705744 0.7782175406002481
acceleration: 0.4857874860023888 0.7803062477637022 0.480246885897094
accel: 0.0
brake: 0.03303928
steer: 0.8014299642508939
linkid: A219BS010663
trafficlightid: null
turn_signal_lamp: 1.0