position: 0.8365169477819259 0.474240189205994 0.328348470384221
orientation: 0.10636502686711194 0.6529458769638917 0.3457154523731484
enu_velocity: 0.7665467896314007 0.4804297474524664 0.5810762658659065
velocity: 0.38743858918865903 0.780851682923464 0.45177821047977895
angularVelocity: 0.3528155290044297 0.446874414065791 0.7729478898243075
acceleration: 0.5240883758355745 0.6034127363571252 0.4485315549864371
accel: 0.0
brake: 0.02054306
steer: 0.8022424439389017
linkid: A219BS010663
trafficlightid: null
turn_signal_lamp: 1.0