position: 0.8377433486772734 0.4748131712728725 0.3255173893623171
orientation: 0.10313842212751156 0.6478461226187485 0.3489666429903238
enu_velocity: 0.76267074465646 0.48238399575303786 0.5739357591802287
velocity: 0.38439111423660033 0.7888387168239699 0.43967452012078834
angularVelocity: 0.40419078331601266 0.43381048050996845 0.7853743020759407
acceleration: 0.5157019587901192 0.7416829664526163 0.4457989989642319
accel: 0.0
brake: 0.006985482
steer: 0.7926551836204097
linkid: A219BS010663
trafficlightid: null
turn_signal_lamp: 1.0