position: 0.8413332975399969 0.4765747863508354 0.30217830482546404
orientation: 0.0846599693366486 0.614875004525671 0.35831977574533763
enu_velocity: 0.7566459818123519 0.48435103561591886 0.5405692166359278
velocity: 0.37955852941691864 0.7580074833502611 0.38180073404319326
angularVelocity: 0.3613080728317009 0.40793593774031145 0.750397655702994
acceleration: 0.55104430743512 0.5870556019607615 0.43923616196786086
accel: 0.0
brake: 0.006134226
steer: 0.7613747156321093
linkid: A219BS010663
trafficlightid: null
turn_signal_lamp: 1.0