position: 0.8425050444548162 0.4771721506333284 0.2925880999716819
orientation: 0.07919154158109015 0.6043373177294842 0.3611171500003645
enu_velocity: 0.7551336117262548 0.48457358019277663 0.53258841362209
velocity: 0.3782109098184869 0.7449057019779344 0.3659159974851739
angularVelocity: 0.3804752121988471 0.41812401388280923 0.7383095767868426
acceleration: 0.5518514224465731 0.5775103306989771 0.45217344639156554
accel: 0.0
brake: 0.0007746188
steer: 0.7860740981475465
linkid: A219BS010395
trafficlightid: C119BS010046
turn_signal_lamp: 1.0