position: 0.8430867865877136 0.477470832774574 0.2880579324277379
orientation: 0.07915572936546028 0.5998152100752415 0.36250139676905335
enu_velocity: 0.753722327693027 0.48552252612513136 0.5315019674002399
velocity: 0.37735661970309176 0.748397920321877 0.36153728770255295
angularVelocity: 0.41823668122571395 0.42285834436637365 0.7455837434997012
acceleration: 0.5343543361573426 0.8183645857563091 0.4561473357477402
accel: 0.0079534
brake: 0.0
steer: 0.7820929476763082
linkid: A219BS010395
trafficlightid: C119BS010046
turn_signal_lamp: 1.0