position: 0.843665602365748 0.47777561046972306 0.28424228623477177
orientation: 0.08468335026854823 0.5964191749337968 0.36399102801599503
enu_velocity: 0.7517217443600205 0.48714856664005507 0.5355293255471548
velocity: 0.37631511865199146 0.7593877991250992 0.36280769341445185
angularVelocity: 0.45545250153858746 0.4337990226393327 0.7599309807928403
acceleration: 0.538350386756566 0.7773980631742266 0.47355551855437117
accel: 0.03716709
brake: 0.0
steer: 0.7777055573610661
linkid: A219BS010395
trafficlightid: C119BS010046
turn_signal_lamp: 1.0