position: 0.8465249953438683 0.4793055944993716 0.2715575251724629
orientation: 0.09140166410078707 0.5841100620423192 0.371670339596138
enu_velocity: 0.7465960166640273 0.49454407173410064 0.5541434255151803
velocity: 0.3765865869728742 0.7775652840954161 0.373695041589677
angularVelocity: 0.41257858462192826 0.43693167115337667 0.7753218752829153
acceleration: 0.6023318288359545 0.6720809369528167 0.45512458399510064
accel: 0.0854908
brake: 0.0
steer: 0.7840428989275269
linkid: A219BS010395
trafficlightid: C119BS010046
turn_signal_lamp: 1.0