position: 0.8470912450098441 0.47962256330232655 0.26876950519213993
orientation: 0.09109261660526066 0.5810518486547138 0.37325110676993073
enu_velocity: 0.7462716207810424 0.4957067552730968 0.5520535755481871
velocity: 0.37726264031193213 0.7742106909899988 0.37000494419684704
angularVelocity: 0.39119187840014447 0.43240978450527345 0.7702310096780983
acceleration: 0.6078561483293837 0.6304607402752112 0.4538256213694245
accel: 0.08291875
brake: 0.0
steer: 0.7777868053298669
linkid: A219BS010395
trafficlightid: C119BS010046
turn_signal_lamp: 1.0