position: 0.8476560314983888 0.4799334365513799 0.2656625415648528
orientation: 0.08864079885163845 0.5776080623370936 0.37479274522948913
enu_velocity: 0.7460660393649206 0.49671209850892484 0.5495473462403598
velocity: 0.3779568912519308 0.7693123631808143 0.36571735761890267
angularVelocity: 0.3730301777341053 0.42962888473260247 0.7638104107705819
acceleration: 0.6088825738400158 0.6105865191819891 0.4527433414963884
accel: 0.08313168
brake: 0.0
steer: 0.7718557036074098
linkid: A219BS010395
trafficlightid: C119BS010046
turn_signal_lamp: 1.0