position: 0.848219526948023 0.48025650090823735 0.26231472804397793
orientation: 0.08450262686757451 0.5739326471798154 0.3762919120454459
enu_velocity: 0.745911256673512 0.49763243711343075 0.5472927757623328
velocity: 0.3786426665969707 0.7638259038965962 0.3615729521912733
angularVelocity: 0.3583730331611977 0.42772937341293615 0.7570199457020609
acceleration: 0.6074589320936011 0.6018363112791655 0.4551778911455901
accel: 0.09220437
brake: 0.0
steer: 0.795092622684433
linkid: A219BS010395
trafficlightid: C119BS010046
turn_signal_lamp: 1.0