position: 0.848781817428008 0.4805795652650957 0.2588180254979755
orientation: 0.08030887548125148 0.5700024402989138 0.37778790033839765
enu_velocity: 0.745085351233122 0.4992467077563253 0.547520036207992
velocity: 0.37909237169419063 0.7673536327321224 0.3599718869653706
angularVelocity: 0.37469032221789156 0.4260532834005354 0.7627119181883816
acceleration: 0.5876952810446272 0.8253657708791207 0.46118154058619104
accel: 0.1000003
brake: 0.0
steer: 0.7896490087747807
linkid: A219BS010395
trafficlightid: C119BS010046
turn_signal_lamp: 1.0