position: 0.8537938886848522 0.4835907688931691 0.23745901902568178
orientation: 0.036404761441858335 0.5392798680756161 0.3917936783451996
enu_velocity: 0.7412215797755617 0.514382231906938 0.5747951774502198
velocity: 0.3881956592442338 0.7726575928232766 0.37490963978866393
angularVelocity: 0.3762603508017676 0.43158658167192415 0.7670802061215526
acceleration: 0.6408886303998806 0.610573247156718 0.4649434891724622
accel: 0.1688975
brake: 0.0
steer: 0.7684432889177771
linkid: A219BS010395
trafficlightid: C119BS010046
turn_signal_lamp: 1.0