position: 0.8554547672080833 0.4846513952722882 0.23253473347404796
orientation: 0.027776655509107684 0.5297279579858069 0.39633666455331423
enu_velocity: 0.7405356265264122 0.5195948957170948 0.5832508602719442
velocity: 0.3921871659053678 0.771228869711653 0.37952492110648856
angularVelocity: 0.4045518244836026 0.43195914172088185 0.7691378717266472
acceleration: 0.6242466106939846 0.8101650825136388 0.47217484268267923
accel: 0.1988665
brake: 0.0
steer: 0.782174195645109
linkid: A219BS010395
trafficlightid: C119BS010046
turn_signal_lamp: 1.0