position: 0.8576627019521601 0.48610213710119865 0.2302853414375674
orientation: 0.02391630826143365 0.5201960392466203 0.4028503350245451
enu_velocity: 0.7381018903091887 0.5290655559394841 0.5988970727504519
velocity: 0.3981642053266774 0.7906979825624052 0.39318790825593675
angularVelocity: 0.39086621805064314 0.43769641231699585 0.7882629270454367
acceleration: 0.6516105912149431 0.7416017999628077 0.4593760502995586
accel: 0.2311075
brake: 0.0
steer: 0.8119922001949952
linkid: A219BS010395
trafficlightid: C119BS010046
turn_signal_lamp: 1.0