position: 0.0917516307263095 0.11549855535372533 0.8401771195520487
orientation: 0.9842408182502231 0.5155005306794892 0.4994315650022477
enu_velocity: 0.8907293861587795 0.9984680775936987 0.638225113603293
velocity: 0.9999444100683592 0.5223695881436652 0.7419182437375685
angularVelocity: 0.3942682156707572 0.46862664155686506 0.5318443470320322
acceleration: 0.5875582060828993 0.5372413796277942 0.466072587736143
accel: 0.02509485
brake: 0.0
steer: 0.5696295092622685
linkid: A219BS010380
trafficlightid: null
turn_signal_lamp: 0.0