position: 0.858763786003966 0.4868518902312653 0.2285607102298437
orientation: 0.02075442569962649 0.5142970941342455 0.4062335987527914
enu_velocity: 0.7372681434549168 0.5338914078095145 0.5905048095696244
velocity: 0.4017615968222322 0.7965156964322909 0.38358796964420094
angularVelocity: 0.39878681278498296 0.4275542787940842 0.7946366233539839
acceleration: 0.6476535093562279 0.7941920083075207 0.4509486509967181
accel: 0.240798
brake: 0.0
steer: 0.7984237894052649
linkid: A219BS010395
trafficlightid: C119BS010046
turn_signal_lamp: 1.0