position: 0.8593136825104138 0.4872298145732499 0.22715648236540842
orientation: 0.021647671255569045 0.5108212361311341 0.4079921440063825
enu_velocity: 0.7365896906886108 0.5365067305890596 0.5877468855256182
velocity: 0.4034901196293958 0.8017740758924572 0.37975163912769366
angularVelocity: 0.41027120831422453 0.42442684655093355 0.8003741102016722
acceleration: 0.6558568669558935 0.7500725741959915 0.457292628314462
accel: 0.2512189
brake: 0.0
steer: 0.7914364640883979
linkid: A219BS010395
trafficlightid: C119BS010046
turn_signal_lamp: 1.0