position: 0.8604120984151388 0.48800394991892837 0.22322479031462272
orientation: 0.019000313745364317 0.5023011790691911 0.411466762869963
enu_velocity: 0.7366703208791794 0.5408397190678671 0.5841353160596124
velocity: 0.4077199400781918 0.7962614695796105 0.37242707745646797
angularVelocity: 0.3712074344852435 0.41511417180137733 0.7917087310923278
acceleration: 0.6702996383268487 0.6433803740961981 0.45800614161349873
accel: 0.2441459
brake: 0.0
steer: 0.7770555736106598
linkid: A219BS010395
trafficlightid: C119BS010046
turn_signal_lamp: 1.0