position: 0.8609607899519371 0.4884001609226223 0.22095131328878326
orientation: 0.013392070185293314 0.49753279650558313 0.41313970721090143
enu_velocity: 0.7369524413134095 0.5427521189345569 0.58590497538528
velocity: 0.40986700770699186 0.7905168967222402 0.3719270770204718
angularVelocity: 0.34139834937964997 0.4156134280794551 0.7841868631274076
acceleration: 0.667765642497014 0.6296745760777038 0.4734558857089605
accel: 0.2452655
brake: 0.0
steer: 0.7965550861228471
linkid: A219BS010395
trafficlightid: C119BS010046
turn_signal_lamp: 1.0