position: 0.8631545232680027 0.4900093871530107 0.21601826955920078
orientation: 0.013763888436166882 0.4765815047008538 0.41992859393267096
enu_velocity: 0.7363130251509942 0.5522812198409801 0.62275457218358
velocity: 0.4183608002666233 0.7895266663474845 0.3971103916205019
angularVelocity: 0.47486627007000815 0.412660265889998 0.7900389787370588
acceleration: 0.6875772009649692 0.6222360278562166 0.43581187728477677
accel: 0.2527591
brake: 0.0
steer: 0.7695807604809881
linkid: A219BS010395
trafficlightid: C119BS010046
turn_signal_lamp: 1.0