position: 0.8637039894281472 0.4904238848184139 0.21524098126625724
orientation: 0.024523562016675104 0.4724543420358307 0.4215924959236813
enu_velocity: 0.7369120409853658 0.5542136448371641 0.6053906515230318
velocity: 0.4208797969447871 0.7809078637011931 0.37725076495532345
angularVelocity: 0.5119396299969668 0.4230758144642352 0.7828824155810234
acceleration: 0.6845596547547725 0.5946153168684526 0.4152686023587142
accel: 0.2471504
brake: 0.0
steer: 0.7854241143971401
linkid: A219BS010395
trafficlightid: C119BS010046
turn_signal_lamp: 1.0