position: 0.00824040012084469 0.010496543820936566 0.43973059844629914
orientation: 0.6459041702692696 0.33062002122717954 0.4997314970092565
enu_velocity: 0.890008828409238 0.9911871039800761 0.3440801423185216
velocity: 0.9918355092327342 0.4875468062729548 0.14081604274157897
angularVelocity: 0.5921148205083286 0.6729805771884407 0.5033726141773368
acceleration: 0.631717205243233 0.5133644599405782 0.4828679533218927
accel: 0.1383372
brake: 0.0
steer: 0.5586610334741632
linkid: A219BS010380
trafficlightid: null
turn_signal_lamp: 0.0