position: 0.8675561052588844 0.4934350884464864 0.2058171817934995
orientation: 0.1445349583237599 0.4687170285255548 0.43295116709062503
enu_velocity: 0.7372398461787342 0.5701358705036177 0.5020249132816078
velocity: 0.43689792357009855 0.7619873084443065 0.2735767122224557
angularVelocity: 0.5787791973029489 0.5151730385835548 0.7725261630728996
acceleration: 0.6697840390311636 0.7251889844338323 0.4282661960624909
accel: 0.2583711
brake: 0.0
steer: 0.7627559311017226
linkid: A219BS010395
trafficlightid: C119BS010046
turn_signal_lamp: 1.0