position: 0.8681060017653323 0.49388006388140493 0.20596096188149016
orientation: 0.16366767969583249 0.4761028526125024 0.43454486756492094
enu_velocity: 0.7369370994166841 0.5726492285931877 0.4876562937328468
velocity: 0.4390953462042414 0.7629891989804779 0.2651148980771696
angularVelocity: 0.5805971593601771 0.5317556533800539 0.7739620965521234
acceleration: 0.6751190796099624 0.7097257708054723 0.42535887305630476
accel: 0.2629001
brake: 0.0
steer: 0.7571498212544687
linkid: A219BS010395
trafficlightid: C119BS010046
turn_signal_lamp: 1.0