position: 0.868655381856216 0.49433113487022506 0.20596534097046426
orientation: 0.18257884234537558 0.48465772527080614 0.4361267307811292
enu_velocity: 0.7369260191579379 0.5750640957397355 0.46912347682898564
velocity: 0.4414921946021182 0.7611074962647733 0.25356657967089263
angularVelocity: 0.5786037466947622 0.5406249630290079 0.7710963775030543
acceleration: 0.6823325215797299 0.6746202666434267 0.4122984144462378
accel: 0.2605578
brake: 0.0
steer: 0.7514624634384142
linkid: A219BS010395
trafficlightid: C119BS010046
turn_signal_lamp: 1.0