position: 0.8692045898085785 0.4947883014129486 0.20540773697439985
orientation: 0.200895363210671 0.4938028951181762 0.4376812477390701
enu_velocity: 0.7370833588321339 0.5773483908684592 0.44966554106154694
velocity: 0.44393291666801643 0.7572663564239275 0.24166484274925248
angularVelocity: 0.570894744552406 0.5464116537586369 0.766473347969985
acceleration: 0.6832144376937874 0.6513891897896545 0.413375037590924
accel: 0.2577121
brake: 0.0
steer: 0.7460188495287619
linkid: A219BS010395
trafficlightid: C119BS010046
turn_signal_lamp: 1.0