position: 0.09361569295321442 0.117863630268082 0.8463034650271359
orientation: 0.9800720017062658 0.5160720124797342 0.4995532257103712
enu_velocity: 0.8902423661705041 0.9981061948964118 0.6432648072069846
velocity: 0.9992102739756139 0.5225370620173951 0.7473584298556241
angularVelocity: 0.400595250708477 0.47330678950536487 0.5317196109087313
acceleration: 0.5850451851643211 0.5338115047131801 0.46074655932718495
accel: 0.0439889
brake: 0.0
steer: 0.5695482612934677
linkid: A219BS010380
trafficlightid: null
turn_signal_lamp: 0.0