position: 0.8708509226267557 0.49617808770282945 0.20037689359105704
orientation: 0.2532221779016441 0.523824807919112 0.44221393114847873
enu_velocity: 0.7370513113145295 0.5844139921709918 0.4005998340048125
velocity: 0.45100255999238315 0.7512505964790905 0.21770611066106615
angularVelocity: 0.5717858056747772 0.558275604809581 0.7613841680822557
acceleration: 0.6765698068767381 0.7093701112149688 0.42992763935995165
accel: 0.2641304
brake: 0.0
steer: 0.7598310042248945
linkid: A219BS010395
trafficlightid: C119BS010046
turn_signal_lamp: 1.0