position: 0.8713991838172507 0.4966535409072623 0.19815596563290994
orientation: 0.2705294013953827 0.534726971603302 0.4437282233497698
enu_velocity: 0.7368612422606524 0.5868823958882279 0.39557985300287735
velocity: 0.4533104146431937 0.7509493756425234 0.22160858180029805
angularVelocity: 0.557765783574197 0.5654465253361985 0.760892236172137
acceleration: 0.6792408289478592 0.6871662430870393 0.45230436061078677
accel: 0.2665945
brake: 0.0
steer: 0.7545498862528438
linkid: A219BS010395
trafficlightid: C119BS010046
turn_signal_lamp: 1.0