position: 0.8730406106875697 0.4980981871822694 0.1936163100628545
orientation: 0.3151000346124522 0.5713476693292341 0.4482679762327587
enu_velocity: 0.7359860722852216 0.594481728193196 0.40038206181965263
velocity: 0.46019110205642255 0.7526870930316578 0.2565763486016294
angularVelocity: 0.5263211484345804 0.5815488130026039 0.7605383347435513
acceleration: 0.6740377141891434 0.7151703698430127 0.47358029556524905
accel: 0.2765015
brake: 0.0
steer: 0.7493500162495939
linkid: A219BS010395
trafficlightid: C119BS010046
turn_signal_lamp: 1.0