position: 0.8741319689129192 0.4990795713606486 0.19165082896154262
orientation: 0.34129218568781966 0.5960147153445481 0.45128318891787134
enu_velocity: 0.7356296288846322 0.599652707039916 0.4101202307128439
velocity: 0.46513212463513454 0.7519148723415494 0.2873581159383641
angularVelocity: 0.5217799343714512 0.5759015813367205 0.7593657697693215
acceleration: 0.6893241332899924 0.6880633706218428 0.47225797130351416
accel: 0.2805226
brake: 0.0
steer: 0.7388690282742932
linkid: A219BS010395
trafficlightid: C119BS010046
turn_signal_lamp: 1.0