position: 0.09454713449223126 0.11904616772526033 0.8492272367656633
orientation: 0.9781859880496335 0.5160592907111561 0.49961394646019136
enu_velocity: 0.8901815099801595 0.9983105329524744 0.6417641898865736
velocity: 0.9993852700832904 0.522559302026271 0.7459691715810703
angularVelocity: 0.39938417869263865 0.4693569383035253 0.5317446021603555
acceleration: 0.595010280774381 0.5333580003768335 0.4522020067470441
accel: 0.03362257
brake: 0.0
steer: 0.5695482612934677
linkid: A219BS010380
trafficlightid: null
turn_signal_lamp: 0.0