position: 0.8768557167362169 0.5016275128920968 0.18922189427711444
orientation: 0.4228131836076756 0.6558515716693838 0.4585559235639749
enu_velocity: 0.735992379509431 0.6116796363436485 0.4462223886682342
velocity: 0.4778233309569552 0.7349954481203201 0.3759737321012662
angularVelocity: 0.5435988832666325 0.5749118163413758 0.7440149358500361
acceleration: 0.6870692903639342 0.6495209335895473 0.5116737888645625
accel: 0.286461
brake: 0.0
steer: 0.7213194670133247
linkid: A219BS010395
trafficlightid: C119BS010046
turn_signal_lamp: 1.0