position: 0.8773992441173748 0.50214563497385 0.18984299506330693
orientation: 0.4361022620527619 0.6664804845931898 0.45993567655876005
enu_velocity: 0.7361261949419813 0.6140135856199955 0.4682812927229799
velocity: 0.48034307548173305 0.7310824039507453 0.4075640107813139
angularVelocity: 0.5132954229461244 0.5651199258321565 0.738357074344784
acceleration: 0.6884154209331944 0.6467746523649982 0.5166060679503958
accel: 0.2886668
brake: 0.0
steer: 0.7218882027949303
linkid: A219BS010395
trafficlightid: C119BS010046
turn_signal_lamp: 1.0