position: 0.8779420829444474 0.50267594816341 0.19085164522372766
orientation: 0.44593949101554264 0.675905996606958 0.46127904094534977
enu_velocity: 0.7362692155125669 0.6163585691513698 0.4917446298869254
velocity: 0.4828810176074515 0.7273841894217955 0.4398221484322885
angularVelocity: 0.4812932243629636 0.5547179288070443 0.732625834566303
acceleration: 0.6894482181640463 0.6460911353918424 0.5198460199421542
accel: 0.2915478
brake: 0.0
steer: 0.7173383165420866
linkid: A219BS010395
trafficlightid: C119BS010046
turn_signal_lamp: 1.0