position: 0.8784844914252166 0.5032062613529691 0.19047723311642262
orientation: 0.45750813761228715 0.682003893074996 0.46260284097482235
enu_velocity: 0.7362475663916319 0.6190235460785382 0.49451129713407854
velocity: 0.4856121534417873 0.7267278636693927 0.4492750691271966
angularVelocity: 0.5202037093632179 0.5172676850404879 0.7299618066087843
acceleration: 0.6976602769300336 0.6883215997378123 0.45266711799630005
accel: 0.2900676
brake: 0.0
steer: 0.7128696782580437
linkid: A219BS010395
trafficlightid: C119BS010046
turn_signal_lamp: 1.0