position: 0.8795708576334471 0.5042790788398941 0.19088083915022303
orientation: 0.5125613062850763 0.6904383900070898 0.4652102162771177
enu_velocity: 0.7372197312474718 0.6235263394819336 0.5431104726159107
velocity: 0.4911003504597442 0.7128499748864856 0.5061920179560673
angularVelocity: 0.685330386079312 0.4983038551289208 0.7252300979034736
acceleration: 0.69899179136689 0.6029272717564551 0.4551779579385591
accel: 0.2848143
brake: 0.0
steer: 0.704257393565161
linkid: A219BS010395
trafficlightid: C119BS010046
turn_signal_lamp: 1.0