position: 0.8806577402572415 0.505376278542431 0.19880844989008484
orientation: 0.542050913189816 0.7007202160234701 0.46769220432707687
enu_velocity: 0.7375270805785396 0.628421053276857 0.6058522280177112
velocity: 0.4964028322352239 0.707316521618381 0.5793678752771846
angularVelocity: 0.5406092232629071 0.49828619867933344 0.7148156385759101
acceleration: 0.6923945868544636 0.6508959460944036 0.46699338129386575
accel: 0.2897574
brake: 0.0
steer: 0.6993825154371142
linkid: A219BS010395
trafficlightid: C119BS010046
turn_signal_lamp: 1.0