position: 0.8812004930150535 0.5059248783936994 0.19994701302341067
orientation: 0.5572368465273462 0.7004600790189313 0.46889817979688037
enu_velocity: 0.7376837383906589 0.6308146692655743 0.6053795025925303
velocity: 0.4990315130834413 0.7043594340157648 0.5804848103285754
angularVelocity: 0.5391122130376593 0.46787780446261834 0.7116730652851454
acceleration: 0.693593794842789 0.6402734466820551 0.4579295359622092
accel: 0.291083
brake: 0.0
steer: 0.6955638609034775
linkid: A219BS010395
trafficlightid: C119BS010046
turn_signal_lamp: 1.0