position: 0.8822854821151132 0.5070464603118481 0.19636199884975936
orientation: 0.586108864365371 0.6901832419314052 0.47123707950949256
enu_velocity: 0.738122005240451 0.635549999376769 0.5947397424902259
velocity: 0.5043571781039551 0.6974739850315328 0.5651486441826336
angularVelocity: 0.5299683179117591 0.4133930175105374 0.7036713629092065
acceleration: 0.6955352283047495 0.6295579050023721 0.44175049422821283
accel: 0.2920087
brake: 0.0
steer: 0.6899577510562237
linkid: A219BS010395
trafficlightid: C119BS010046
turn_signal_lamp: 1.0