position: 0.8839115025877714 0.5087593109585855 0.1774932343075344
orientation: 0.6252151533590377 0.6559221293774642 0.47452844008119704
enu_velocity: 0.7389555816292037 0.6425330481046522 0.5607971198057609
velocity: 0.5123960306400686 0.6863689886346993 0.5082825325100562
angularVelocity: 0.5179325285886572 0.3579956111623178 0.6903736332428961
acceleration: 0.6975891755359439 0.6183925260545967 0.4284332102911426
accel: 0.2905546
brake: 0.0
steer: 0.6804517387065324
linkid: A219BS010395
trafficlightid: C119BS010046
turn_signal_lamp: 1.0