position: 0.8844534807222372 0.5093444841332726 0.16813074208041767
orientation: 0.6373352213465957 0.641019486185941 0.4755703380013963
enu_velocity: 0.7392867961329557 0.6448320555734124 0.5465810036227741
velocity: 0.5150930148123648 0.682414815895768 0.4833518341051919
angularVelocity: 0.5148330924250242 0.3449202663417163 0.6861503169792663
acceleration: 0.6972570391522034 0.6123294966695656 0.4250280093134844
accel: 0.2897008
brake: 0.0
steer: 0.6771205719857004
linkid: A219BS010395
trafficlightid: C119BS010046
turn_signal_lamp: 1.0