position: 0.88608010367972 0.5111060992112355 0.13403150608547376
orientation: 0.6700672250577675 0.5917124769119498 0.4785308033678534
enu_velocity: 0.7403955038696526 0.6515269876422475 0.5114098262472395
velocity: 0.5230620683311714 0.6697639647658189 0.4111475507041774
angularVelocity: 0.4967446969891115 0.33308180510936425 0.6732271139859087
acceleration: 0.6950525914326626 0.6008860342697502 0.436982392260158
accel: 0.2878738
brake: 0.0
steer: 0.6680207994800131
linkid: A219BS010395
trafficlightid: C119BS010046
turn_signal_lamp: 1.0