position: 0.8866225982297499 0.5117034634937276 0.1217671375647007
orientation: 0.6794521215250496 0.5752425973560957 0.47946293264013773
enu_velocity: 0.7407834833912887 0.6537060486720989 0.5029182729534666
velocity: 0.5256747951182902 0.6655501590993691 0.38995787404767523
angularVelocity: 0.4929938330277833 0.33506656929627665 0.6690036985624501
acceleration: 0.694301078624896 0.5970265446642776 0.44033805511914836
accel: 0.2876871
brake: 0.0
steer: 0.6651771205719857
linkid: A219BS010395
trafficlightid: C119BS010046
turn_signal_lamp: 1.0