position: 0.8887959331310357 0.5141355895010173 0.07277826920887343
orientation: 0.7178196164356315 0.5143279185875229 0.48293996279703233
enu_velocity: 0.7424180772546324 0.6622962162109145 0.4833852210423586
velocity: 0.5360419434459969 0.6493714024647814 0.3223441073806308
angularVelocity: 0.5037064945029683 0.3536758935507891 0.65370611347117
acceleration: 0.6926949026999498 0.5920338849381386 0.4531510092020038
accel: 0.2860267
brake: 0.0
steer: 0.6546148846278844
linkid: A219BS010395
trafficlightid: C119BS010046
turn_signal_lamp: 1.0