position: 0.8893403212048003 0.5147512404452197 0.0608846635545941
orientation: 0.7289582634826486 0.5004132258499495 0.4837564595944786
enu_velocity: 0.7428527643285219 0.6644141801620034 0.4813146797303646
velocity: 0.5386197707244622 0.6453607839444524 0.30903384115263444
angularVelocity: 0.5170692366272939 0.3567900610500873 0.6513208237920919
acceleration: 0.6952325525628855 0.582895458788597 0.4501148409683263
accel: 0.2867095
brake: 0.0
steer: 0.6516087097822555
linkid: A219BS010395
trafficlightid: C119BS010046
turn_signal_lamp: 1.0