position: 0.8898857421096932 0.5153729869433228 0.048188954769849524
orientation: 0.7436257327862315 0.4857705058517284 0.48456007789354244
enu_velocity: 0.7433147258854789 0.6665239705908497 0.47064752306132035
velocity: 0.5412135520640262 0.6410967865831823 0.2865319031495493
angularVelocity: 0.5550844148070062 0.3483480195558175 0.6492282539272993
acceleration: 0.6944655862401293 0.5817090624764096 0.4327474476736725
accel: 0.2846649
brake: 0.0
steer: 0.6492525186870329
linkid: A219BS010395
trafficlightid: C119BS010046
turn_signal_lamp: 1.0