position: 0.8909788217202562 0.516622575493435 0.02531697305692493
orientation: 0.7701155697419952 0.45982779072840346 0.4861145948514833
enu_velocity: 0.7442313189820686 0.6705191882629856 0.4932759561374862
velocity: 0.5461426090969143 0.6321755087496261 0.2870644289016645
angularVelocity: 0.5084554035306614 0.3806855291324248 0.6433335987511414
acceleration: 0.688924397293884 0.5863880421046946 0.49995466029652585
accel: 0.2869117
brake: 0.0
steer: 0.6449463763405916
linkid: A219BS010395
trafficlightid: C119BS010046
turn_signal_lamp: 1.0