position: 0.8915261361488839 0.5172565130993441 0.016890876022152224
orientation: 0.7783538248349728 0.45021155909158156 0.4868639042488578
enu_velocity: 0.744571909089375 0.6725840243194982 0.5117762687922763
velocity: 0.5485833311628124 0.6293164901712789 0.2972630774878597
angularVelocity: 0.4816466882980526 0.3991592661943701 0.6401789279612768
acceleration: 0.6883460704299655 0.5953038664708442 0.5044732364549028
accel: 0.288652
brake: 0.0
steer: 0.6429151771205721
linkid: A219BS010395
trafficlightid: C119BS010046
turn_signal_lamp: 1.0