position: 0.8920736227160329 0.5178904507052549 0.010374061780187294
orientation: 0.784154608743052 0.4424909778785192 0.4875946905294099
enu_velocity: 0.7448734625927909 0.6746684768293927 0.531391438590847
velocity: 0.5510150790693427 0.6270459917400123 0.31024599777293144
angularVelocity: 0.46076290223687094 0.41501407676128016 0.6371849952537147
acceleration: 0.6879402443786887 0.5979594529654768 0.5068032614688697
accel: 0.289694
brake: 0.0
steer: 0.6396652583685409
linkid: A219BS010395
trafficlightid: C119BS010046
turn_signal_lamp: 1.0