position: 0.8931692844044161 0.5191705170248815 0.0023720065277621494
orientation: 0.7912346584768599 0.4310355776196081 0.48899735081067963
enu_velocity: 0.7455415169624272 0.6788048920982679 0.5739731718312306
velocity: 0.5558932825324785 0.6223120722067862 0.34321219324397734
angularVelocity: 0.4382678392953518 0.43512755843747053 0.6307588433957917
acceleration: 0.6890665239563739 0.5912711654280466 0.509736093027975
accel: 0.291664
brake: 0.0
steer: 0.635927851803705
linkid: A219BS010395
trafficlightid: C119BS010046
turn_signal_lamp: 1.0