position: 0.8942664953394915 0.5204688700062166 0.0
orientation: 0.796848250379931 0.42294150381139906 0.49032849432433623
enu_velocity: 0.7462462214186857 0.6829278210554429 0.615355883376801
velocity: 0.5607871907745084 0.6177943249994391 0.37806790902329
angularVelocity: 0.44161780990058563 0.446255179972101 0.6256122499672524
acceleration: 0.6892547827867636 0.5883629348084256 0.5073385275998885
accel: 0.2925724
brake: 0.0
steer: 0.6308904777380566
linkid: A219BS010395
trafficlightid: C119BS010046
turn_signal_lamp: 1.0