position: 0.8959162709280959 0.5224438294707836 0.004360112922107362
orientation: 0.8053730754728532 0.41314645471036127 0.49219050598195296
enu_velocity: 0.7475814778303627 0.6889271863814408 0.6712053825097517
velocity: 0.5681437579164472 0.6088821456251693 0.4266091093556935
angularVelocity: 0.4358014061293347 0.4493258857174201 0.6161345436253169
acceleration: 0.6896657092592438 0.563793899716884 0.49989753640495116
accel: 0.2931176
brake: 0.0
steer: 0.6242281442963926
linkid: A219BS010395
trafficlightid: C119BS010046
turn_signal_lamp: 1.0