position: 0.8964673724041932 0.5231082448462088 0.007286074205122173
orientation: 0.807435439898682 0.40975651318915984 0.4927688327625054
enu_velocity: 0.7480722480600598 0.6908957792135478 0.6869119993910278
velocity: 0.5705971933747835 0.6057560916834959 0.43982807798053536
angularVelocity: 0.4321834784201872 0.4469473020407271 0.6128557247299357
acceleration: 0.6896419580440875 0.5688340011795993 0.49563302797814346
accel: 0.2927403
brake: 0.0
steer: 0.6209782255443614
linkid: A219BS010395
trafficlightid: C119BS010046
turn_signal_lamp: 1.0