position: 0.09827076613063392 0.12378241310787885 0.8608040883174666
orientation: 0.9734881191980866 0.5164741557805863 0.4998458690353167
enu_velocity: 0.8899384261498198 0.9988042136959216 0.6396813237101845
velocity: 0.9997397493783273 0.5215733290767856 0.7450038760061701
angularVelocity: 0.4070703458637529 0.4760954545307884 0.5308205565067737
acceleration: 0.5903173177570022 0.528629905049016 0.44925269322768596
accel: 0.02823091
brake: 0.0
steer: 0.5689795255118623
linkid: A219BS010380
trafficlightid: null
turn_signal_lamp: 0.0