position: 0.8986790941957395 0.5258024796713272 0.022661055593994117
orientation: 0.8139752347145621 0.3928316076865994 0.49488611269869814
enu_velocity: 0.7500840821173318 0.6987382738052303 0.7302287361978126
velocity: 0.5804179151098593 0.5944834362990365 0.4700352895319929
angularVelocity: 0.4329841711957301 0.43530055579276744 0.6014896582744067
acceleration: 0.690303414161053 0.5672928505364354 0.4764769794056603
accel: 0.2910725
brake: 0.0
steer: 0.613015924601885
linkid: A219BS010395
trafficlightid: C119BS010046
turn_signal_lamp: 1.0