position: 0.8992341548578279 0.5264851817084617 0.027248881142766912
orientation: 0.8161586596069503 0.3882264343669348 0.4953745640011774
enu_velocity: 0.75063229922699 0.7006723335058628 0.7358561633567868
velocity: 0.582879327598745 0.5915100244704388 0.4720891804056334
angularVelocity: 0.4346696330454546 0.43599571082715 0.5985712456923731
acceleration: 0.6904465304575078 0.5483572915125936 0.4709213787913558
accel: 0.2902877
brake: 0.0
steer: 0.6117159571010725
linkid: A219BS010395
trafficlightid: C119BS010046
turn_signal_lamp: 1.0