position: 0.9003471164676067 0.5278627768905348 0.0372105787112047
orientation: 0.8212207939817553 0.37958290131585126 0.4962939791814416
enu_velocity: 0.7517578830500851 0.7045040807331486 0.7414361043302913
velocity: 0.5877839549755756 0.5857136345624144 0.471108973760877
angularVelocity: 0.4412833139089455 0.4393794394319248 0.5931265084069189
acceleration: 0.6897167895969678 0.5564680026046925 0.4616383392914252
accel: 0.2884
brake: 0.0
steer: 0.6068410789730257
linkid: A219BS010395
trafficlightid: C119BS010046
turn_signal_lamp: 1.0