position: 0.9014640372633766 0.5292525631804157 0.04776564283566431
orientation: 0.8284110629463111 0.3716660413875835 0.4971489470676728
enu_velocity: 0.7529501188911764 0.7082465322299352 0.7418194049199996
velocity: 0.5926414680157239 0.5795770859454598 0.46568343711496085
angularVelocity: 0.4524179059834127 0.441169961162981 0.5874375999593048
acceleration: 0.688895774034593 0.5412485492832493 0.45616810040955225
accel: 0.287145
brake: 0.0
steer: 0.6045661358466039
linkid: A219BS010395
trafficlightid: C119BS010046
turn_signal_lamp: 1.0