position: 0.9020241760118447 0.5299535518792586 0.05305266292400512
orientation: 0.8329878713312986 0.36784284703060377 0.4975484545281322
enu_velocity: 0.7535607263808517 0.710100082736479 0.7401481425361142
velocity: 0.5950614996586349 0.5765999640655025 0.46122982318610317
angularVelocity: 0.4596833856650695 0.441690849728736 0.5848398702632465
acceleration: 0.6886154792454726 0.5457549772396274 0.4535001535443133
accel: 0.2866694
brake: 0.0
steer: 0.6035911602209946
linkid: A219BS010395
trafficlightid: C119BS010046
turn_signal_lamp: 1.0