position: 0.9025853475914409 0.5306545405781016 0.05844332145140507
orientation: 0.8374765043316881 0.36467911779773277 0.49793272699901564
enu_velocity: 0.7541621287324918 0.7120047177570384 0.7329512475760951
velocity: 0.5975296427670466 0.5740595505643783 0.4520126020340094
angularVelocity: 0.455623924470942 0.44926319725498676 0.5824450414086486
acceleration: 0.6907618430638458 0.5488887095418037 0.43851045635978003
accel: 0.2845418
brake: 0.0
steer: 0.6000162495937602
linkid: A219BS010395
trafficlightid: C119BS010046
turn_signal_lamp: 1.0