position: 0.9042759200096047 0.5327879844441457 0.07516560254804583
orientation: 0.8458799075835239 0.36176683057911196 0.49899364125512424
enu_velocity: 0.7559953149256711 0.7176791855738968 0.695756997120847
velocity: 0.6049111381294521 0.5669355099439093 0.41584410171268027
angularVelocity: 0.43191146686576826 0.47799267857840666 0.5747024734130187
acceleration: 0.6897658145410724 0.5472403853766524 0.4234584858638248
accel: 0.2794175
brake: 0.0
steer: 0.5974163145921353
linkid: A219BS010395
trafficlightid: C119BS010046
turn_signal_lamp: 1.0