position: 0.904841825398538 0.5335011642507954 0.08069785161894893
orientation: 0.8472805952503388 0.3630033009604115 0.49931850822708623
enu_velocity: 0.7565629651045149 0.7195625694366257 0.6813572826483683
velocity: 0.6073309204901584 0.565230935680253 0.404035493578212
angularVelocity: 0.4282493188714399 0.487487044468082 0.5730013568039358
acceleration: 0.688486370075905 0.5490241455730969 0.4231926180410672
accel: 0.2781935
brake: 0.0
steer: 0.5939226519337018
linkid: A219BS010395
trafficlightid: C119BS010046
turn_signal_lamp: 1.0