position: 0.9076906318575954 0.5371341143769737 0.10903785576448666
orientation: 0.8564558944919367 0.3862801819505115 0.500750816455696
enu_velocity: 0.7597394195887724 0.7285912464437516 0.620609659785269
velocity: 0.6192468591554634 0.554322059665046 0.3744172256864542
angularVelocity: 0.4381194923062977 0.5333956776294397 0.562682269399604
acceleration: 0.6865199673877546 0.521959188752442 0.4354608643296443
accel: 0.2736225
brake: 0.0
steer: 0.587910302242444
linkid: A219BS010395
trafficlightid: C119BS010046
turn_signal_lamp: 1.0