position: 0.1001312995178512 0.12615358357613982 0.8665954334860178
orientation: 0.9723078699927674 0.5183082642034091 0.4999509247008449
enu_velocity: 0.8898416017349299 0.9990016042580783 0.6243415263909189
velocity: 0.9998863273146718 0.5208309850769367 0.7334293106289768
angularVelocity: 0.41575511195447085 0.4799850825407649 0.5301787504651835
acceleration: 0.5892410344872212 0.5261619006031177 0.4365405408671986
accel: 0.02570613
brake: 0.0
steer: 0.5686545336366592
linkid: A219BS010380
trafficlightid: null
turn_signal_lamp: 0.0