position: 0.9082645416877712 0.537865580845331 0.11475913550944883
orientation: 0.8583968370766795 0.3937362430286846 0.5009994536776581
enu_velocity: 0.7604356007690722 0.7303297546247322 0.6117522384485141
velocity: 0.6215983381920908 0.5517792787978162 0.37482235335049996
angularVelocity: 0.43155251412268386 0.5401162780275971 0.5603812259109788
acceleration: 0.6858999236459333 0.5283267428393972 0.4378169386015175
accel: 0.2725822
brake: 0.0
steer: 0.5848228794280144
linkid: A219BS010395
trafficlightid: C119BS010046
turn_signal_lamp: 1.0