position: 0.9094166648111569 0.5393468004437558 0.1263702899248842
orientation: 0.8592681110613778 0.4108016937841082 0.5014572157925026
enu_velocity: 0.761800347715566 0.7337969627600023 0.5977481853365173
velocity: 0.626270135989762 0.5474057465868852 0.3816381074625981
angularVelocity: 0.4121281351707899 0.5519438765102538 0.5556476232529401
acceleration: 0.6854807755989759 0.5246599523004947 0.44395574202456173
accel: 0.2712156
brake: 0.0
steer: 0.5814104647383816
linkid: A219BS010395
trafficlightid: C119BS010046
turn_signal_lamp: 1.0