position: 0.9099947059658453 0.54009045801992 0.13227987049574175
orientation: 0.8578012918561142 0.42027698818079984 0.5016548870421427
enu_velocity: 0.762585682362393 0.7354565964513428 0.5924377845692698
velocity: 0.6285976839347414 0.5443908881845287 0.38792229501420905
angularVelocity: 0.40028829438064634 0.5565314343956242 0.5519019797160637
acceleration: 0.6851209294642198 0.5162372241796969 0.44737915203781375
accel: 0.2704187
brake: 0.0
steer: 0.5808417289567762
linkid: A219BS010395
trafficlightid: C119BS010046
turn_signal_lamp: 1.0