position: 0.910574210297965 0.5408402111499875 0.13824929861591606
orientation: 0.8554856038868286 0.4302016425264277 0.5018355696343422
enu_velocity: 0.7632956712497458 0.7371519893024941 0.5887544095276857
velocity: 0.6309095271008265 0.5424386591591717 0.3962009035585137
angularVelocity: 0.3933530114431128 0.5598693458581196 0.5494762030789324
acceleration: 0.6846237525854187 0.5246194028110304 0.4514510613482288
accel: 0.2700442
brake: 0.0
steer: 0.5804354891127723
linkid: A219BS010395
trafficlightid: C119BS010046
turn_signal_lamp: 1.0