position: 0.9117375224252384 0.5423458129640242 0.14993854678472696
orientation: 0.8498058804453088 0.4504350274690422 0.5021634507229469
enu_velocity: 0.7646752486964076 0.7405666825573562 0.5814279975677019
velocity: 0.635529474199927 0.5394237883899773 0.4133286652674095
angularVelocity: 0.3907513700026507 0.5595213076599594 0.545802708233409
acceleration: 0.684599316239056 0.5134379639455077 0.44948326891787604
accel: 0.2682333
brake: 0.0
steer: 0.5774293142671434
linkid: A219BS010395
trafficlightid: C119BS010046
turn_signal_lamp: 1.0