position: 0.9123215023589132 0.5431016616479933 0.15539416179857968
orientation: 0.847247348793851 0.4603170264729669 0.5023076899048302
enu_velocity: 0.765413534859943 0.7422361244753877 0.5779064470081997
velocity: 0.6378323432066441 0.5375751722656347 0.42193243977366557
angularVelocity: 0.393690399099453 0.5576849652015579 0.5438372017730967
acceleration: 0.6842461691649849 0.5194761662044217 0.45194874371172034
accel: 0.2675091
brake: 0.0
steer: 0.5771043223919403
linkid: A219BS010395
trafficlightid: C119BS010046
turn_signal_lamp: 1.0