position: 0.9129072036778015 0.5438636058858659 0.16060235828538216
orientation: 0.8452955649732969 0.46994419811806193 0.5024431059452684
enu_velocity: 0.766116705126529 0.743915170282054 0.5759258459677407
velocity: 0.640120504563286 0.5362069070909505 0.43175918360584553
angularVelocity: 0.4002555107058531 0.5551052234768759 0.5426345715388088
acceleration: 0.6835986440492168 0.5233259081594264 0.45608944659957795
accel: 0.2665951
brake: 0.0
steer: 0.5746668833279169
linkid: A219BS010395
trafficlightid: C119BS010046
turn_signal_lamp: 1.0