position: 0.10106126927251051 0.12733612103331815 0.8690966231385222
orientation: 0.9726609329056874 0.5195453047480063 0.5000009042349929
enu_velocity: 0.8897993262861752 0.999076391986597 0.6155488891374408
velocity: 0.9999391751420612 0.5203602389202407 0.7271038778373542
angularVelocity: 0.4214733796637178 0.48100923907334653 0.5298208598366897
acceleration: 0.588731945460511 0.5217608755424653 0.43514836865329637
accel: 0.02495172
brake: 0.0
steer: 0.5686545336366592
linkid: A219BS010380
trafficlightid: null
turn_signal_lamp: 0.0