position: 0.9140839426097399 0.5453935899155162 0.17113625681313227
orientation: 0.8449425020603769 0.4890684372707765 0.5026927844075253
enu_velocity: 0.7676224270573782 0.7471537241325901 0.5806637697998991
velocity: 0.6446340081609935 0.5323912323359596 0.4600484478971467
angularVelocity: 0.4222535630396292 0.5550950060390435 0.5398754195576301
acceleration: 0.6821117570798795 0.5081044310459215 0.468698197082833
accel: 0.2662774
brake: 0.0
steer: 0.5740981475463114
linkid: A219BS010395
trafficlightid: C119BS010046
turn_signal_lamp: 1.0