position: 0.9146749802227903 0.5461616297072913 0.17662325529796785
orientation: 0.8462770581887431 0.49860384826016085 0.5028018406278701
enu_velocity: 0.7684024772731108 0.7487773943260636 0.5844805720460585
velocity: 0.6469131953582672 0.5304774129423199 0.4756918169618215
angularVelocity: 0.4306276518879396 0.5540844476614436 0.538360178047422
acceleration: 0.6848142190608069 0.5126385215853765 0.4690648236896214
accel: 0.2657453
brake: 0.0
steer: 0.573854403639909
linkid: A219BS010395
trafficlightid: C119BS010046
turn_signal_lamp: 1.0