position: 0.9164588517195248 0.5484840357443277 0.18668494206465303
orientation: 0.8404097813676883 0.5188887617107978 0.5030723986981428
enu_velocity: 0.7706313139362893 0.7537695773737288 0.5582493917010665
velocity: 0.6538215530962141 0.5267363773539172 0.47694478282593544
angularVelocity: 0.3819732130870013 0.512985072861087 0.5337134096513649
acceleration: 0.6836493437584927 0.5192297069966435 0.4373411023098122
accel: 0.2602311
brake: 0.0
steer: 0.5712544686382841
linkid: A219BS010395
trafficlightid: C119BS010046
turn_signal_lamp: 1.0