position: 0.9170566888041684 0.5492642666439105 0.18775708901520138
orientation: 0.8361972385059591 0.5229511395711288 0.5031417233809248
enu_velocity: 0.7713257904613973 0.7554473971520588 0.5498957548068317
velocity: 0.6561067230663999 0.5262556907329454 0.47471309270412687
angularVelocity: 0.3765578556699769 0.503828240926467 0.5325720701071888
acceleration: 0.683413277995032 0.5230104574353108 0.4394077244796391
accel: 0.259173
brake: 0.0
steer: 0.5692232694182646
linkid: A219BS010395
trafficlightid: C119BS010046
turn_signal_lamp: 1.0