position: 0.9176563333432859 0.5500444975434915 0.18800012845327618
orientation: 0.8314108328952872 0.5261754130191656 0.5032054582473877
enu_velocity: 0.7720010043828389 0.757126034282613 0.5417623137783008
velocity: 0.658379678208557 0.5260235174855604 0.4717453538065519
angularVelocity: 0.3715425386444595 0.49683806866763536 0.531860716336552
acceleration: 0.6828835954467702 0.5253851710510892 0.4404905498285886
accel: 0.2576574
brake: 0.0
steer: 0.5690607734806631
linkid: A219BS010395
trafficlightid: C119BS010046
turn_signal_lamp: 1.0