position: 0.9182575271290955 0.5508308239969759 0.1875527315297325
orientation: 0.8258084436025541 0.5287779590263548 0.5032582874918161
enu_velocity: 0.7727675878225571 0.7587337661077136 0.5341578903997295
velocity: 0.6606399199582761 0.524818178332982 0.4687304401207186
angularVelocity: 0.36358250481657245 0.4916503743346566 0.5299400677995412
acceleration: 0.682305040205783 0.5133074592771304 0.4422732780255744
accel: 0.256587
brake: 0.0
steer: 0.5689795255118623
linkid: A219BS010395
trafficlightid: C119BS010046
turn_signal_lamp: 1.0