position: 0.1019909549986096 0.12851865849049737 0.8712489453694052
orientation: 0.9734548727415988 0.5208958077888297 0.5000482532673436
enu_velocity: 0.8896992630264209 0.9989887309605463 0.6063926100364432
velocity: 0.9997773909912321 0.5197958146733944 0.7205155393403726
angularVelocity: 0.42538964608089547 0.482941489214867 0.529417253552376
acceleration: 0.5710223756239452 0.5222793253453643 0.4338279193656195
accel: 0.02432559
brake: 0.0
steer: 0.5684107897302568
linkid: A219BS010380
trafficlightid: null
turn_signal_lamp: 0.0