position: 0.920680118609294 0.5540005120265272 0.18112714830806587
orientation: 0.7960098614771935 0.5349306980765826 0.5034029650906655
enu_velocity: 0.7756346473895166 0.7651416032077806 0.5170663016663611
velocity: 0.6695143664444346 0.5226976279874967 0.46449569628156284
angularVelocity: 0.33681146537403645 0.4791241397186225 0.5257379142265498
acceleration: 0.679967372529436 0.5131797440355672 0.45430726546881434
accel: 0.0
brake: 0.1695889
steer: 0.566867078323042
linkid: A219BS010395
trafficlightid: C119BS010046
turn_signal_lamp: 1.0