position: 0.9218904245528955 0.5555853560413029 0.18352542936967398
orientation: 0.777581928845211 0.5498035146005991 0.5034461491618372
enu_velocity: 0.7722785222480515 0.7576428052263954 0.5114304813914297
velocity: 0.6591300176446058 0.5218602586188468 0.4697964508165773
angularVelocity: 0.3301723791706813 0.5991874806630508 0.5248659086426615
acceleration: 0.1517665346900961 0.5138846143931969 0.4308544236108693
accel: 0.0
brake: 0.2911664
steer: 0.5654858628534287
linkid: A219BS010395
trafficlightid: C119BS010046
turn_signal_lamp: 1.0