position: 0.9224825810663343 0.5563594913869823 0.19200115607948876
orientation: 0.7679209422392688 0.5712104737857444 0.5034657683210753
enu_velocity: 0.7689333068998135 0.7500203827210923 0.50429488759598
velocity: 0.6486185349203967 0.5208311534426008 0.48028904803718875
angularVelocity: 0.32770578153167196 0.6742572191575884 0.5238447617184357
acceleration: 0.14391325629921048 0.5077319029414491 0.4208970709215697
accel: 0.0
brake: 0.2993569
steer: 0.5654858628534287
linkid: A219BS010395
trafficlightid: C119BS010046
turn_signal_lamp: 1.0