position: 0.9230655281688811 0.5571275311787582 0.20353275704522433
orientation: 0.7581941854694049 0.5989371585969079 0.5034833598018443
enu_velocity: 0.7655650787064872 0.742410220499153 0.49520543924182964
velocity: 0.6381020665520942 0.5201167782832674 0.494955872825142
angularVelocity: 0.3279840468847477 0.7239551235790144 0.5233243243323642
acceleration: 0.1364362671920354 0.5102560979202353 0.4156049844730202
accel: 0.0
brake: 0.3251439
steer: 0.565404614884628
linkid: A219BS010395
trafficlightid: C119BS010046
turn_signal_lamp: 1.0