position: 0.9236384912371897 0.5578772843088258 0.21692328128056237
orientation: 0.7489964810071306 0.6309607365597543 0.5035011704910967
enu_velocity: 0.7619600739070305 0.7342908478415057 0.48386870042787833
velocity: 0.6268736482072618 0.5194814213878101 0.5105017531406986
angularVelocity: 0.3342481346658961 0.7582486092633085 0.5232333560971246
acceleration: 0.1024154681311219 0.5100495591232669 0.40693336463061025
accel: 0.0
brake: 0.3422972
steer: 0.5641858953526163
linkid: A219BS010395
trafficlightid: C119BS010046
turn_signal_lamp: 1.0