position: 0.9242008677864353 0.5586087507771831 0.23124290222662047
orientation: 0.7406812531398929 0.6657004299316345 0.5035182139506581
enu_velocity: 0.7581672161054459 0.7256704382703928 0.4713031735313977
velocity: 0.6149764057073067 0.5185262810321504 0.5259694157389394
angularVelocity: 0.34279549007405496 0.7784181900507969 0.522820752545755
acceleration: 0.07755083863865941 0.5025083989672063 0.40092921742335946
accel: 0.0
brake: 0.3520157
steer: 0.5641046473838155
linkid: A219BS010395
trafficlightid: C119BS010046
turn_signal_lamp: 1.0