position: 0.9282907069151547 0.5639545515500988 0.30708288447671306
orientation: 0.7078167695271074 0.8997489000837283 0.5036193786656111
enu_velocity: 0.7252964352762028 0.6513906941588536 0.42643438351710516
velocity: 0.5123362029109484 0.5127929125298858 0.6046752743942051
angularVelocity: 0.40636697902510355 0.623513479310047 0.5230362142601948
acceleration: 0.028884065903531986 0.5069239281266897 0.43095197315177103
accel: 0.0
brake: 0.3822526
steer: 0.5636171595710108
linkid: A219BS010395
trafficlightid: C119BS010046
turn_signal_lamp: 1.0