position: 0.9287490257282452 0.5645519158325909 0.30861264622507933
orientation: 0.7071662953784317 0.9145628116120597 0.5036287498282639
enu_velocity: 0.7210835163422736 0.641853419730188 0.43448594004963337
velocity: 0.49916138911207303 0.5120536017620271 0.6092720694733776
angularVelocity: 0.4131161473846308 0.5914511952430478 0.5228791684932733
acceleration: 0.02791026608212288 0.5084447672010051 0.4381142468289641
accel: 0.0
brake: 0.3834926
steer: 0.5654858628534287
linkid: A219BS010395
trafficlightid: C119BS010046
turn_signal_lamp: 1.0