position: 0.9291952948448413 0.5651309934533746 0.30865716696298495
orientation: 0.7071330489219438 0.9258331582456871 0.5036358741039648
enu_velocity: 0.7168531587857332 0.6323200277245875 0.44490435528212446
velocity: 0.48597884756485304 0.5115168085643532 0.6125336698061299
angularVelocity: 0.4181175660598123 0.5605796908167462 0.5226990547787649
acceleration: 0.027677625974694253 0.5109704612281948 0.4421452390846374
accel: 0.0
brake: 0.3846662
steer: 0.5655671108222295
linkid: A219BS010395
trafficlightid: C119BS010046
turn_signal_lamp: 1.0