position: 0.10384876859718958 0.13088982895875656 0.874887238458911
orientation: 0.9758482562341984 0.5249058731666042 0.5001369779008804
enu_velocity: 0.8894619750237331 0.9987418905888226 0.5861373919868812
velocity: 0.9993518662678649 0.5188452235473779 0.7076008088601402
angularVelocity: 0.4319856327103887 0.48905208347897666 0.528745276149711
acceleration: 0.592974385989219 0.5231544857604211 0.43625026180458387
accel: 0.03588663
brake: 0.0
steer: 0.568329541761456
linkid: A219BS010380
trafficlightid: null
turn_signal_lamp: 0.0