position: 0.9304624065004876 0.5667828885610824 0.30230967749469384
orientation: 0.7093056325785208 0.9411149600301272 0.5036659604682711
enu_velocity: 0.7040369814715913 0.6037378334567195 0.4883069083333498
velocity: 0.44636441529234205 0.5110481672434619 0.616768152047569
angularVelocity: 0.42467901183096307 0.4849641583036042 0.523160749287363
acceleration: 0.02604031464270029 0.5112480782414275 0.45496381808966707
accel: 0.0
brake: 0.3876379
steer: 0.5635359116022101
linkid: A219BS010395
trafficlightid: C119BS010046
turn_signal_lamp: 1.0