position: 0.9312470138807942 0.5678008460628821 0.2957352052479001
orientation: 0.7102209942555182 0.9400359259893828 0.5036747288075952
enu_velocity: 0.6954307740378969 0.5846491852735198 0.5256536711309665
velocity: 0.4198744418133636 0.5112923875576184 0.6183856979296284
angularVelocity: 0.41954605033409054 0.4543448381683325 0.5230454837209805
acceleration: 0.024504783357706228 0.5296881043374513 0.4625101910962746
accel: 0.0
brake: 0.3886734
steer: 0.5635359116022101
linkid: A219BS010395
trafficlightid: C119BS010046
turn_signal_lamp: 1.0