position: 0.9323323472578967 0.5692150145683739 0.2870843149791118
orientation: 0.7083353419734129 0.9288557364271913 0.5036899089950502
enu_velocity: 0.6825121128536287 0.5560551393984001 0.581028717741934
velocity: 0.3801817349285871 0.5118644774772498 0.6141935073190681
angularVelocity: 0.40446799298197567 0.4269515575139576 0.522615414653185
acceleration: 0.02517720157397474 0.5176243752942093 0.45753679378163825
accel: 0.0
brake: 0.3911718
steer: 0.5667045823854404
linkid: A219BS010395
trafficlightid: C119BS010046
turn_signal_lamp: 1.0