position: 0.9336096150863027 0.5708791007838876 0.2814827303327814
orientation: 0.700913070562496 0.9065605697299733 0.503727941666869
enu_velocity: 0.6650579267403975 0.5180229230518052 0.6347015578520876
velocity: 0.3272239740868456 0.5149045324284106 0.5869768808657838
angularVelocity: 0.39910665538050444 0.4195815582775766 0.5247362214691143
acceleration: 0.02448133664530827 0.5245211177101292 0.4405030178494668
accel: 0.0
brake: 0.3938058
steer: 0.5677608059798506
linkid: A219BS010395
trafficlightid: C119BS010046
turn_signal_lamp: 1.0