position: 0.10477751616834732 0.13207236641593667 0.87633233782044
orientation: 0.9783074098907196 0.5272577967692836 0.5001789563253951
enu_velocity: 0.8894733962135176 0.9988828838475059 0.5793872567544834
velocity: 0.999511406878852 0.518385595884599 0.7052300359522462
angularVelocity: 0.4421140708174805 0.4912615022358264 0.5285296917745632
acceleration: 0.5919618107865534 0.5212721765569084 0.4419625300985817
accel: 0.03026677
brake: 0.0
steer: 0.568329541761456
linkid: A219BS010380
trafficlightid: null
turn_signal_lamp: 0.0