position: 0.9338988078021683 0.5712509295719705 0.2813506278153892
orientation: 0.6986963992136201 0.9010627701326798 0.5037362167871062
enu_velocity: 0.66079318628864 0.5084069784715555 0.6427142457299686
velocity: 0.313942218222168 0.5143257873833167 0.5756686219642675
angularVelocity: 0.39648155550141123 0.421663943809111 0.5234220830326725
acceleration: 0.022445355076860296 0.5115416447000584 0.43473547678332064
accel: 0.0
brake: 0.3942106
steer: 0.5680045498862529
linkid: A219BS010395
trafficlightid: C119BS010046
turn_signal_lamp: 1.0