position: 0.9341759508215393 0.5716105672522458 0.28167249085500234
orientation: 0.6966011497058303 0.8958803421093817 0.5037464099815707
enu_velocity: 0.6564042446596137 0.4988482485470032 0.6483534771108507
velocity: 0.30063752839466096 0.5150990486544968 0.562308477771606
angularVelocity: 0.3984668975153486 0.42461606632945537 0.5241733307855867
acceleration: 0.022207995176676265 0.5258123338695334 0.4288343656822815
accel: 0.0
brake: 0.3941037
steer: 0.568329541761456
linkid: A219BS010395
trafficlightid: C119BS010046
turn_signal_lamp: 1.0