position: 0.9344401834518093 0.571958013824716 0.2823563585831601
orientation: 0.6946710483568987 0.8910503462744246 0.50375978169904
enu_velocity: 0.6520433275619391 0.4892950357499647 0.6515159044610264
velocity: 0.287360508891872 0.5156190759534081 0.547007278520473
angularVelocity: 0.3998618732861819 0.42780333332257814 0.5245766157920554
acceleration: 0.023348967012454924 0.523564548379831 0.4232878139249664
accel: 0.0
brake: 0.3945437
steer: 0.5687357816054599
linkid: A219BS010395
trafficlightid: C119BS010046
turn_signal_lamp: 1.0