position: 0.9346932270781917 0.5722810781815735 0.28331975815751287
orientation: 0.692895615305541 0.8866166139313129 0.5037749070843743
enu_velocity: 0.6476882062919165 0.47972279907990667 0.652333869714783
velocity: 0.27406853245680296 0.5159988403439465 0.5298284180575672
angularVelocity: 0.40125308912791446 0.4314550814544899 0.5247502416772925
acceleration: 0.02192328509755881 0.5220419908467522 0.41774581045077785
accel: 0.0
brake: 0.3949568
steer: 0.5771043223919403
linkid: A219BS010395
trafficlightid: C119BS010046
turn_signal_lamp: 1.0