position: 0.9351614438562597 0.5728906335718724 0.2859340742751879
orientation: 0.6917706564028592 0.8793352722686539 0.5038602339864231
enu_velocity: 0.638289044402688 0.46075812279532014 0.648326466537679
velocity: 0.2472049098812486 0.5234976781261909 0.490300305458934
angularVelocity: 0.4214309915311709 0.4416377190520082 0.5338136304902193
acceleration: 0.01702680461656625 0.5748295350280201 0.4081863530196068
accel: 0.0
brake: 0.3923433
steer: 0.579054273643159
linkid: A219BS010395
trafficlightid: C119BS010046
turn_signal_lamp: 1.0