position: 0.9353783383931588 0.5731710290514087 0.28726896656419587
orientation: 0.6923221139311253 0.8762243187760189 0.5039407383018435
enu_velocity: 0.6339025574771376 0.4514006658559895 0.6430967294495677
velocity: 0.2341265184391386 0.524735620856778 0.4685127908203617
angularVelocity: 0.420588647309088 0.4429884858438295 0.5350436883331222
acceleration: 0.03511457296913789 0.5308437494438024 0.40450195743156864
accel: 0.0
brake: 0.3946015
steer: 0.5695482612934677
linkid: A219BS010395
trafficlightid: C119BS010046
turn_signal_lamp: 1.0