position: 0.9355823225409567 0.5734392334231408 0.28840315060854715
orientation: 0.6919694123927322 0.8732840579206086 0.504005788419205
enu_velocity: 0.6299196476682277 0.44181287905986516 0.6360800755326577
velocity: 0.2210812316738084 0.5214636454717322 0.4456554287194181
angularVelocity: 0.4070251310907122 0.44463171155706943 0.5301117640345119
acceleration: 0.03185502319169131 0.4350488717397616 0.40143313856821644
accel: 0.0
brake: 0.3982191
steer: 0.5692232694182646
linkid: A219BS010395
trafficlightid: C119BS010046
turn_signal_lamp: 1.0