position: 0.9359532810544628 0.5739207821814762 0.29023069040716765
orientation: 0.6890578178283544 0.868617984033717 0.5040812509395138
enu_velocity: 0.621460978141377 0.4226125396952216 0.61925018146186
velocity: 0.194624587225594 0.5196555923989175 0.3971465793046558
angularVelocity: 0.4037519349482541 0.45223522047617565 0.5277666985399408
acceleration: 0.02331014291075706 0.5144507130683266 0.39630881379344784
accel: 0.0
brake: 0.3990343
steer: 0.5691420214494638
linkid: A219BS010395
trafficlightid: C119BS010046
turn_signal_lamp: 1.0