position: 0.10570620349102258 0.133254903873115 0.8777073717583794
orientation: 0.9811749167627983 0.5298269169531499 0.5002196194990112
enu_velocity: 0.8894626568858097 0.9989648234079869 0.5760051236606696
velocity: 0.9995906786199362 0.5179320350391384 0.706459806818806
angularVelocity: 0.44398190261592385 0.49297294816819265 0.5283252539557581
acceleration: 0.5895351110711874 0.5218592695813773 0.44978014935225935
accel: 0.02996483
brake: 0.0
steer: 0.568329541761456
linkid: A219BS010380
trafficlightid: null
turn_signal_lamp: 0.0