position: 0.9361211161127776 0.5741402221219838 0.2909255058577611
orientation: 0.6878005958487752 0.8670037091973325 0.5041151186501537
enu_velocity: 0.6171534337977553 0.41299105755365256 0.6098616060456288
velocity: 0.18131974782876414 0.5194271698367877 0.3721736764681518
angularVelocity: 0.40582929386389516 0.4564988425614722 0.5275230410256934
acceleration: 0.02185819763294783 0.5156693516561953 0.39495286881367897
accel: 0.0
brake: 0.399054
steer: 0.5691420214494638
linkid: A219BS010395
trafficlightid: C119BS010046
turn_signal_lamp: 1.0