position: 0.936276901474598 0.574341375400782 0.2914363995714333
orientation: 0.686785856176841 0.8658509102799585 0.5041477259120156
enu_velocity: 0.6128504067903917 0.40336385394651375 0.600159379437243
velocity: 0.16801189211725784 0.5191599525042758 0.34710093050307855
angularVelocity: 0.4081458385846755 0.46039960220108705 0.5273023400033853
acceleration: 0.022216064499774313 0.5148436340615712 0.3944732316839764
accel: 0.0
brake: 0.3990453
steer: 0.5690607734806631
linkid: A219BS010395
trafficlightid: C119BS010046
turn_signal_lamp: 1.0