position: 0.936551462416149 0.5746949175271547 0.29177942820775593
orientation: 0.6855065903511122 0.8646977550105237 0.5042102003297005
enu_velocity: 0.6042544954740553 0.38413519332729995 0.5810805746313178
velocity: 0.14143005814585946 0.5187108136866975 0.29773656935522264
angularVelocity: 0.41281695571201316 0.4667635917914897 0.52702519621499
acceleration: 0.022902794345688204 0.5154125131109198 0.39573390126440683
accel: 0.0
brake: 0.3996596
steer: 0.5692232694182646
linkid: A219BS010395
trafficlightid: C119BS010046
turn_signal_lamp: 1.0