position: 0.9367778245717222 0.5749875041144978 0.29118533180357176
orientation: 0.6851318449665695 0.8647850612654716 0.5042700442455883
enu_velocity: 0.5956634424250152 0.3649115185566541 0.5641534864824155
velocity: 0.11485463072712108 0.5183313231332832 0.2508101245292331
angularVelocity: 0.41656062684864775 0.4716039402025347 0.526728030073986
acceleration: 0.023203795322380816 0.5157062989799106 0.39914470012899
accel: 0.0
brake: 0.4002105
steer: 0.5693045173870654
linkid: A219BS010395
trafficlightid: C119BS010046
turn_signal_lamp: 1.0