position: 0.9368725007584638 0.5751094151925589 0.2905540131431059
orientation: 0.68518677389468 0.8651756231243407 0.5042978837229427
enu_velocity: 0.5913694841832716 0.3553074051498503 0.5569507298061181
velocity: 0.10157514333050592 0.5181953568177229 0.2286333524880995
angularVelocity: 0.4178927782204099 0.47337788494734795 0.5264846749972161
acceleration: 0.023323541032127304 0.5156238442597647 0.4014755521035253
accel: 0.0
brake: 0.400634
steer: 0.5693045173870654
linkid: A219BS010395
trafficlightid: C119BS010046
turn_signal_lamp: 1.0