position: 0.9370265647350708 0.5753044729174537 0.288749828485682
orientation: 0.6855839244998991 0.8664592032481061 0.5043519186140282
enu_velocity: 0.582762288049566 0.3360949689722879 0.5458447343565335
velocity: 0.07499532854496538 0.5181477586254719 0.18745182024051293
angularVelocity: 0.41935712479789905 0.47608483915064054 0.5264185760470113
acceleration: 0.022698472994792218 0.5183099847977773 0.4069553426980257
accel: 0.0
brake: 0.4011758
steer: 0.5693857653558662
linkid: A219BS010395
trafficlightid: C119BS010046
turn_signal_lamp: 1.0