position: 0.9370850918323294 0.5753776195642892 0.2875988579335953
orientation: 0.6859369874128192 0.8672014845911943 0.5043788264553293
enu_velocity: 0.578485921849401 0.326600053822644 0.5420350586288324
velocity: 0.06184232693899842 0.5183605972052007 0.1686581083520303
angularVelocity: 0.42066123000553474 0.47565611187413265 0.5262739841596139
acceleration: 0.03324827556281629 0.5192614693313417 0.4103997129810704
accel: 0.0
brake: 0.4017748
steer: 0.569467013324667
linkid: A219BS010395
trafficlightid: C119BS010046
turn_signal_lamp: 1.0