position: 0.9371324299257002 0.5754385751033189 0.2862179852103566
orientation: 0.6863890669461489 0.8677563247501899 0.5044050218690603
enu_velocity: 0.5742522794223061 0.31721756547144575 0.5395738020599848
velocity: 0.04883844594786348 0.5186639327710426 0.15129055745601452
angularVelocity: 0.421343398570462 0.4740895563803597 0.5262549395229162
acceleration: 0.03373494709645197 0.5200421544072024 0.4138360044954849
accel: 0.0
brake: 0.4063537
steer: 0.569467013324667
linkid: A219BS010395
trafficlightid: C119BS010046
turn_signal_lamp: 1.0