position: 0.9371677183225766 0.57548124398064 0.28476047843006747
orientation: 0.6868299438691402 0.8682908528417079 0.5044306692615836
enu_velocity: 0.5699798543849443 0.3077097565904643 0.5384322036408709
velocity: 0.03567193324640356 0.518830081237758 0.13500475148652905
angularVelocity: 0.42093886462381014 0.4743644628191022 0.5261415433176241
acceleration: 0.026402672925213366 0.5179670704942472 0.41651678801517855
accel: 0.0
brake: 0.2864178
steer: 0.5695482612934677
linkid: A219BS010395
trafficlightid: C119BS010046
turn_signal_lamp: 1.0