position: 0.9371909570229586 0.5755117217501544 0.2828139733809776
orientation: 0.6877344643103265 0.8679501802713805 0.5044484251487151
enu_velocity: 0.5661593470761499 0.2995468456232117 0.5384852373618075
velocity: 0.024261800638478784 0.5203826776642011 0.12172410335202595
angularVelocity: 0.4307012975389103 0.4579364324794065 0.523908283504693
acceleration: 0.18121964012341496 0.5536473213217158 0.42955991225948376
accel: 0.0
brake: 0.2433032
steer: 0.5695482612934677
linkid: A219BS010395
trafficlightid: C119BS010046
turn_signal_lamp: 1.0