position: 0.9372124743381272 0.5755361039657672 0.26460134233674015
orientation: 0.6910760945618843 0.8426235265911332 0.504449685597493
enu_velocity: 0.559214250610565 0.2843809825840632 0.5526485532153175
velocity: 0.0031548151215417953 0.5219458708806726 0.11095316616076575
angularVelocity: 0.4221258631485256 0.3395024430431617 0.5223386985411308
acceleration: 0.4581328499859548 0.5199853884974963 0.46784753614255026
accel: 0.0
brake: 1.0
steer: 0.5697107572310693
linkid: A219BS010395
trafficlightid: C119BS010046
turn_signal_lamp: 1.0