position: 0.9372081708750934 0.5755361039657672 0.22337659873239968
orientation: 0.690447302884831 0.7679039827901909 0.5044314364912745
enu_velocity: 0.5582863377511745 0.2824422811401492 0.5928206183760586
velocity: 0.00039660200485287875 0.5226563808554989 0.14712286111166822
angularVelocity: 0.4124678560486473 0.20669564833945125 0.5223156409061661
acceleration: 0.569963322642749 0.5185979938835144 0.49656195914592155
accel: 0.0
brake: 1.0
steer: 0.5697107572310693
linkid: A219BS010395
trafficlightid: C119BS010046
turn_signal_lamp: 1.0