position: 0.10756330271473896 0.13562607434137508 0.8800100427107143
orientation: 0.9866338403682955 0.5351441173259226 0.5002986989592914
enu_velocity: 0.8894106649024622 0.9991560838284617 0.566276127949507
velocity: 0.999757946979268 0.5174535391151598 0.70628183317216
angularVelocity: 0.4422089487842577 0.49302707907830823 0.5281267181299566
acceleration: 0.5899776167634858 0.5242185891821793 0.4421919830307692
accel: 0.02738166
brake: 0.0
steer: 0.568329541761456
linkid: A219BS010380
trafficlightid: null
turn_signal_lamp: 0.0