position: 0.9372004246416328 0.5755239128579612 0.17869456438282594
orientation: 0.6881865438436561 0.674895738513989 0.5044062823178382
enu_velocity: 0.558161201911464 0.28218240400044875 0.642664748787307
velocity: 0.0 0.5229236174626111 0.19552374914871745
angularVelocity: 0.41051416552332437 0.20409084700408586 0.5222257173395536
acceleration: 0.586930810426479 0.5168142450411725 0.49546399405733416
accel: 0.0
brake: 1.0
steer: 0.5699545011374716
linkid: A219BS010395
trafficlightid: C119BS010046
turn_signal_lamp: 1.0