position: 0.9371978425638126 0.5755178173040578 0.16642216753226657
orientation: 0.687447532935855 0.6461252985161214 0.5043981716039634
enu_velocity: 0.5581916172217223 0.28223812596664677 0.6567370329949097
velocity: 7.474228342541816e-05 0.5229251430003963 0.20937149404559996
angularVelocity: 0.4110457422341017 0.2212926026825614 0.5221868498796546
acceleration: 0.5903897924585324 0.5163745972669141 0.4906256386083717
accel: 0.0
brake: 1.0
steer: 0.5700357491062724
linkid: A219BS010395
trafficlightid: C119BS010046
turn_signal_lamp: 1.0