position: 0.9371952604859924 0.5755178173040578 0.15601818197742112
orientation: 0.6867970587871793 0.6197691437316103 0.5043906089112962
enu_velocity: 0.558242427879022 0.2823347741890794 0.6682967863252712
velocity: 0.0002098263158770309 0.5228980235849732 0.22080719463480522
angularVelocity: 0.41186012069257666 0.24362802933587727 0.5221729309830735
acceleration: 0.592726950854016 0.5160583120622917 0.4842545117457822
accel: 0.0
brake: 1.0
steer: 0.5701169970750732
linkid: A219BS010395
trafficlightid: C119BS010046
turn_signal_lamp: 1.0