position: 0.9371883749451385 0.5755117217501544 0.1333417995720172
orientation: 0.685385529884553 0.5439687841296186 0.5043679756354156
enu_velocity: 0.5585415181556859 0.2829291827642485 0.6830025129078943
velocity: 0.0010576732341280814 0.522646073007804 0.23590097305630717
angularVelocity: 0.41639297379027246 0.34960609088357175 0.5220943120633187
acceleration: 0.596194773666906 0.5156007173337868 0.45245678375633164
accel: 0.0
brake: 1.0
steer: 0.570198245043874
linkid: A219BS010395
trafficlightid: C119BS010046
turn_signal_lamp: 1.0