position: 0.9371849321747115 0.5755056261962519 0.13270172273360226
orientation: 0.6855947657357104 0.5129297356409361 0.5043566863985356
enu_velocity: 0.558809336703323 0.28350207556380447 0.6500109963283933
velocity: 0.001877293429780236 0.5224170301074201 0.20437823890673082
angularVelocity: 0.41906236968862204 0.43573367836007615 0.5220493131744045
acceleration: 0.5939518969379964 0.5159741255346402 0.4278060243123227
accel: 0.0
brake: 1.0
steer: 0.5703607409814755
linkid: A219BS010395
trafficlightid: C119BS010046
turn_signal_lamp: 1.0