position: 0.9371849321747115 0.5755056261962519 0.13418477419957542
orientation: 0.6857823191152452 0.5104480642528423 0.5043552615433955
enu_velocity: 0.5588577891917702 0.2836143501303984 0.6368350430454641
velocity: 0.0020373739860226644 0.5223842491182886 0.19166683089189998
angularVelocity: 0.41932762408052904 0.45111139552633966 0.5220431053724893
acceleration: 0.5930886407529744 0.5160774702691291 0.4243076153367471
accel: 0.0
brake: 1.0
steer: 0.5703607409814755
linkid: A219BS010395
trafficlightid: C119BS010046
turn_signal_lamp: 1.0