position: 0.9371849321747115 0.5755056261962519 0.1358787517844786
orientation: 0.68596987249478 0.5095047290769312 0.5043542751052215
enu_velocity: 0.5588982024581469 0.2837119100888033 0.6226872836304077
velocity: 0.0021763133671952213 0.5223611903894123 0.17799713812097848
angularVelocity: 0.4194370112426853 0.4640080033011287 0.5220385839817807
acceleration: 0.5921981673501485 0.5162062250248103 0.4221430937580858
accel: 0.0
brake: 1.0
steer: 0.5703607409814755
linkid: A219BS010395
trafficlightid: C119BS010046
turn_signal_lamp: 1.0