position: 0.9371849321747115 0.5755056261962519 0.14172483556520898
orientation: 0.6866756369460931 0.5159992097536694 0.5043528502500814
enu_velocity: 0.5589897011040541 0.2839656809126392 0.5657741747322865
velocity: 0.0025368321219175847 0.5223508821353784 0.12289242491491535
angularVelocity: 0.4188410586552765 0.4940829777844221 0.5220262586133945
acceleration: 0.5889702165851995 0.5165644406692906 0.42509489770100195
accel: 0.0
brake: 1.0
steer: 0.5703607409814755
linkid: A219BS010395
trafficlightid: C119BS010046
turn_signal_lamp: 1.0