position: 0.9371849321747115 0.5755056261962519 0.14248460750225522
orientation: 0.686785856176841 0.5191158648792806 0.5043530146564437
enu_velocity: 0.5589979275995438 0.28399831833866623 0.5535606470401205
velocity: 0.0025830448796500976 0.5223636993558114 0.11104993987612477
angularVelocity: 0.41860089786953925 0.49730689849136844 0.5220297229603293
acceleration: 0.5883323137565972 0.5166173679717339 0.4280899739459712
accel: 0.0
brake: 1.0
steer: 0.5703607409814755
linkid: A219BS010395
trafficlightid: C119BS010046
turn_signal_lamp: 1.0