position: 0.9371857928673182 0.5755056261962519 0.14288310459891918
orientation: 0.6868743929359663 0.5224899843689731 0.504353179062806
enu_velocity: 0.5590022392009668 0.28402133138095137 0.5428145681512937
velocity: 0.0026156678185694053 0.5223784067767445 0.10062612541517738
angularVelocity: 0.41830869247413666 0.4992607558251047 0.5220333492352645
acceleration: 0.5877745796529734 0.5166517386813407 0.4318252276089692
accel: 0.0
brake: 1.0
steer: 0.5704419889502763
linkid: A219BS010395
trafficlightid: C119BS010046
turn_signal_lamp: 1.0