position: 0.10941992855752164 0.13799724480963604 0.8813223097066885
orientation: 0.9925007558148233 0.5403134315933754 0.5003762987623106
enu_velocity: 0.889330375642932 0.9993115850891252 0.5583963834377521
velocity: 0.9998663847382984 0.5171256677429937 0.7075940073195041
angularVelocity: 0.4436082085027947 0.4919508387082434 0.5279552489709936
acceleration: 0.5883812321247365 0.5228734548447342 0.45201180899691756
accel: 0.02584663
brake: 0.0
steer: 0.5681670458238545
linkid: A219BS010380
trafficlightid: null
turn_signal_lamp: 0.0