position: 0.9371866535599249 0.5755056261962519 0.14203356133789935
orientation: 0.6869625683205647 0.5329853009051057 0.5043540010946176
enu_velocity: 0.5589988282370678 0.28404587413879173 0.5211352124697107
velocity: 0.0026501719656462346 0.5224293241399438 0.07957962118906628
angularVelocity: 0.4176138973826227 0.49943640254410615 0.5220449414158773
acceleration: 0.5865330484136548 0.5166509201119208 0.44521822137639006
accel: 0.0
brake: 1.0
steer: 0.5705232369190771
linkid: A219BS010395
trafficlightid: C119BS010046
turn_signal_lamp: 1.0