position: 0.9371866535599249 0.5755056261962519 0.14119277625482818
orientation: 0.6869513657102263 0.5363205067497356 0.5043542751052215
enu_velocity: 0.5589943122133942 0.28404300347517736 0.5177047170747935
velocity: 0.0026458165069662863 0.5224461360080095 0.07624355270627199
angularVelocity: 0.41744694824187933 0.4981582118264871 0.5220453257593733
acceleration: 0.5862613703233134 0.5166536961899928 0.44992497718304475
accel: 0.0
brake: 1.0
steer: 0.5705232369190771
linkid: A219BS010395
trafficlightid: C119BS010046
turn_signal_lamp: 1.0