position: 0.9371866535599249 0.5755056261962519 0.13775884065079058
orientation: 0.6868299438691402 0.5450783219067856 0.5043546587200669
enu_velocity: 0.5589767639985006 0.2840135853339221 0.5181923436470216
velocity: 0.0026025473732193675 0.522488189217566 0.07669138183761934
angularVelocity: 0.41713363086370125 0.49214918964962795 0.5220525860437102
acceleration: 0.585710036487043 0.5165890188797245 0.46266618448504293
accel: 0.0
brake: 1.0
steer: 0.5706044848878778
linkid: A219BS010395
trafficlightid: C119BS010046
turn_signal_lamp: 1.0