position: 0.9371875142525317 0.5755056261962519 0.1352919538619184
orientation: 0.6867197246383924 0.5496010709947381 0.5043547683243085
enu_velocity: 0.558964615500532 0.28398367257196844 0.5260681205039603
velocity: 0.0025585581628960468 0.5225062803572744 0.08431771391499296
angularVelocity: 0.4171120221724893 0.48718182271203786 0.5220569032643316
acceleration: 0.5855340536853588 0.5165320026274007 0.46913311313917894
accel: 0.0
brake: 1.0
steer: 0.5706044848878778
linkid: A219BS010395
trafficlightid: C119BS010046
turn_signal_lamp: 1.0