position: 0.9371875142525317 0.5755056261962519 0.13415995936205416
orientation: 0.6866756369460931 0.5514307962872106 0.5043546587200669
enu_velocity: 0.558958886290805 0.2839671617505315 0.531668761504628
velocity: 0.002534259404924315 0.5225119834305573 0.08974516894416545
angularVelocity: 0.417110580547588 0.48465439785412295 0.5220588379816651
acceleration: 0.5854887330173102 0.5165235155431527 0.47153005993714786
accel: 0.0
brake: 1.0
steer: 0.5706857328566787
linkid: A219BS010395
trafficlightid: C119BS010046
turn_signal_lamp: 1.0