position: 0.11034800478844611 0.13917978226681438 0.8817171575625407
orientation: 0.9950484462304698 0.5426832797047237 0.500413454600197
enu_velocity: 0.8892857136769089 0.9993779949573454 0.5572493990618741
velocity: 0.9999042756334078 0.5170067164296445 0.7105803196549699
angularVelocity: 0.439696180133881 0.49029367067369484 0.5277761028580936
acceleration: 0.5882800770696481 0.525098637998683 0.45477044608320466
accel: 0.02532287
brake: 0.0
steer: 0.5680045498862529
linkid: A219BS010380
trafficlightid: null
turn_signal_lamp: 0.0