position: 0.9371875142525317 0.5755056261962519 0.13112525070284375
orientation: 0.6864880835665583 0.5559201195518402 0.5043535626776514
enu_velocity: 0.5589390399313774 0.28390088766494936 0.5597109877647221
velocity: 0.002435796748098434 0.5225266368084088 0.11693353412411417
angularVelocity: 0.4172165738669245 0.47494062234593093 0.5220640899919075
acceleration: 0.5855217807016809 0.5164755764508548 0.4754260715540355
accel: 0.0
brake: 1.0
steer: 0.5706857328566787
linkid: A219BS010395
trafficlightid: C119BS010046
turn_signal_lamp: 1.0