position: 0.9371875142525317 0.5755056261962519 0.13072310436536805
orientation: 0.6864219520281096 0.5566171441831798 0.5043525762394774
enu_velocity: 0.5589313723650505 0.2838707202977778 0.5739667194550273
velocity: 0.002391064302881897 0.5225263145992818 0.13075864558654132
angularVelocity: 0.4173333903506373 0.4707688593288255 0.522065635695317
acceleration: 0.5856207753096984 0.5164396361194256 0.4742068454205548
accel: 0.0
brake: 1.0
steer: 0.5706857328566787
linkid: A219BS010395
trafficlightid: C119BS010046
turn_signal_lamp: 1.0