position: 0.9371875142525317 0.5755056261962519 0.13080119811874313
orientation: 0.6863999081819602 0.5566353181382913 0.5043519734161489
enu_velocity: 0.558928094708597 0.2838570727592647 0.5804835709467848
velocity: 0.00237091859391839 0.5225246676014819 0.13707893275107497
angularVelocity: 0.4174081285612706 0.4689365413220074 0.5220662077979487
acceleration: 0.5856916186377004 0.5164249974529986 0.4729353521985304
accel: 0.0
brake: 1.0
steer: 0.5706857328566787
linkid: A219BS010395
trafficlightid: C119BS010046
turn_signal_lamp: 1.0