position: 0.9371875142525317 0.5755056261962519 0.13104934649395572
orientation: 0.6863778643358105 0.5564607056283954 0.504351425394941
enu_velocity: 0.5589251902405422 0.28384456274271536 0.5863947231268136
velocity: 0.002352553891637417 0.5225220105333658 0.14281184409822473
angularVelocity: 0.41746143666776186 0.4672905824979234 0.5220665672027478
acceleration: 0.5857693146480291 0.5164233110005297 0.47135160025616696
accel: 0.0
brake: 1.0
steer: 0.5706857328566787
linkid: A219BS010395
trafficlightid: C119BS010046
turn_signal_lamp: 1.0