position: 0.01009217165732533 0.012849427627488197 0.44155959794124433
orientation: 0.6740593294580011 0.3690259715083698 0.49951064446252796
enu_velocity: 0.8906548927269011 0.9924670775632525 0.3786452379793973
velocity: 0.9936522779403502 0.49236648099331853 0.23986103929284905
angularVelocity: 0.4996241983375988 0.6130660236492458 0.5040975221049568
acceleration: 0.6197599833132489 0.5182153468187339 0.4996426099066378
accel: 0.1130154
brake: 0.0
steer: 0.5593110172245694
linkid: A219BS010380
trafficlightid: null
turn_signal_lamp: 0.0