position: 0.11127589166699711 0.14036841527789612 0.8817383231592502
orientation: 0.9970555203536613 0.5445116152241583 0.5004492951871846
enu_velocity: 0.8892345740211571 0.9994474698964069 0.5549948734668201
velocity: 0.9999421665285172 0.5169709974685083 0.7115491903986662
angularVelocity: 0.435163981485696 0.483739248835481 0.5276054725912812
acceleration: 0.5881177260952013 0.5246495494876231 0.449575731060973
accel: 0.02463793
brake: 0.0
steer: 0.5680045498862529
linkid: A219BS010380
trafficlightid: null
turn_signal_lamp: 0.0