position: 0.9371875142525317 0.5755056261962519 0.13260173353535487
orientation: 0.686355820489661 0.5550103527400765 0.5043493429143516
enu_velocity: 0.5589183590511821 0.2838149124482948 0.5995637015957334
velocity: 0.0023095196565119562 0.5225121099609755 0.1555828876725564
angularVelocity: 0.4175776793855289 0.46359048294064314 0.5220664909686715
acceleration: 0.5860383488490176 0.5164072718116913 0.46547506101617236
accel: 0.0
brake: 1.0
steer: 0.5707669808254794
linkid: A219BS010395
trafficlightid: C119BS010046
turn_signal_lamp: 1.0