position: 0.9371875142525317 0.5755056261962519 0.13330822655654684
orientation: 0.686355820489661 0.5542976486180524 0.5043484660804192
enu_velocity: 0.5589166892289146 0.28380795698520456 0.6022404502947105
velocity: 0.00229960011931095 0.5225088745841872 0.15817818990075855
angularVelocity: 0.41762018077111823 0.46277602408303875 0.5220665252283923
acceleration: 0.5861306466801206 0.5164153805281438 0.46327513598332853
accel: 0.0
brake: 1.0
steer: 0.5707669808254794
linkid: A219BS010395
trafficlightid: C119BS010046
turn_signal_lamp: 1.0