position: 0.9371875142525317 0.5755056261962519 0.1363896454981508
orientation: 0.6863778643358105 0.5509440550070742 0.504346054787105
enu_velocity: 0.5589134102479438 0.28379419634966413 0.6044759006262251
velocity: 0.002281570185581091 0.5224909184779815 0.16034137630046766
angularVelocity: 0.4176382053931077 0.46160532081141514 0.5221556553676355
acceleration: 0.5865500338226439 0.5164215805278983 0.45528874680009995
accel: 0.0
brake: 1.0
steer: 0.5707669808254794
linkid: A219BS010395
trafficlightid: C119BS010046
turn_signal_lamp: 1.0