position: 0.9371875142525317 0.5755056261962519 0.13710489669729098
orientation: 0.6863778643358105 0.5500877410044622 0.5043457807765012
enu_velocity: 0.558913636326134 0.28379523914806565 0.6031856677536126
velocity: 0.0022835027708009953 0.5224883344007092 0.15908913419003679
angularVelocity: 0.41767586297640275 0.46176650178948564 0.5221559877880704
acceleration: 0.5866343097721787 0.5164331926754377 0.4537153652613267
accel: 0.0
brake: 1.0
steer: 0.5707669808254794
linkid: A219BS010395
trafficlightid: C119BS010046
turn_signal_lamp: 1.0