position: 0.9371875142525317 0.5755056261962519 0.13775884065079058
orientation: 0.6863890669461489 0.5492632848761048 0.5043455615680181
enu_velocity: 0.5589141324609136 0.2837973366373435 0.601323230834387
velocity: 0.0022870277956725353 0.5224854717319704 0.15728185148400026
angularVelocity: 0.41771644875270186 0.4620829089511567 0.522156287125415
acceleration: 0.5866962335292555 0.5164330293451384 0.4523729824348805
accel: 0.0
brake: 1.0
steer: 0.5707669808254794
linkid: A219BS010395
trafficlightid: C119BS010046
turn_signal_lamp: 1.0