position: 0.9371875142525317 0.5755056261962519 0.1383383400917273
orientation: 0.6864111107922984 0.5484870788168085 0.5043452875574141
enu_velocity: 0.5589148720017033 0.28380036306785805 0.5989715336027149
velocity: 0.0022919494739521654 0.5224823669898003 0.15500000435996195
angularVelocity: 0.41775957976768 0.4625364197882732 0.5221566053893961
acceleration: 0.5867473862625103 0.5164216880543181 0.4512172541505867
accel: 0.0
brake: 1.0
steer: 0.5707669808254794
linkid: A219BS010395
trafficlightid: C119BS010046
turn_signal_lamp: 1.0