position: 0.9371875142525317 0.5755056261962519 0.13883317714582644
orientation: 0.686433154638448 0.5477746597764332 0.5043451231510518
enu_velocity: 0.5589158200900093 0.2838043757973016 0.5962230619128297
velocity: 0.0022982596541117925 0.5224799145522171 0.1523333644343952
angularVelocity: 0.41778969783251374 0.46313128260393377 0.5221568540096615
acceleration: 0.5868093277568728 0.5164065061002218 0.4502182110393829
accel: 0.0
brake: 1.0
steer: 0.5707669808254794
linkid: A219BS010395
trafficlightid: C119BS010046
turn_signal_lamp: 1.0