position: 0.9371875142525317 0.5755056261962519 0.13923605333146494
orientation: 0.6864439958742592 0.5471381437250535 0.5043449587446895
enu_velocity: 0.558916762409762 0.2838091392851969 0.5932227608378466
velocity: 0.002305486868717729 0.5224796465010064 0.14942234864174106
angularVelocity: 0.4177783827408927 0.4638191420291975 0.5221569186847757
acceleration: 0.586841955455814 0.5164454168582032 0.44970621748713085
accel: 0.0
brake: 1.0
steer: 0.5707669808254794
linkid: A219BS010395
trafficlightid: C119BS010046
turn_signal_lamp: 1.0