position: 0.9371875142525317 0.5755056261962519 0.13975716491941048
orientation: 0.6864772423307471 0.5461303800965114 0.5043446299319649
enu_velocity: 0.5589190706663105 0.28382018757824873 0.5867974221374672
velocity: 0.002322053441121529 0.5224798752998737 0.14318873664870654
angularVelocity: 0.4177441787844375 0.4654175257380844 0.5221569532255155
acceleration: 0.5868856238918955 0.5164388798042431 0.4492145162749816
accel: 0.0
brake: 1.0
steer: 0.5707669808254794
linkid: A219BS010395
trafficlightid: C119BS010046
turn_signal_lamp: 1.0