position: 0.9371875142525317 0.5755056261962519 0.13987540032171708
orientation: 0.6864992861768967 0.5457685045785537 0.5043445751298441
enu_velocity: 0.5589202655511858 0.2838261044829522 0.5835702214759281
velocity: 0.002330786370100098 0.5224811657334709 0.14005794912622002
angularVelocity: 0.4177046948624375 0.4662679413727002 0.5221568528228174
acceleration: 0.5869017463994451 0.5164883586079748 0.44939671159129957
accel: 0.0
brake: 1.0
steer: 0.5707669808254794
linkid: A219BS010395
trafficlightid: C119BS010046
turn_signal_lamp: 1.0