position: 0.9371875142525317 0.5755056261962519 0.13990313455188774
orientation: 0.6864992861768967 0.5455022739537716 0.5043444655256025
enu_velocity: 0.5589214978651751 0.2838318758642223 0.5804335138646196
velocity: 0.002339341904876182 0.5224818544709388 0.1370150314048059
angularVelocity: 0.4176785573882607 0.4671015333685387 0.5221568076732354
acceleration: 0.5868913653675311 0.5164785405160409 0.4496576335537343
accel: 0.0
brake: 1.0
steer: 0.5707669808254794
linkid: A219BS010395
trafficlightid: C119BS010046
turn_signal_lamp: 1.0