position: 0.9371875142525317 0.5755056261962519 0.13896746920770608
orientation: 0.6865321712588575 0.5454964654151772 0.5043445751298441
enu_velocity: 0.5589275846326358 0.2838567024905336 0.5685240719053953
velocity: 0.0023759220342683286 0.5224835040410409 0.12546419991646313
angularVelocity: 0.41759824534359746 0.4707380080441709 0.5221564970907993
acceleration: 0.5867763807867895 0.5164744709448517 0.45329286156505155
accel: 0.0
brake: 1.0
steer: 0.5707669808254794
linkid: A219BS010395
trafficlightid: C119BS010046
turn_signal_lamp: 1.0