position: 0.9371875142525317 0.5755056261962519 0.1379288952726272
orientation: 0.6865213300230462 0.5462828631434185 0.5043446299319649
enu_velocity: 0.5589300606993621 0.28386503444220107 0.5655970126611276
velocity: 0.002387999727170598 0.5224840645980009 0.12262714739025758
angularVelocity: 0.41757898161383195 0.47198609926545587 0.5221562641694188
acceleration: 0.5866482666561106 0.5164507182866107 0.45604366844797156
accel: 0.0
brake: 1.0
steer: 0.5707669808254794
linkid: A219BS010395
trafficlightid: C119BS010046
turn_signal_lamp: 1.0