position: 0.9371875142525317 0.5755056261962519 0.1375698099767324
orientation: 0.6865213300230462 0.5466166224837624 0.5043447943383272
enu_velocity: 0.5589305313325 0.2838665276078083 0.5653561436980445
velocity: 0.0023900508211506014 0.5224849709052473 0.12239425566293657
angularVelocity: 0.41756289063961255 0.47221019707465794 0.5221561268296847
acceleration: 0.5866023611752893 0.5164493063778757 0.45687755353893805
accel: 0.0
brake: 1.0
steer: 0.5707669808254794
linkid: A219BS010395
trafficlightid: C119BS010046
turn_signal_lamp: 1.0