position: 0.9371875142525317 0.5755056261962519 0.1368917810338739
orientation: 0.6865101274127079 0.5473279724679546 0.5043449587446895
enu_velocity: 0.5589310449979535 0.28386769049568533 0.5658556642581266
velocity: 0.0023914278311209635 0.5224868797584721 0.12288033910040033
angularVelocity: 0.4175326877449644 0.472392489788836 0.522155839590335
acceleration: 0.5865267995877033 0.5164721841518823 0.4584424309014809
accel: 0.0
brake: 1.0
steer: 0.5707669808254794
linkid: A219BS010395
trafficlightid: C119BS010046
turn_signal_lamp: 1.0