position: 0.9371875142525317 0.5755056261962519 0.13631593083374938
orientation: 0.6864992861768967 0.5480281686326371 0.5043452327552934
enu_velocity: 0.5589311919204799 0.2838662302673294 0.5674367657257819
velocity: 0.0023892101418435813 0.5224854349839116 0.12441556018099074
angularVelocity: 0.41756830105136494 0.47221280305906504 0.5221558560741691
acceleration: 0.5864568905472447 0.5164397113219429 0.4596229632319019
accel: 0.0
brake: 1.0
steer: 0.5707669808254794
linkid: A219BS010395
trafficlightid: C119BS010046
turn_signal_lamp: 1.0