position: 0.9371875142525317 0.5755056261962519 0.13588459056977742
orientation: 0.6864992861768967 0.5486478292315309 0.5043452875574141
enu_velocity: 0.5589307522984293 0.28386303463877427 0.5697842628088375
velocity: 0.0023843486153599376 0.5224850999604438 0.12669379028059843
angularVelocity: 0.4175852750237052 0.47176582708008213 0.5221558039873951
acceleration: 0.5864014778280123 0.5164637569528535 0.4604691919815995
accel: 0.0
brake: 1.0
steer: 0.5707669808254794
linkid: A219BS010395
trafficlightid: C119BS010046
turn_signal_lamp: 1.0