position: 0.9371875142525317 0.5755056261962519 0.1357298627593515
orientation: 0.6864992861768967 0.5489102468892602 0.5043453971616557
enu_velocity: 0.5589304047737846 0.28386085658104426 0.5711094137368109
velocity: 0.0023811309155615996 0.5224842905100949 0.12797960497000782
angularVelocity: 0.417606516813921 0.47145925124464527 0.5221558507691183
acceleration: 0.5863913502946445 0.5164497204113623 0.4605827082227075
accel: 0.0
brake: 1.0
steer: 0.5707669808254794
linkid: A219BS010395
trafficlightid: C119BS010046
turn_signal_lamp: 1.0