position: 0.9371875142525317 0.5755056261962519 0.1355466708705917
orientation: 0.6864992861768967 0.5493222967774085 0.5043455615680181
enu_velocity: 0.5589293161093837 0.2838562426359119 0.5739202009464562
velocity: 0.0023740658041877137 0.522485808547393 0.1307064969536946
angularVelocity: 0.4175923231890472 0.4707815339708298 0.5221556949671131
acceleration: 0.5863791795477677 0.5164682596354904 0.4607441754543155
accel: 0.0
brake: 1.0
steer: 0.5707669808254794
linkid: A219BS010395
trafficlightid: C119BS010046
turn_signal_lamp: 1.0