position: 0.9371875142525317 0.5755056261962519 0.13552477542572028
orientation: 0.6864992861768967 0.5495715650440864 0.5043455615680181
enu_velocity: 0.558928156752932 0.28385121647757566 0.5766121270022967
velocity: 0.00236656273140127 0.5224858487738898 0.13331774862029006
angularVelocity: 0.41760473629050676 0.47004694428700033 0.5221557030773954
acceleration: 0.5863664144876323 0.5164437285599255 0.4604065004189669
accel: 0.0
brake: 1.0
steer: 0.5707669808254794
linkid: A219BS010395
trafficlightid: C119BS010046
turn_signal_lamp: 1.0