position: 0.9371875142525317 0.5755056261962519 0.1358612354285813
orientation: 0.6864880835665583 0.5496029952958676 0.5043455615680181
enu_velocity: 0.5589257512304627 0.2838426798302605 0.5807890579261445
velocity: 0.002353706572551799 0.5224884386690526 0.13736851967956024
angularVelocity: 0.41757656278220984 0.4687684327059827 0.5221555621921025
acceleration: 0.5864151420086676 0.5164544833211303 0.4592012483287843
accel: 0.0
brake: 1.0
steer: 0.5707669808254794
linkid: A219BS010395
trafficlightid: C119BS010046
turn_signal_lamp: 1.0