position: 0.11498332507054088 0.14511075621441716 0.8776446048164139
orientation: 0.9998677369231026 0.5456210817309131 0.500581258694014
enu_velocity: 0.8888409691373882 0.9993514310100575 0.5505385238636484
velocity: 0.9995620111663994 0.5171684623020798 0.7088595298740231
angularVelocity: 0.4150261557957031 0.4636668484295081 0.5270145900797135
acceleration: 0.591379105172969 0.5264225693167961 0.45796218500157526
accel: 0.02963991
brake: 0.0
steer: 0.5675170620734482
linkid: A219BS010380
trafficlightid: null
turn_signal_lamp: 0.0