position: 0.9371875142525317 0.5755056261962519 0.13614660606007511
orientation: 0.6864880835665583 0.5494291311252999 0.5043455615680181
enu_velocity: 0.5589248731088768 0.28383960636316885 0.5819759333907955
velocity: 0.002349223700751401 0.5224883067007591 0.13851912497307725
angularVelocity: 0.4175836082161527 0.46830940696198287 0.5221556330130437
acceleration: 0.5864465462155255 0.5164498948564075 0.4584118316111085
accel: 0.0
brake: 1.0
steer: 0.5707669808254794
linkid: A219BS010395
trafficlightid: C119BS010046
turn_signal_lamp: 1.0