position: 0.9371875142525317 0.5755056261962519 0.13630206371866382
orientation: 0.6864880835665583 0.549310145172128 0.5043454519637764
enu_velocity: 0.5589245417332832 0.2838385048318799 0.5823288105060627
velocity: 0.00234764103545501 0.5224881428931581 0.13886107940449896
angularVelocity: 0.41758773588008924 0.46814422146529533 0.5221556755258371
acceleration: 0.5864647688938253 0.5164473193915183 0.4580305270903536
accel: 0.0
brake: 1.0
steer: 0.5707669808254794
linkid: A219BS010395
trafficlightid: C119BS010046
turn_signal_lamp: 1.0