position: 0.9371875142525317 0.5755056261962519 0.1367596785164813
orientation: 0.6864880835665583 0.5488740771550675 0.5043452875574141
enu_velocity: 0.5589239834024543 0.2838367257380742 0.58244750442591
velocity: 0.0023452883548781564 0.5224864177943603 0.13897515606483787
angularVelocity: 0.4176175810957038 0.4678791076340752 0.5221559119604502
acceleration: 0.5865231036717704 0.5164422933445934 0.4569122766590221
accel: 0.0
brake: 1.0
steer: 0.5707669808254794
linkid: A219BS010395
trafficlightid: C119BS010046
turn_signal_lamp: 1.0