position: 0.9371875142525317 0.5755056261962519 0.13689688997101035
orientation: 0.6864880835665583 0.548719669807031 0.5043452875574141
enu_velocity: 0.5589239005084816 0.28383675658494717 0.582228557204516
velocity: 0.002345370799981706 0.5224864896926823 0.13876244660136608
angularVelocity: 0.4176146831963299 0.4678780217176123 0.5221559304226221
acceleration: 0.5865357865032197 0.51644753237607 0.45664500777422457
accel: 0.0
brake: 1.0
steer: 0.5707669808254794
linkid: A219BS010395
trafficlightid: C119BS010046
turn_signal_lamp: 1.0