position: 0.9371875142525317 0.5755056261962519 0.13722605149224743
orientation: 0.6864992861768967 0.5482865595120769 0.5043451231510518
enu_velocity: 0.5589241192413126 0.2838381098770682 0.5809505262169524
velocity: 0.002347594499453043 0.5224852827675711 0.13752202085980195
angularVelocity: 0.4176288230503926 0.46807259937713064 0.5221560854162763
acceleration: 0.5865762452449991 0.5164579938988577 0.45591915506258107
accel: 0.0
brake: 1.0
steer: 0.5707669808254794
linkid: A219BS010395
trafficlightid: C119BS010046
turn_signal_lamp: 1.0