position: 0.11590974016473433 0.1462932936715955 0.8757112370342477
orientation: 0.9993824109332852 0.5442771712032184 0.5006097009946969
enu_velocity: 0.8888171039647041 0.9994458351919582 0.5509654686563349
velocity: 0.9996470163981911 0.5171253303049892 0.7070335778109328
angularVelocity: 0.41202093320445793 0.456189082111991 0.5266764739042565
acceleration: 0.5897772273044578 0.5241896653731173 0.45875957854908817
accel: 0.02890983
brake: 0.0
steer: 0.5675170620734482
linkid: A219BS010380
trafficlightid: null
turn_signal_lamp: 0.0