position: 0.9371875142525317 0.5755056261962519 0.13741946125528015
orientation: 0.6865101274127079 0.5478056980409474 0.5043449587446895
enu_velocity: 0.558925288686766 0.2838442676581286 0.5774609306017675
velocity: 0.002356701538201702 0.5224868154076313 0.134136472616387
angularVelocity: 0.4175844237000227 0.46895337775947005 0.5221559833304394
acceleration: 0.5866008639504513 0.5164859933489508 0.4559555786998495
accel: 0.0
brake: 1.0
steer: 0.5707669808254794
linkid: A219BS010395
trafficlightid: C119BS010046
turn_signal_lamp: 1.0