position: 0.9371875142525317 0.5755056261962519 0.13735888385780237
orientation: 0.6865101274127079 0.5477836754835768 0.5043449587446895
enu_velocity: 0.5589258279300594 0.2838461788002332 0.5764903585090307
velocity: 0.002359594929828798 0.5224860975807462 0.13319516192462671
angularVelocity: 0.4175945301890177 0.46923935736618116 0.5221560352812653
acceleration: 0.5865839442470675 0.5164379105812258 0.45616424311559306
accel: 0.0
brake: 1.0
steer: 0.5707669808254794
linkid: A219BS010395
trafficlightid: C119BS010046
turn_signal_lamp: 1.0