position: 0.9371875142525317 0.5755056261962519 0.13725670511506793
orientation: 0.6865101274127079 0.5478223753174027 0.5043449587446895
enu_velocity: 0.5589263112814592 0.28384787708882026 0.5757597610143265
velocity: 0.0023621056927157417 0.5224859102983782 0.1324867601035578
angularVelocity: 0.4175944251760722 0.46949323429947276 0.5221560234350372
acceleration: 0.5865729099958359 0.5164497373780739 0.4564835795051818
accel: 0.0
brake: 1.0
steer: 0.5707669808254794
linkid: A219BS010395
trafficlightid: C119BS010046
turn_signal_lamp: 1.0