position: 0.11683600033425859 0.14748192668267723 0.8734618449977667
orientation: 0.9988309534050188 0.5421890550313062 0.5006366088359981
enu_velocity: 0.8887799424815246 0.9995279790904956 0.5535985641757395
velocity: 0.9997090876671533 0.5171890177533024 0.7060474416179295
angularVelocity: 0.4124708395122267 0.4499321167770688 0.5265602447026587
acceleration: 0.5890079475219946 0.5248079883169354 0.46462390071893095
accel: 0.02820567
brake: 0.0
steer: 0.5671920701982451
linkid: A219BS010380
trafficlightid: null
turn_signal_lamp: 0.0