position: 0.9371875142525317 0.5755056261962519 0.1369297331383179
orientation: 0.6865101274127079 0.5480880001436811 0.504345068348931
enu_velocity: 0.5589270209031638 0.2838498584059875 0.5751425213925714
velocity: 0.0023650232841607023 0.5224852321446269 0.1318888044025152
angularVelocity: 0.4176055022335815 0.46979893767327074 0.5221560219451608
acceleration: 0.5865281080370458 0.5164230514518829 0.4572482643258594
accel: 0.0
brake: 1.0
steer: 0.5707669808254794
linkid: A219BS010395
trafficlightid: C119BS010046
turn_signal_lamp: 1.0