position: 0.9371875142525317 0.5755056261962519 0.13686842589267734
orientation: 0.6865101274127079 0.5481546736142964 0.504345068348931
enu_velocity: 0.5589269927308389 0.28384998217559143 0.5752191070047779
velocity: 0.0023651003123619447 0.5224862786310052 0.1319631740174172
angularVelocity: 0.4175867795805633 0.46981161697586066 0.5221559230795393
acceleration: 0.5865233875733947 0.5164438434189474 0.4574295648263137
accel: 0.0
brake: 1.0
steer: 0.5707669808254794
linkid: A219BS010395
trafficlightid: C119BS010046
turn_signal_lamp: 1.0