position: 0.9371875142525317 0.5755056261962519 0.13681003803968617
orientation: 0.6865101274127079 0.5482204918399654 0.504345068348931
enu_velocity: 0.5589270593963237 0.2838498869009294 0.5753359813688984
velocity: 0.0023649878686378854 0.5224857137727177 0.13207672835431494
angularVelocity: 0.41759649872036186 0.4698043281783671 0.5221559550947774
acceleration: 0.5865192713020614 0.5164736952908706 0.45761562920487586
accel: 0.0
brake: 1.0
steer: 0.5707669808254794
linkid: A219BS010395
trafficlightid: C119BS010046
turn_signal_lamp: 1.0