position: 0.9371875142525317 0.5755056261962519 0.13671442793041333
orientation: 0.6865101274127079 0.5483464622935331 0.504345068348931
enu_velocity: 0.558927014811749 0.2838495502846327 0.5757024319928704
velocity: 0.002364419206072598 0.5224861043533919 0.1324324375936847
angularVelocity: 0.41759248655203796 0.4697565740249786 0.5221559047344752
acceleration: 0.5865100849562696 0.5164457400788159 0.4577649175337428
accel: 0.0
brake: 1.0
steer: 0.5707669808254794
linkid: A219BS010395
trafficlightid: C119BS010046
turn_signal_lamp: 1.0