position: 0.9371875142525317 0.5755056261962519 0.13667720567413122
orientation: 0.6865101274127079 0.5484024095671121 0.5043451231510518
enu_velocity: 0.5589269698744812 0.2838492031960107 0.5759220066782273
velocity: 0.002363909448892274 0.5224859111412665 0.13264551329396
angularVelocity: 0.41759679744998013 0.4697084384205777 0.5221559152207262
acceleration: 0.5865068717441995 0.5164518520980848 0.4578117778904777
accel: 0.0
brake: 1.0
steer: 0.5707669808254794
linkid: A219BS010395
trafficlightid: C119BS010046
turn_signal_lamp: 1.0