position: 0.9371875142525317 0.5755056261962519 0.13664801174763586
orientation: 0.6865101274127079 0.5484530115597757 0.5043451231510518
enu_velocity: 0.558926941950354 0.2838488600756337 0.5761868808506078
velocity: 0.0023633938684796485 0.522485746595012 0.13290260106609791
angularVelocity: 0.4176010849709552 0.4696619648527309 0.5221559168467491
acceleration: 0.5865058947775493 0.516451879996956 0.4578916996536467
accel: 0.0
brake: 1.0
steer: 0.5707669808254794
linkid: A219BS010395
trafficlightid: C119BS010046
turn_signal_lamp: 1.0