position: 0.11776213139989183 0.14866446413985646 0.8712175618984228
orientation: 0.9980923038717451 0.5397437315534355 0.5006623658327629
enu_velocity: 0.8887598275502622 0.9995894848453704 0.5588675289822822
velocity: 0.9997596919547007 0.5170501858647396 0.7070392457614629
angularVelocity: 0.40870166549941844 0.4484889556667165 0.5262820518032759
acceleration: 0.588555433585284 0.5200337692490397 0.47328732888078684
accel: 0.02751463
brake: 0.0
steer: 0.5671920701982451
linkid: A219BS010380
trafficlightid: null
turn_signal_lamp: 0.0