position: 0.9371875142525317 0.5755056261962519 0.13662757599908915
orientation: 0.6865101274127079 0.5484973773913717 0.5043451231510518
enu_velocity: 0.5589268020931121 0.28384851404139605 0.5764490799977954
velocity: 0.0023627991334885753 0.5224865825572111 0.13315694903814881
angularVelocity: 0.41758689852513625 0.4696061224321517 0.5221558437895554
acceleration: 0.586501267721109 0.5164687056952179 0.45794081141052917
accel: 0.0
brake: 1.0
steer: 0.5707669808254794
linkid: A219BS010395
trafficlightid: C119BS010046
turn_signal_lamp: 1.0