position: 0.9371875142525317 0.5755056261962519 0.1366144387321664
orientation: 0.6865101274127079 0.5485331907735034 0.5043451231510518
enu_velocity: 0.5589266784133888 0.2838479898789318 0.576712392691544
velocity: 0.0023620234520236 0.5224865475668334 0.13341234898181809
angularVelocity: 0.41758908762241287 0.46952936929011035 0.5221558517530812
acceleration: 0.5864975557487456 0.5164590244723871 0.45794422389512107
accel: 0.0
brake: 1.0
steer: 0.5707669808254794
linkid: A219BS010395
trafficlightid: C119BS010046
turn_signal_lamp: 1.0