position: 0.9371875142525317 0.5755056261962519 0.1366078700987048
orientation: 0.6865101274127079 0.5485607724230257 0.5043451231510518
enu_velocity: 0.5589266534851931 0.2838474395949121 0.5769662642519149
velocity: 0.0023612923536838006 0.5224854690068492 0.1336586993012725
angularVelocity: 0.4176106678827468 0.46945740683578857 0.5221559415941667
acceleration: 0.5864993974727793 0.5164212580100125 0.45785624467345953
accel: 0.0
brake: 1.0
steer: 0.5707669808254794
linkid: A219BS010395
trafficlightid: C119BS010046
turn_signal_lamp: 1.0