position: 0.9371875142525317 0.5755056261962519 0.1366093297950295
orientation: 0.6865101274127079 0.5485811557609156 0.5043451231510518
enu_velocity: 0.5589265308795731 0.28384701279237967 0.5772157956287934
velocity: 0.0023606286859310815 0.522485770674482 0.13390074468150043
angularVelocity: 0.4176056295586272 0.4693930645466021 0.5221559139182619
acceleration: 0.5864997306901479 0.5164441726587687 0.4578623905807919
accel: 0.0
brake: 1.0
steer: 0.5707669808254794
linkid: A219BS010395
trafficlightid: C119BS010046
turn_signal_lamp: 1.0