position: 0.9371875142525317 0.5755056261962519 0.13667063704067006
orientation: 0.6865101274127079 0.5485880333556932 0.5043451231510518
enu_velocity: 0.5589261162064467 0.28384525604498384 0.5780034972812588
velocity: 0.0023580742665009168 0.522485303570359 0.13466466808917693
angularVelocity: 0.41761780025022843 0.4691368844128146 0.5221559720555703
acceleration: 0.5865088722359714 0.5164290870626446 0.4575796726412978
accel: 0.0
brake: 1.0
steer: 0.5707669808254794
linkid: A219BS010395
trafficlightid: C119BS010046
turn_signal_lamp: 1.0