position: 0.118688124754708 0.1498530971509382 0.8693506102990334
orientation: 0.9967909941998665 0.5374292605523685 0.5006854375256098
enu_velocity: 0.8887409058776341 0.9996513992763574 0.5657876037178182
velocity: 0.9998110440888622 0.5169730203298447 0.7098481076457164
angularVelocity: 0.4044827152272539 0.44968228428927326 0.5258981327113499
acceleration: 0.5887417816608647 0.5225728227587769 0.4745481733951837
accel: 0.026804
brake: 0.0
steer: 0.5669483262918428
linkid: A219BS010380
trafficlightid: null
turn_signal_lamp: 0.0