position: 0.9371875142525317 0.5755056261962519 0.1367837635058402
orientation: 0.6865101274127079 0.5485107049584536 0.504345068348931
enu_velocity: 0.5589256291953909 0.2838445026473017 0.5783395364594264
velocity: 0.002356766335620854 0.5224879204229317 0.1349901691578036
angularVelocity: 0.41757087553946187 0.4690027408545865 0.522155779568494
acceleration: 0.5865233032208018 0.5164851160143786 0.4573659248035214
accel: 0.0
brake: 1.0
steer: 0.5707669808254794
linkid: A219BS010395
trafficlightid: C119BS010046
turn_signal_lamp: 1.0