position: 0.9371875142525317 0.5755056261962519 0.13681222758417366
orientation: 0.6865101274127079 0.5484828738624885 0.504345068348931
enu_velocity: 0.5589256300126025 0.283844388377374 0.578351289514745
velocity: 0.002356638405489112 0.5224874899175821 0.13500155301844527
angularVelocity: 0.41757860312322737 0.4689888632795681 0.5221558160407681
acceleration: 0.5865361348018486 0.5164803261788167 0.4573109118401193
accel: 0.0
brake: 1.0
steer: 0.5707669808254794
linkid: A219BS010395
trafficlightid: C119BS010046
turn_signal_lamp: 1.0