position: 0.9371875142525317 0.5755056261962519 0.13686623634819028
orientation: 0.6865101274127079 0.5484261069791693 0.504345068348931
enu_velocity: 0.5589256821087404 0.28384428653978233 0.5782825548321816
velocity: 0.002356598004322202 0.5224863436095337 0.13493484385668283
angularVelocity: 0.41759883506571843 0.46898056284817713 0.5221559205166544
acceleration: 0.5865325047597587 0.5164673985741088 0.45714103629609454
accel: 0.0
brake: 1.0
steer: 0.5707669808254794
linkid: A219BS010395
trafficlightid: C119BS010046
turn_signal_lamp: 1.0