position: 0.9371875142525317 0.5755056261962519 0.13696476585011252
orientation: 0.6864992861768967 0.5482663543502175 0.5043449039425687
enu_velocity: 0.5589257911078026 0.28384557054434234 0.577487245695319
velocity: 0.002358436610400229 0.5224876440539625 0.1341630160995955
angularVelocity: 0.41757147551781265 0.46915403898902575 0.5221558311941749
acceleration: 0.5865436279676649 0.5164782111396635 0.4570059794020026
accel: 0.0
brake: 1.0
steer: 0.5707669808254794
linkid: A219BS010395
trafficlightid: C119BS010046
turn_signal_lamp: 1.0