position: 0.9371875142525317 0.5755056261962519 0.13694943903870227
orientation: 0.6864992861768967 0.5482544878265858 0.5043449039425687
enu_velocity: 0.5589260495839022 0.2838459574003786 0.5771951136445854
velocity: 0.0023591714936216555 0.5224857805110649 0.13387976280063027
angularVelocity: 0.4176041653435516 0.46922421671149794 0.5221559878432033
acceleration: 0.5865356079146357 0.5164490104270555 0.4570478961248469
accel: 0.0
brake: 1.0
steer: 0.5707669808254794
linkid: A219BS010395
trafficlightid: C119BS010046
turn_signal_lamp: 1.0