position: 0.9371875142525317 0.5755056261962519 0.13694068086075362
orientation: 0.6864992861768967 0.548256305222097 0.5043449039425687
enu_velocity: 0.5589261155475634 0.28384614554241644 0.5771233130959
velocity: 0.0023594538630234345 0.5224856802246666 0.13381017283761149
angularVelocity: 0.4176055480985966 0.4692534184535532 0.5221559894923303
acceleration: 0.5865389365926293 0.5164519123300644 0.45708449580929783
accel: 0.0
brake: 1.0
steer: 0.5707669808254794
linkid: A219BS010395
trafficlightid: C119BS010046
turn_signal_lamp: 1.0