position: 0.9371875142525317 0.5755056261962519 0.1369180555677194
orientation: 0.6864992861768967 0.5482679222992861 0.5043447943383272
enu_velocity: 0.5589262110235279 0.2838463399866486 0.5770101686863706
velocity: 0.002359783267021504 0.5224851829332691 0.13370047349186737
angularVelocity: 0.41761484898510604 0.46928534668842087 0.5221560340645742
acceleration: 0.5865209123435522 0.5164226966515217 0.45705872103868794
accel: 0.0
brake: 1.0
steer: 0.5707669808254794
linkid: A219BS010395
trafficlightid: C119BS010046
turn_signal_lamp: 1.0