position: 0.9371875142525317 0.5755056261962519 0.1368574781702412
orientation: 0.6864992861768967 0.5483237270320405 0.5043449039425687
enu_velocity: 0.5589262248275187 0.2838467693793702 0.5769754546690051
velocity: 0.002360271247406993 0.522486681526718 0.13366689751211852
angularVelocity: 0.41758741161967267 0.4693404141253031 0.5221558901447921
acceleration: 0.5865279670318669 0.5164522038118178 0.45728396884457867
accel: 0.0
brake: 1.0
steer: 0.5707669808254794
linkid: A219BS010395
trafficlightid: C119BS010046
turn_signal_lamp: 1.0