position: 0.9371875142525317 0.5755056261962519 0.13684653044780548
orientation: 0.6864992861768967 0.5483359855429393 0.5043449039425687
enu_velocity: 0.558926291465695 0.2838466920423201 0.5769926595692922
velocity: 0.0023602258127338057 0.5224858208707702 0.1336836683673425
angularVelocity: 0.41760333720673604 0.4693358370716608 0.5221559607083145
acceleration: 0.5865232035829318 0.5164358258912818 0.4572830952084474
accel: 0.0
brake: 1.0
steer: 0.5707669808254794
linkid: A219BS010395
trafficlightid: C119BS010046
turn_signal_lamp: 1.0