position: 0.9371875142525317 0.5755056261962519 0.13683704242169448
orientation: 0.6864992861768967 0.5483473888088917 0.5043449039425687
enu_velocity: 0.5589262978866196 0.28384665114691887 0.577027775738096
velocity: 0.002360169383468982 0.5224857253537313 0.13371776632173554
angularVelocity: 0.41760470743888395 0.46933114081457716 0.5221559641602664
acceleration: 0.5865257436231412 0.5164500750061221 0.45733435914611237
accel: 0.0
brake: 1.0
steer: 0.5707669808254794
linkid: A219BS010395
trafficlightid: C119BS010046
turn_signal_lamp: 1.0