position: 0.9371875142525317 0.5755056261962519 0.13682901409190817
orientation: 0.6864992861768967 0.5483591484269051 0.5043449039425687
enu_velocity: 0.558926256232978 0.2838466322697606 0.5770630258376913
velocity: 0.002360103383263192 0.5224861593170784 0.13375193944187255
angularVelocity: 0.41759664366696747 0.4693249347069872 0.5221559285082424
acceleration: 0.586513981678069 0.5164657073007494 0.4573399238910022
accel: 0.0
brake: 1.0
steer: 0.5707669808254794
linkid: A219BS010395
trafficlightid: C119BS010046
turn_signal_lamp: 1.0