position: 0.9371875142525317 0.5755056261962519 0.13682171561028422
orientation: 0.6864992861768967 0.5483694113662623 0.5043449039425687
enu_velocity: 0.5589262255283878 0.2838465767562192 0.577104941417846
velocity: 0.00236000233672153 0.522486368387253 0.13379258911108224
angularVelocity: 0.4175937785550933 0.46931550458547855 0.5221559125208024
acceleration: 0.5865196064149596 0.5164476950757565 0.4573431417536049
accel: 0.0
brake: 1.0
steer: 0.5707669808254794
linkid: A219BS010395
trafficlightid: C119BS010046
turn_signal_lamp: 1.0