position: 0.12146540765814504 0.1534068050763775 0.8646277628402186
orientation: 0.9922691147429892 0.5295394477455315 0.5007440757948405
enu_velocity: 0.8886865273770181 0.9998087395795254 0.5806470140884061
velocity: 0.9999399229886752 0.5167846539555596 0.7108937137196666
angularVelocity: 0.4048578513477797 0.4446435351044276 0.5253118204762864
acceleration: 0.5876242078170426 0.521716718823936 0.4715091553281626
accel: 0.02484962
brake: 0.0
steer: 0.5667858303542412
linkid: A219BS010380
trafficlightid: null
turn_signal_lamp: 0.0