position: 0.9371875142525317 0.5755056261962519 0.13681003803968617
orientation: 0.6864992861768967 0.548393215683938 0.5043449039425687
enu_velocity: 0.5589262573045243 0.2838463924293977 0.5772460118336651
velocity: 0.002359758202443671 0.5224858482288657 0.13392957118030274
angularVelocity: 0.41760380321609725 0.4692946551327926 0.5221559431790382
acceleration: 0.5865328022718951 0.516445112853642 0.4573557317352639
accel: 0.0
brake: 1.0
steer: 0.5707669808254794
linkid: A219BS010395
trafficlightid: C119BS010046
turn_signal_lamp: 1.0