position: 0.9371875142525317 0.5755056261962519 0.13682098576212187
orientation: 0.6864992861768967 0.5484065788862258 0.5043449039425687
enu_velocity: 0.558926068886088 0.283845979946866 0.5774822694303328
velocity: 0.00235907094391937 0.5224867602587778 0.13415864706892838
angularVelocity: 0.41758828704056095 0.4692266233052945 0.5221558749221719
acceleration: 0.5865223281846992 0.5164569797903112 0.45733335876237086
accel: 0.0
brake: 1.0
steer: 0.5707669808254794
linkid: A219BS010395
trafficlightid: C119BS010046
turn_signal_lamp: 1.0