position: 0.9371875142525317 0.5755056261962519 0.13684871999229253
orientation: 0.6864992861768967 0.5483892601760607 0.5043449039425687
enu_velocity: 0.5589260033788482 0.28384566384162496 0.5775605607750464
velocity: 0.0023586481575111648 0.5224863579275583 0.13423450587243274
angularVelocity: 0.4175965675549866 0.46918132818804675 0.5221559217465337
acceleration: 0.5865148148356789 0.5164302186217102 0.45720238549498443
accel: 0.0
brake: 1.0
steer: 0.5707669808254794
linkid: A219BS010395
trafficlightid: C119BS010046
turn_signal_lamp: 1.0