position: 0.9371875142525317 0.5755056261962519 0.13685455877759223
orientation: 0.6864992861768967 0.5483843425176187 0.5043449039425687
enu_velocity: 0.5589259375192733 0.28384571917657486 0.57755184988764
velocity: 0.002358666393501565 0.5224871531046328 0.1342259784844598
angularVelocity: 0.41758121808315524 0.4691832952061574 0.5221558539091135
acceleration: 0.5865231601882436 0.516464763348282 0.45726956290840126
accel: 0.0
brake: 1.0
steer: 0.5707669808254794
linkid: A219BS010395
trafficlightid: C119BS010046
turn_signal_lamp: 1.0