position: 0.9371875142525317 0.5755056261962519 0.1368589378665659
orientation: 0.6864992861768967 0.5483790328719096 0.5043449039425687
enu_velocity: 0.5589259742300627 0.28384573935209717 0.5775514555458389
velocity: 0.0023587136180209813 0.5224868987336181 0.13422564747614885
angularVelocity: 0.41758586118249963 0.4691891273913734 0.522155869259749
acceleration: 0.5865364103692324 0.5164630526532696 0.45730527379789754
accel: 0.0
brake: 1.0
steer: 0.5707669808254794
linkid: A219BS010395
trafficlightid: C119BS010046
turn_signal_lamp: 1.0