position: 0.9371875142525317 0.5755056261962519 0.1368698855890016
orientation: 0.6864992861768967 0.5483619636081871 0.5043449039425687
enu_velocity: 0.5589259896986835 0.2838457292951911 0.5775006406595571
velocity: 0.002358737929517274 0.5224865281093808 0.13417631860509122
angularVelocity: 0.4175921151999437 0.46918931661115193 0.5221559052116322
acceleration: 0.5865345044811388 0.5164632879869913 0.45722506191469686
accel: 0.0
brake: 1.0
steer: 0.5707669808254794
linkid: A219BS010395
trafficlightid: C119BS010046
turn_signal_lamp: 1.0