position: 0.9371875142525317 0.5755056261962519 0.1368720751334891
orientation: 0.6864992861768967 0.548357010314539 0.5043449039425687
enu_velocity: 0.558926026753029 0.28384570890490946 0.5774799575083918
velocity: 0.0023587515296065137 0.5224860297904227 0.13415627481363343
angularVelocity: 0.41760138286979365 0.4691897846773566 0.5221559490610009
acceleration: 0.5865327721748425 0.5164467681513741 0.45721554234221
accel: 0.0
brake: 1.0
steer: 0.5707669808254794
linkid: A219BS010395
trafficlightid: C119BS010046
turn_signal_lamp: 1.0