position: 0.9371875142525317 0.5755056261962519 0.1368735348298138
orientation: 0.6864992861768967 0.5483527340898069 0.5043449039425687
enu_velocity: 0.5589260418077937 0.2838457258085708 0.5774587236341707
velocity: 0.0023587903121840693 0.5224858826353519 0.13413567855395758
angularVelocity: 0.4176043569201629 0.46919310358796984 0.5221559634497862
acceleration: 0.5865294311210955 0.5164322645082415 0.45718509200015844
accel: 0.0
brake: 1.0
steer: 0.5707669808254794
linkid: A219BS010395
trafficlightid: C119BS010046
turn_signal_lamp: 1.0