position: 0.9371875142525317 0.5755056261962519 0.1368749945261385
orientation: 0.6864992861768967 0.5483489567579602 0.5043449039425687
enu_velocity: 0.5589260521733246 0.28384574203996 0.5774338267168949
velocity: 0.0023588268970897086 0.5224857619911951 0.13411151900202214
angularVelocity: 0.41760620094162704 0.46919606509260764 0.522155974349732
acceleration: 0.5865286529518878 0.5164370495259816 0.4571712479487005
accel: 0.0
brake: 1.0
steer: 0.5707669808254794
linkid: A219BS010395
trafficlightid: C119BS010046
turn_signal_lamp: 1.0