position: 0.9371875142525317 0.5755056261962519 0.13687426467797614
orientation: 0.6864992861768967 0.5483415446350911 0.5043449039425687
enu_velocity: 0.5589260772933451 0.2838459935132691 0.5773484483238095
velocity: 0.002359155715368676 0.522486243027091 0.1340287092943053
angularVelocity: 0.4175967744773106 0.4692299534368055 0.5221559285958998
acceleration: 0.5865306756185402 0.516452818676977 0.45721648019501004
accel: 0.0
brake: 1.0
steer: 0.5707669808254794
linkid: A219BS010395
trafficlightid: C119BS010046
turn_signal_lamp: 1.0