position: 0.9371875142525317 0.5755056261962519 0.13686696619635264
orientation: 0.6864992861768967 0.548345713954205 0.5043449039425687
enu_velocity: 0.5589261349508182 0.2838460981312468 0.5773056681719219
velocity: 0.002359328586575546 0.5224859850896569 0.13398726751592913
angularVelocity: 0.41760125892983163 0.46924780735218147 0.5221559461363809
acceleration: 0.5865302263528868 0.5164516853523485 0.4572291707000874
accel: 0.0
brake: 1.0
steer: 0.5707669808254794
linkid: A219BS010395
trafficlightid: C119BS010046
turn_signal_lamp: 1.0