position: 0.1242402978361353 0.1569666085557193 0.86398330691283
orientation: 0.9849906703938354 0.5243343913663592 0.5007897259614471
enu_velocity: 0.8884405456328524 0.9994460395300144 0.6044438362302899
velocity: 0.9993725566908523 0.5165302416003112 0.7248268441113045
angularVelocity: 0.38155505771663295 0.4579451119239651 0.5241835293739673
acceleration: 0.5935944289697834 0.5217430756852202 0.48124871681959874
accel: 0.03381297
brake: 0.0
steer: 0.5665420864478389
linkid: A219BS010380
trafficlightid: null
turn_signal_lamp: 0.0