position: 0.9371875142525317 0.5755056261962519 0.13685966771472868
orientation: 0.6864992861768967 0.5483518432096544 0.5043449039425687
enu_velocity: 0.558926169668269 0.2838460614057927 0.5772894845567564
velocity: 0.0023593208437206995 0.5224854580833981 0.13397158579663918
angularVelocity: 0.4176106336111652 0.46924606074750774 0.5221559920269547
acceleration: 0.5865294392490353 0.5164483928191133 0.45724393846013905
accel: 0.0
brake: 1.0
steer: 0.5707669808254794
linkid: A219BS010395
trafficlightid: C119BS010046
turn_signal_lamp: 1.0