position: 0.9371875142525317 0.5755056261962519 0.13685674832207884
orientation: 0.6864992861768967 0.5483539100516083 0.5043449039425687
enu_velocity: 0.5589260775940156 0.2838461828234248 0.5772985540142344
velocity: 0.002359383490482559 0.5224868283956378 0.13398030940905947
angularVelocity: 0.4175856317732751 0.4692539726975721 0.5221558755921948
acceleration: 0.5865342066454682 0.516470003044127 0.45729501048570104
accel: 0.0
brake: 1.0
steer: 0.5707669808254794
linkid: A219BS010395
trafficlightid: C119BS010046
turn_signal_lamp: 1.0