position: 0.9371875142525317 0.5755056261962519 0.13685455877759223
orientation: 0.6864992861768967 0.5483560125287682 0.5043449039425687
enu_velocity: 0.5589261044587627 0.2838460934339644 0.5772973578650498
velocity: 0.002359306487857671 0.5224862136084154 0.13397915755943282
angularVelocity: 0.41759751590052213 0.46924460234269716 0.5221559341157308
acceleration: 0.5865218563964991 0.5164418181339747 0.4572480987111025
accel: 0.0
brake: 1.0
steer: 0.5707669808254794
linkid: A219BS010395
trafficlightid: C119BS010046
turn_signal_lamp: 1.0