position: 0.9371875142525317 0.5755056261962519 0.13685309908126708
orientation: 0.6864992861768967 0.5483585782636076 0.5043449039425687
enu_velocity: 0.5589260614243861 0.2838462336515763 0.5773122140932176
velocity: 0.0023594204148357765 0.5224872342310892 0.13399356790509934
angularVelocity: 0.4175779968528284 0.4692590182297016 0.5221558372919093
acceleration: 0.5865364753044456 0.5164872476397276 0.4573220242658857
accel: 0.0
brake: 1.0
steer: 0.5707669808254794
linkid: A219BS010395
trafficlightid: C119BS010046
turn_signal_lamp: 1.0