position: 0.9371875142525317 0.5755056261962519 0.13685017968861768
orientation: 0.6864992861768967 0.5483630682995763 0.5043449039425687
enu_velocity: 0.5589261139443352 0.28384607265141504 0.577317046912222
velocity: 0.0023592812166996755 0.5224861150686916 0.13399828372713962
angularVelocity: 0.41759936436390455 0.46924269897743165 0.5221559400216902
acceleration: 0.5865232393757085 0.5164418060924887 0.4572609183890109
accel: 0.0
brake: 1.0
steer: 0.5707669808254794
linkid: A219BS010395
trafficlightid: C119BS010046
turn_signal_lamp: 1.0