position: 0.9371875142525317 0.5755056261962519 0.13684799014413018
orientation: 0.6864992861768967 0.5483660616568888 0.5043449039425687
enu_velocity: 0.5589261051774896 0.28384611779502483 0.5773393332562543
velocity: 0.0023593129880407275 0.5224864620441428 0.1340199269270378
angularVelocity: 0.4175930951384461 0.4692476876755114 0.5221559049265477
acceleration: 0.5865293863698475 0.5164492462164755 0.4572812726350638
accel: 0.0
brake: 1.0
steer: 0.5707669808254794
linkid: A219BS010395
trafficlightid: C119BS010046
turn_signal_lamp: 1.0