position: 0.9371875142525317 0.5755056261962519 0.13684653044780548
orientation: 0.6864992861768967 0.5483686273917281 0.5043449039425687
enu_velocity: 0.5589260932599617 0.2838460268337553 0.5773557990596478
velocity: 0.0023591990303510543 0.5224862604890307 0.13403587681886714
angularVelocity: 0.4175969563255357 0.4692351169143768 0.5221559272792555
acceleration: 0.5865229906319727 0.5164419643027016 0.4572492211208274
accel: 0.0
brake: 1.0
steer: 0.5707669808254794
linkid: A219BS010395
trafficlightid: C119BS010046
turn_signal_lamp: 1.0