position: 0.9371875142525317 0.5755056261962519 0.13684653044780548
orientation: 0.6864992861768967 0.5483689837437891 0.5043449039425687
enu_velocity: 0.5589260915305093 0.2838460078006871 0.5773637222957605
velocity: 0.0023591735587377596 0.5224862279266695 0.13404356361489678
angularVelocity: 0.41759707135565144 0.4692326661787392 0.5221559280038164
acceleration: 0.5865263668405631 0.516456783930508 0.4572696477004851
accel: 0.0
brake: 1.0
steer: 0.5707669808254794
linkid: A219BS010395
trafficlightid: C119BS010046
turn_signal_lamp: 1.0