position: 0.9371875142525317 0.5755056261962519 0.13684653044780548
orientation: 0.6864992861768967 0.5483692688254378 0.5043449039425687
enu_velocity: 0.5589260496009146 0.2838460585589958 0.5773773403490208
velocity: 0.0023591926475799167 0.5224868685936909 0.134056748627266
angularVelocity: 0.4175851236817777 0.4692357873288714 0.5221558706887413
acceleration: 0.5865332489028385 0.5164768507800882 0.45728992637983545
accel: 0.0
brake: 1.0
steer: 0.5707669808254794
linkid: A219BS010395
trafficlightid: C119BS010046
turn_signal_lamp: 1.0