position: 0.9371875142525317 0.5755056261962519 0.13684726029596783
orientation: 0.6864992861768967 0.5483693044606439 0.5043449039425687
enu_velocity: 0.5589260942326234 0.2838459944791252 0.5773929104830646
velocity: 0.0023591470577833994 0.5224862570024658 0.13407190772750935
angularVelocity: 0.41759685497766036 0.4692310891935717 0.522155922269701
acceleration: 0.5865273684422476 0.5164538672705413 0.45728304692667265
accel: 0.0
brake: 1.0
steer: 0.5707669808254794
linkid: A219BS010395
trafficlightid: C119BS010046
turn_signal_lamp: 1.0