position: 0.9371875142525317 0.5755056261962519 0.13684799014413018
orientation: 0.6864992861768967 0.5483691619198195 0.5043449039425687
enu_velocity: 0.5589260649712792 0.2838460055751391 0.5774012918127532
velocity: 0.002359134760654851 0.5224866006156211 0.13408001267876934
angularVelocity: 0.4175907073753897 0.46923010378586544 0.5221558940550608
acceleration: 0.586527576706148 0.5164551025290803 0.45728137508275574
accel: 0.0
brake: 1.0
steer: 0.5707669808254794
linkid: A219BS010395
trafficlightid: C119BS010046
turn_signal_lamp: 1.0