position: 0.9371875142525317 0.5755056261962519 0.13685236923310473
orientation: 0.6864992861768967 0.5483667387258047 0.5043449039425687
enu_velocity: 0.5589260677559016 0.28384593243643913 0.5774057184228985
velocity: 0.0023590559068927177 0.522486292946945 0.13408429492003393
angularVelocity: 0.41759592273280677 0.4692211682905223 0.5221559227677808
acceleration: 0.586527260467092 0.5164613418278386 0.45725200689971374
accel: 0.0
brake: 1.0
steer: 0.5707669808254794
linkid: A219BS010395
trafficlightid: C119BS010046
turn_signal_lamp: 1.0