position: 0.9371875142525317 0.5755056261962519 0.13685820801840354
orientation: 0.6864992861768967 0.5483626050418969 0.5043449039425687
enu_velocity: 0.5589260652687414 0.2838458902737538 0.5773997472550022
velocity: 0.0023590117251118914 0.5224861213801073 0.13407848175661125
angularVelocity: 0.4175992000324356 0.4692156584744326 0.5221559404898237
acceleration: 0.5865243013382135 0.5164530869368289 0.45723004649903864
accel: 0.0
brake: 1.0
steer: 0.5707669808254794
linkid: A219BS010395
trafficlightid: C119BS010046
turn_signal_lamp: 1.0