position: 0.9371875142525317 0.5755056261962519 0.13685966771472868
orientation: 0.6864992861768967 0.5483598967662333 0.5043449039425687
enu_velocity: 0.5589260903290786 0.28384591467145204 0.5773898053802476
velocity: 0.00235906003986703 0.5224859552808075 0.13406886572102
angularVelocity: 0.4176026211028029 0.46922075954281806 0.5221559534644906
acceleration: 0.586524727116808 0.5164387577737244 0.45722649915626173
accel: 0.0
brake: 1.0
steer: 0.5707669808254794
linkid: A219BS010395
trafficlightid: C119BS010046
turn_signal_lamp: 1.0