position: 0.9371875142525317 0.5755056261962519 0.13685966771472868
orientation: 0.6864992861768967 0.5483588989804624 0.5043449039425687
enu_velocity: 0.5589260642449085 0.28384592620797 0.5773835491426365
velocity: 0.0023590574508469803 0.5224862174390434 0.1340627604401469
angularVelocity: 0.41759715076015214 0.4692201995770339 0.5221559318146278
acceleration: 0.5865260857898459 0.5164608821094328 0.4572327270281089
accel: 0.0
brake: 1.0
steer: 0.5707669808254794
linkid: A219BS010395
trafficlightid: C119BS010046
turn_signal_lamp: 1.0