position: 0.9371875142525317 0.5755056261962519 0.13685966771472868
orientation: 0.6864992861768967 0.5483575448426306 0.5043449039425687
enu_velocity: 0.5589260452538224 0.2838460370551331 0.5773772218319398
velocity: 0.0023591665809823484 0.5224868200536756 0.1340566221718017
angularVelocity: 0.41758672367504573 0.469232740608651 0.5221558779496206
acceleration: 0.586533000438484 0.5164553103751335 0.4572236435978065
accel: 0.0
brake: 1.0
steer: 0.5707669808254794
linkid: A219BS010395
trafficlightid: C119BS010046
turn_signal_lamp: 1.0