position: 0.9371875142525317 0.5755056261962519 0.13686039756289103
orientation: 0.6864992861768967 0.5483576517482489 0.5043449039425687
enu_velocity: 0.5589260630808848 0.28384601149709915 0.5773701428292898
velocity: 0.002359154808241602 0.5224865266472672 0.13404976346683248
angularVelocity: 0.41759213566114894 0.46923082474000205 0.5221559052689467
acceleration: 0.5865265453164812 0.5164469932955559 0.45723076202667046
accel: 0.0
brake: 1.0
steer: 0.5707669808254794
linkid: A219BS010395
trafficlightid: C119BS010046
turn_signal_lamp: 1.0