position: 0.9371875142525317 0.5755056261962519 0.1368589378665659
orientation: 0.6864992861768967 0.5483574379370122 0.5043449039425687
enu_velocity: 0.5589260858605296 0.28384602035045614 0.5773717948377759
velocity: 0.002359179256603547 0.5224863608655655 0.1340513989931976
angularVelocity: 0.4175946717750193 0.4692339617054015 0.5221559144094006
acceleration: 0.5865340424499683 0.5164593336783548 0.4572874588408208
accel: 0.0
brake: 1.0
steer: 0.5707669808254794
linkid: A219BS010395
trafficlightid: C119BS010046
turn_signal_lamp: 1.0