position: 0.9371875142525317 0.5755056261962519 0.1368574781702412
orientation: 0.6864992861768967 0.5483581150059282 0.5043449039425687
enu_velocity: 0.5589260870964643 0.2838460248215976 0.5773596432054988
velocity: 0.0023591907630064494 0.5224863228094311 0.13403960146459842
angularVelocity: 0.4175954741552495 0.46923451750928263 0.522155919853176
acceleration: 0.5865285567245248 0.5164532528785719 0.4572516664559508
accel: 0.0
brake: 1.0
steer: 0.5707669808254794
linkid: A219BS010395
trafficlightid: C119BS010046
turn_signal_lamp: 1.0