position: 0.9371875142525317 0.5755056261962519 0.13685674832207884
orientation: 0.6864992861768967 0.5483588633452563 0.5043449039425687
enu_velocity: 0.5589260987474927 0.28384604956303333 0.5773638521152716
velocity: 0.0023592233846989577 0.5224863330160827 0.1340437101968174
angularVelocity: 0.41759535422395333 0.46923857904837296 0.5221559158331374
acceleration: 0.5865308946930498 0.5164525447413014 0.4572819422822872
accel: 0.0
brake: 1.0
steer: 0.5707669808254794
linkid: A219BS010395
trafficlightid: C119BS010046
turn_signal_lamp: 1.0