position: 0.9371875142525317 0.5755056261962519 0.13685674832207884
orientation: 0.6864992861768967 0.548359433508554 0.5043449039425687
enu_velocity: 0.5589260983187038 0.2838460516344695 0.5773627859292239
velocity: 0.0023592258290605437 0.5224863414398426 0.13404267484537397
angularVelocity: 0.4175947954392022 0.4692388744398783 0.5221559140793967
acceleration: 0.5865331322881784 0.5164642459218826 0.4572847994628573
accel: 0.0
brake: 1.0
steer: 0.5707669808254794
linkid: A219BS010395
trafficlightid: C119BS010046
turn_signal_lamp: 1.0