position: 0.9371875142525317 0.5755056261962519 0.13685528862575458
orientation: 0.6864992861768967 0.5483612509040652 0.5043449039425687
enu_velocity: 0.5589260878564779 0.28384604267733127 0.5773664074869467
velocity: 0.002359207234028984 0.5224864138392689 0.13404617600468785
angularVelocity: 0.4175933933505482 0.46923687265379843 0.5221559085080025
acceleration: 0.5865318135788438 0.5164681092688143 0.4573071422516896
accel: 0.0
brake: 1.0
steer: 0.5707669808254794
linkid: A219BS010395
trafficlightid: C119BS010046
turn_signal_lamp: 1.0