position: 0.9371875142525317 0.5755056261962519 0.13685455877759223
orientation: 0.6864992861768967 0.5483616072561261 0.5043449039425687
enu_velocity: 0.5589260975248288 0.2838459698721314 0.5773611588137323
velocity: 0.002359138144453875 0.5224860088118843 0.13404107151296785
angularVelocity: 0.4176014804673022 0.4692283619518389 0.5221559494597227
acceleration: 0.5865243448592703 0.5164391322396981 0.4572328198703358
accel: 0.0
brake: 1.0
steer: 0.5707669808254794
linkid: A219BS010395
trafficlightid: C119BS010046
turn_signal_lamp: 1.0