position: 0.9371875142525317 0.5755056261962519 0.13685382892942943
orientation: 0.6864992861768967 0.5483617497969505 0.5043449039425687
enu_velocity: 0.5589261136070521 0.2838459663532053 0.5773629741684128
velocity: 0.0023591445875712487 0.5224858542866728 0.134042853804372
angularVelocity: 0.4176043899830593 0.46922922469651523 0.5221559611177454
acceleration: 0.5865253990759863 0.5164351331836229 0.4572393773177757
accel: 0.0
brake: 1.0
steer: 0.5707669808254794
linkid: A219BS010395
trafficlightid: C119BS010046
turn_signal_lamp: 1.0