position: 0.12886317250313656 0.16289758250332298 0.8704935525213335
orientation: 0.961864146161252 0.5175403255119282 0.5008343896898797
enu_velocity: 0.8884194079084751 0.9998256996381787 0.6346112084273706
velocity: 0.9997554541572214 0.5172813467981109 0.7425747668074353
angularVelocity: 0.36936258300626795 0.4586745688689368 0.5232957068058051
acceleration: 0.58823716958596 0.5214181151330548 0.47385661171672727
accel: 0.02786969
brake: 0.0
steer: 0.5662170945726358
linkid: A219BS010380
trafficlightid: null
turn_signal_lamp: 0.0