position: 0.9371875142525317 0.5755056261962519 0.13685382892942943
orientation: 0.6864992861768967 0.5483614290800956 0.5043449039425687
enu_velocity: 0.5589260483665057 0.28384604882055053 0.5773750543389178
velocity: 0.002359182423469718 0.5224868316338059 0.13405452449121424
angularVelocity: 0.41758554476323734 0.469234558110154 0.5221558739827317
acceleration: 0.5865355217883143 0.5164827851859035 0.4573085859976174
accel: 0.0
brake: 1.0
steer: 0.5707669808254794
linkid: A219BS010395
trafficlightid: C119BS010046
turn_signal_lamp: 1.0