position: 0.9371875142525317 0.5755056261962519 0.13685382892942943
orientation: 0.6864992861768967 0.54836157162092 0.5043449039425687
enu_velocity: 0.5589261547090163 0.28384587686674567 0.5773682732838052
velocity: 0.002359074182693486 0.522485133137313 0.1340480274433445
angularVelocity: 0.4176179347049871 0.469221128675544 0.5221560246070073
acceleration: 0.5865194950050129 0.5164135584708663 0.4572031131407692
accel: 0.0
brake: 1.0
steer: 0.5707669808254794
linkid: A219BS010395
trafficlightid: C119BS010046
turn_signal_lamp: 1.0