position: 0.9371875142525317 0.5755056261962519 0.13685382892942943
orientation: 0.6864992861768967 0.5483616428913323 0.5043449039425687
enu_velocity: 0.5589260826661882 0.28384595966236 0.5773712418705715
velocity: 0.00235911205965372 0.5224861401914633 0.1340508414421359
angularVelocity: 0.4175991900626948 0.4692257656248824 0.5221559387801099
acceleration: 0.5865215199620589 0.5164389769876891 0.4572119100451378
accel: 0.0
brake: 1.0
steer: 0.5707669808254794
linkid: A219BS010395
trafficlightid: C119BS010046
turn_signal_lamp: 1.0