position: 0.9371875142525317 0.5755056261962519 0.13685382892942943
orientation: 0.6864992861768967 0.5483615359857139 0.5043449039425687
enu_velocity: 0.5589260285995287 0.2838460498784495 0.5773810619858992
velocity: 0.0023591670274692124 0.5224870387502497 0.1340603336861996
angularVelocity: 0.4175813022091783 0.46923316573257773 0.5221558551979929
acceleration: 0.5865383338522567 0.5165012686982123 0.4573020802511162
accel: 0.0
brake: 1.0
steer: 0.5707669808254794
linkid: A219BS010395
trafficlightid: C119BS010046
turn_signal_lamp: 1.0