position: 0.9371875142525317 0.5755056261962519 0.13685382892942943
orientation: 0.6864992861768967 0.5483607520111797 0.5043449039425687
enu_velocity: 0.5589260688276183 0.28384598134006334 0.5773763913757547
velocity: 0.0023591233409448204 0.5224863741766999 0.134055830433232
angularVelocity: 0.4175940178931316 0.46922771957757886 0.5221559149591426
acceleration: 0.5865339981257855 0.5164719413121783 0.457295783964185
accel: 0.0
brake: 1.0
steer: 0.5707669808254794
linkid: A219BS010395
trafficlightid: C119BS010046
turn_signal_lamp: 1.0