position: 0.9371875142525317 0.5755056261962519 0.13685382892942943
orientation: 0.6865101274127079 0.5483607520111797 0.5043449039425687
enu_velocity: 0.5589261518549461 0.2838459870209106 0.5773725265621923
velocity: 0.002359188615988677 0.5224856247424385 0.13405218412555295
angularVelocity: 0.41760857190778344 0.4692350344506908 0.5221559737175882
acceleration: 0.586533834603998 0.5164341794390092 0.4572362534424222
accel: 0.0
brake: 1.0
steer: 0.5707669808254794
linkid: A219BS010395
trafficlightid: C119BS010046
turn_signal_lamp: 1.0