position: 0.9371875142525317 0.5755056261962519 0.13685382892942943
orientation: 0.6864992861768967 0.5483607520111797 0.5043449039425687
enu_velocity: 0.558926083814374 0.28384599539851013 0.5773800659070553
velocity: 0.0023591470345926758 0.5224863083169458 0.13405942154902473
angularVelocity: 0.417596148434963 0.46923045828037296 0.5221559210035291
acceleration: 0.5865281388068212 0.5164435716600373 0.4572321180829719
accel: 0.0
brake: 1.0
steer: 0.5707669808254794
linkid: A219BS010395
trafficlightid: C119BS010046
turn_signal_lamp: 1.0