position: 0.011946447809291591 0.015202311434040716 0.44421259601152574
orientation: 0.6742689266836854 0.4002654323961654 0.4992945048981862
enu_velocity: 0.8909624125234881 0.9935678466712616 0.44738656322278414
velocity: 0.9950220836549973 0.4994880129123921 0.3595597833622108
angularVelocity: 0.4115249668089677 0.6128641127374166 0.504614432375922
acceleration: 0.6138051806576803 0.5222736774465176 0.5663965527194519
accel: 0.09567793
brake: 0.0
steer: 0.5596360090997726
linkid: A219BS010380
trafficlightid: null
turn_signal_lamp: 0.0