position: 0.12978762521818665 0.1640801199605013 0.872751702735763
orientation: 0.956526644396841 0.5165913599734531 0.5008412399549769
enu_velocity: 0.8884004862358469 0.9998882270833338 0.6396803811677508
velocity: 0.9998075541379968 0.5175495746779455 0.7458541557849283
angularVelocity: 0.3693596377922217 0.4618543215639205 0.5233355095610402
acceleration: 0.5892059930710397 0.5224545206819581 0.4655297501449964
accel: 0.02730636
brake: 0.0
steer: 0.5662983425414365
linkid: A219BS010380
trafficlightid: null
turn_signal_lamp: 0.0