position: 0.9371875142525317 0.5755056261962519 0.13685382892942943
orientation: 0.6864992861768967 0.5483593622381417 0.5043449039425687
enu_velocity: 0.5589260416266059 0.283845980982157 0.5773725249302474
velocity: 0.0023591060413082373 0.5224866068230671 0.1340520412007684
angularVelocity: 0.41759045692127217 0.46922535482293537 0.522155900433021
acceleration: 0.5865281527832694 0.5164541871716133 0.45725448268447944
accel: 0.0
brake: 1.0
steer: 0.5707669808254794
linkid: A219BS010395
trafficlightid: C119BS010046
turn_signal_lamp: 1.0