position: 0.9371875142525317 0.5755056261962519 0.13685455877759223
orientation: 0.6864992861768967 0.5483601105774698 0.5043449039425687
enu_velocity: 0.5589260473952443 0.2838460610603797 0.5773750146264632
velocity: 0.0023591949337470157 0.5224868903347685 0.1340544880288525
angularVelocity: 0.4175855910910718 0.46923582886903004 0.5221558718083549
acceleration: 0.5865299173176047 0.5164509321181171 0.4572380740438229
accel: 0.0
brake: 1.0
steer: 0.5707669808254794
linkid: A219BS010395
trafficlightid: C119BS010046
turn_signal_lamp: 1.0