position: 0.9371875142525317 0.5755056261962519 0.13685455877759223
orientation: 0.6864992861768967 0.5483596473197905 0.5043449039425687
enu_velocity: 0.5589260963849173 0.28384598463827365 0.5773689461639511
velocity: 0.0023591494896509613 0.5224861083695932 0.13404863629371844
angularVelocity: 0.41759921873416234 0.46923015342899005 0.5221559375457684
acceleration: 0.5865271604851338 0.5164561295322049 0.4572438467390798
accel: 0.0
brake: 1.0
steer: 0.5707669808254794
linkid: A219BS010395
trafficlightid: C119BS010046
turn_signal_lamp: 1.0