position: 0.9371875142525317 0.5755056261962519 0.13685455877759223
orientation: 0.6864992861768967 0.5483592553325234 0.5043449039425687
enu_velocity: 0.5589261163238464 0.28384594673082614 0.5773706865488064
velocity: 0.0023591216526810893 0.5224857779279858 0.13405034131090104
angularVelocity: 0.41760568301617457 0.46922703649131037 0.5221559668272692
acceleration: 0.5865281580735481 0.51643794884762 0.45725475431399093
accel: 0.0
brake: 1.0
steer: 0.5707669808254794
linkid: A219BS010395
trafficlightid: C119BS010046
turn_signal_lamp: 1.0