position: 0.1307120693263107 0.16526875297158217 0.875230996943396
orientation: 0.9520492140067898 0.5159352445587178 0.5008476518031076
enu_velocity: 0.888413441615304 0.9999350204981723 0.6402227829202694
velocity: 0.9998668833027077 0.5174535391151598 0.7452976502421086
angularVelocity: 0.3783887078198493 0.46417949492874505 0.5231970824401925
acceleration: 0.5889496253474186 0.5167823650227359 0.4576839767007041
accel: 0.02603257
brake: 0.0
steer: 0.566135846603835
linkid: A219BS010380
trafficlightid: null
turn_signal_lamp: 0.0