position: 0.9371875142525317 0.5755056261962519 0.13685382892942943
orientation: 0.6864992861768967 0.5483600393070576 0.5043449039425687
enu_velocity: 0.5589260497517085 0.2838460177464741 0.5773728752458913
velocity: 0.0023591510137399253 0.5224866840274692 0.13405240169463
angularVelocity: 0.41758901230143236 0.46923034754510823 0.5221558926699963
acceleration: 0.5865201904055748 0.5164573458281652 0.45725526991293225
accel: 0.0
brake: 1.0
steer: 0.5707669808254794
linkid: A219BS010395
trafficlightid: C119BS010046
turn_signal_lamp: 1.0