position: 0.131636547862139 0.1664512904287614 0.8778102803492762
orientation: 0.9483657234526504 0.5154973235109401 0.500853954046997
enu_velocity: 0.8884263969947611 0.9999666928968618 0.6397079482897882
velocity: 0.9999102584063198 0.5172961746367108 0.7440888943921297
angularVelocity: 0.3839086891846768 0.46568984662729546 0.5231690330994516
acceleration: 0.5878926993179899 0.5162800616742576 0.45664500475263786
accel: 0.02524039
brake: 0.0
steer: 0.5662170945726358
linkid: A219BS010380
trafficlightid: null
turn_signal_lamp: 0.0