position: 0.9371875142525317 0.5755056261962519 0.13685382892942943
orientation: 0.6864992861768967 0.5483591484269051 0.5043449039425687
enu_velocity: 0.5589260840321864 0.28384600559602247 0.5773775276878572
velocity: 0.0023591593713795304 0.5224863385610371 0.13405695976539916
angularVelocity: 0.4175952771274295 0.4692317761298425 0.5221559175502881
acceleration: 0.5865284714269076 0.5164531862223183 0.45725775428743276
accel: 0.0
brake: 1.0
steer: 0.5707669808254794
linkid: A219BS010395
trafficlightid: C119BS010046
turn_signal_lamp: 1.0