position: 0.9371875142525317 0.5755056261962519 0.13685382892942943
orientation: 0.6864992861768967 0.5483595760493783 0.5043449039425687
enu_velocity: 0.5589260385039674 0.28384607397166367 0.5773826693017161
velocity: 0.002359198998093937 0.5224870526224852 0.13406191363961775
angularVelocity: 0.4175820409377103 0.46923673910650837 0.5221558558102056
acceleration: 0.5865313953717103 0.5164718736632079 0.4572775495154568
accel: 0.0
brake: 1.0
steer: 0.5707669808254794
linkid: A219BS010395
trafficlightid: C119BS010046
turn_signal_lamp: 1.0