position: 0.9371875142525317 0.5755056261962519 0.13685455877759223
orientation: 0.6864992861768967 0.5483594691437601 0.5043449039425687
enu_velocity: 0.5589260511486904 0.28384603963042604 0.5773812072029632
velocity: 0.0023591715018155615 0.5224867914963502 0.13406050049223972
angularVelocity: 0.4175864157816044 0.4692335720833069 0.5221558771283789
acceleration: 0.586534929725331 0.5164801322845007 0.4572638679204025
accel: 0.0
brake: 1.0
steer: 0.5707669808254794
linkid: A219BS010395
trafficlightid: C119BS010046
turn_signal_lamp: 1.0