position: 0.9371875142525317 0.5755056261962519 0.13685455877759223
orientation: 0.6864992861768967 0.5483594691437601 0.5043449039425687
enu_velocity: 0.5589260233767208 0.28384605089801473 0.5773772447707297
velocity: 0.0023591663551974845 0.5224870764708719 0.13405662049060035
angularVelocity: 0.4175816662797089 0.46923271081388523 0.5221558568506898
acceleration: 0.5865320456936839 0.5164693369112054 0.4572807479444862
accel: 0.0
brake: 1.0
steer: 0.5707669808254794
linkid: A219BS010395
trafficlightid: C119BS010046
turn_signal_lamp: 1.0