position: 0.13256103500489336 0.16763992343984224 0.8804691172048569
orientation: 0.9444838382831644 0.5151845533069899 0.5008591054463499
enu_velocity: 0.8884425912190825 0.9999791575182817 0.6400751089623936
velocity: 0.9999351866267866 0.5170586112147079 0.7439526019816898
angularVelocity: 0.38088206100724026 0.4668652556564274 0.5229534874957968
acceleration: 0.5874282679045719 0.5159205558048003 0.4578601498357132
accel: 0.02513487
brake: 0.0
steer: 0.5662170945726358
linkid: A219BS010380
trafficlightid: null
turn_signal_lamp: 0.0