position: 0.9371875142525317 0.5755056261962519 0.13685528862575458
orientation: 0.6864992861768967 0.548360502564737 0.5043449039425687
enu_velocity: 0.5589260637831175 0.2838460022609495 0.5773809158604039
velocity: 0.0023591401789356888 0.5224865224372423 0.13406022341229806
angularVelocity: 0.41759138729908957 0.46922962252733524 0.5221559025397707
acceleration: 0.5865244047070036 0.5164723755145404 0.4572994463976087
accel: 0.0
brake: 1.0
steer: 0.5707669808254794
linkid: A219BS010395
trafficlightid: C119BS010046
turn_signal_lamp: 1.0