position: 0.9371875142525317 0.5755056261962519 0.13685601847391649
orientation: 0.6864992861768967 0.5483618923377749 0.5043449039425687
enu_velocity: 0.5589260378386064 0.28384603682335247 0.5773773734385438
velocity: 0.0023591611406400355 0.5224868873939345 0.1340567599343913
angularVelocity: 0.41758486006599577 0.4692320697019269 0.5221558719893216
acceleration: 0.586530823293243 0.5164729799977538 0.457275863565501
accel: 0.0
brake: 1.0
steer: 0.5707669808254794
linkid: A219BS010395
trafficlightid: C119BS010046
turn_signal_lamp: 1.0