position: 0.9371875142525317 0.5755056261962519 0.13685601847391649
orientation: 0.6864992861768967 0.5483617497969505 0.5043449039425687
enu_velocity: 0.5589261195651629 0.28384596869794365 0.5773707127505884
velocity: 0.0023591474986364856 0.5224858381168557 0.13405037684371893
angularVelocity: 0.41760442728400393 0.4692300883607609 0.5221559594208233
acceleration: 0.586530204443152 0.5164447623064663 0.4572418477925004
accel: 0.0
brake: 1.0
steer: 0.5707669808254794
linkid: A219BS010395
trafficlightid: C119BS010046
turn_signal_lamp: 1.0