position: 0.9371875142525317 0.5755056261962519 0.13685601847391649
orientation: 0.6864992861768967 0.5483616428913323 0.5043449039425687
enu_velocity: 0.5589260882095956 0.28384596964294584 0.5773741665758834
velocity: 0.00235912521105992 0.522486141151289 0.13405369133370365
angularVelocity: 0.4175993473463048 0.4692275647790936 0.5221559374547396
acceleration: 0.5865257980590994 0.5164352070313195 0.45724192724909823
accel: 0.0
brake: 1.0
steer: 0.5707669808254794
linkid: A219BS010395
trafficlightid: C119BS010046
turn_signal_lamp: 1.0