position: 0.9371875142525317 0.5755056261962519 0.13685601847391649
orientation: 0.6864992861768967 0.5483616428913323 0.5043449039425687
enu_velocity: 0.5589260855916901 0.2838459659248923 0.5773736324040254
velocity: 0.002359119663060101 0.5224861479006144 0.13405316827540834
angularVelocity: 0.41759883762002226 0.46922679971921766 0.5221559367539772
acceleration: 0.5865224920817864 0.5164469118206642 0.4572447197549907
accel: 0.0
brake: 1.0
steer: 0.5707669808254794
linkid: A219BS010395
trafficlightid: C119BS010046
turn_signal_lamp: 1.0