position: 0.9371875142525317 0.5755056261962519 0.13685601847391649
orientation: 0.6864992861768967 0.5483616428913323 0.5043449039425687
enu_velocity: 0.5589260840990122 0.28384596572106513 0.5773736804007367
velocity: 0.0023591183904993745 0.5224861608791691 0.13405321293729766
angularVelocity: 0.4175986072671818 0.46922665591146895 0.5221559357538511
acceleration: 0.5865225045839084 0.5164469244160462 0.4572447263213757
accel: 0.0
brake: 1.0
steer: 0.5707669808254794
linkid: A219BS010395
trafficlightid: C119BS010046
turn_signal_lamp: 1.0