position: 0.13348551354072163 0.16882855645092487 0.8832242940178725
orientation: 0.9404693286622543 0.5149978248270195 0.5008640376372198
enu_velocity: 0.8884388409776607 1.0 0.640794969013693
velocity: 0.9999546306387507 0.517046816784767 0.7443366274299157
angularVelocity: 0.38039038238440703 0.46792040472526025 0.5229570639924979
acceleration: 0.5873508366593916 0.51814918769068 0.45873543654850835
accel: 0.02493379
brake: 0.0
steer: 0.5659733506662334
linkid: A219BS010380
trafficlightid: null
turn_signal_lamp: 0.0