position: 0.9371875142525317 0.5755056261962519 0.13685601847391649
orientation: 0.6864992861768967 0.5483616428913323 0.5043449039425687
enu_velocity: 0.5589260828398703 0.28384596557633246 0.5773737285365583
velocity: 0.0023591173426416273 0.522486171966654 0.13405325804626617
angularVelocity: 0.4175984115033941 0.46922653745730636 0.5221559349284447
acceleration: 0.5865225091956027 0.5164469127765569 0.45724472676825245
accel: 0.0
brake: 1.0
steer: 0.5707669808254794
linkid: A219BS010395
trafficlightid: C119BS010046
turn_signal_lamp: 1.0