position: 0.9371875142525317 0.5755056261962519 0.13685601847391649
orientation: 0.6864992861768967 0.5483616428913323 0.5043449039425687
enu_velocity: 0.5589260822839158 0.2838459655226324 0.5773737526009234
velocity: 0.0023591168895961486 0.5224861769142708 0.1340532806957453
angularVelocity: 0.4175983244214471 0.469226486524275 0.5221559345715685
acceleration: 0.5865225111497492 0.5164469083730062 0.4572447269384155
accel: 0.0
brake: 1.0
steer: 0.5707669808254794
linkid: A219BS010395
trafficlightid: C119BS010046
turn_signal_lamp: 1.0