position: 0.9371875142525317 0.5755056261962519 0.13685601847391649
orientation: 0.6864992861768967 0.5483616428913323 0.5043449039425687
enu_velocity: 0.558926081303151 0.2838459654337658 0.5773738007284865
velocity: 0.0023591160939122795 0.522486185687279 0.13405332616474205
angularVelocity: 0.41759816954143786 0.46922639740312166 0.522155933914238
acceleration: 0.5865225139679222 0.516446899424746 0.45724472720399706
accel: 0.0
brake: 1.0
steer: 0.5707669808254794
linkid: A219BS010395
trafficlightid: C119BS010046
turn_signal_lamp: 1.0