position: 0.9371875142525317 0.5755056261962519 0.13685601847391649
orientation: 0.6864992861768967 0.5483616428913323 0.5043449039425687
enu_velocity: 0.5589260808706135 0.28384596539978435 0.5773738247890814
velocity: 0.0023591157472604455 0.5224861895881684 0.13405334897222618
angularVelocity: 0.4175981007339703 0.46922635865931445 0.5221559336193367
acceleration: 0.5865225154249678 0.5164468958205856 0.45724472731054777
accel: 0.0
brake: 1.0
steer: 0.5707669808254794
linkid: A219BS010395
trafficlightid: C119BS010046
turn_signal_lamp: 1.0