position: 0.9371875142525317 0.5755056261962519 0.13685601847391649
orientation: 0.6864992861768967 0.5483616428913323 0.5043449039425687
enu_velocity: 0.5589260804719969 0.28384596537140183 0.577373848857127
velocity: 0.002359115430023912 0.5224861932020834 0.13405337183150667
angularVelocity: 0.41759803707144744 0.46922632333924513 0.5221559333513076
acceleration: 0.5865225166087223 0.5164468926705893 0.4572447274266403
accel: 0.0
brake: 1.0
steer: 0.5707669808254794
linkid: A219BS010395
trafficlightid: C119BS010046
turn_signal_lamp: 1.0