position: 0.9371875142525317 0.5755056261962519 0.13685601847391649
orientation: 0.6864992861768967 0.5483616428913323 0.5043449039425687
enu_velocity: 0.55892607977391 0.283845965328593 0.5773738969881012
velocity: 0.0023591148790105265 0.5224861995814355 0.13405341767458814
angularVelocity: 0.417597924557386 0.46922626230349807 0.5221559328822817
acceleration: 0.5865225187691694 0.5164468863721311 0.45724472758885176
accel: 0.0
brake: 1.0
steer: 0.5707669808254794
linkid: A219BS010395
trafficlightid: C119BS010046
turn_signal_lamp: 1.0