position: 0.13440969944106365 0.1700110939081032 0.8861539045416991
orientation: 0.9368411284107521 0.5152288478681736 0.5008690794323312
enu_velocity: 0.8882954794760367 0.9996840933653273 0.6387182877109882
velocity: 0.9995168910873546 0.5168867563356635 0.742489049955572
angularVelocity: 0.38555740088302876 0.47244192677216085 0.5228690049083123
acceleration: 0.5653646154092098 0.5138915649451598 0.4496023178432487
accel: 0.03326673
brake: 0.0
steer: 0.5660545986350342
linkid: A219BS010380
trafficlightid: null
turn_signal_lamp: 0.0