position: 0.9371875142525317 0.5755056261962519 0.13685601847391649
orientation: 0.6864992861768967 0.5483613578096834 0.5043449039425687
enu_velocity: 0.5589261085113707 0.2838459595959706 0.5773706863935113
velocity: 0.0023591300943736682 0.5224859018115474 0.1340503347622382
angularVelocity: 0.41760373943500084 0.4692279676014009 0.5221559572013288
acceleration: 0.5865266980718125 0.5164307691575931 0.45721821914995775
accel: 0.0
brake: 1.0
steer: 0.5707669808254794
linkid: A219BS010395
trafficlightid: C119BS010046
turn_signal_lamp: 1.0