position: 0.9371875142525317 0.5755056261962519 0.13685601847391649
orientation: 0.6864992861768967 0.5483616072561261 0.5043449039425687
enu_velocity: 0.5589260842757798 0.2838459621458234 0.5773733923294281
velocity: 0.0023591148066189746 0.5224861435990219 0.13405293244509284
angularVelocity: 0.4175993522690197 0.46922628180984166 0.5221559383282386
acceleration: 0.5865244037097571 0.5164335002642131 0.4572445506002064
accel: 0.0
brake: 1.0
steer: 0.5707669808254794
linkid: A219BS010395
trafficlightid: C119BS010046
turn_signal_lamp: 1.0