position: 0.9371875142525317 0.5755056261962519 0.13685674832207884
orientation: 0.6864992861768967 0.5483617497969505 0.5043449039425687
enu_velocity: 0.5589261254942947 0.28384595939788526 0.5773704508261249
velocity: 0.002359141716655404 0.5224857450203603 0.13405012747395142
angularVelocity: 0.4176062465274205 0.4692292410752473 0.5221559680228393
acceleration: 0.5865247823033655 0.5164388487108797 0.45723039394970205
accel: 0.0
brake: 1.0
steer: 0.5707669808254794
linkid: A219BS010395
trafficlightid: C119BS010046
turn_signal_lamp: 1.0