position: 0.9371875142525317 0.5755056261962519 0.13685601847391649
orientation: 0.6864992861768967 0.5483616072561261 0.5043449039425687
enu_velocity: 0.5589260836402008 0.2838459623986713 0.577373006595912
velocity: 0.0023591148253649962 0.5224861490071814 0.1340525571270118
angularVelocity: 0.41759923791592063 0.469226263984894 0.5221559380229255
acceleration: 0.5865243686188593 0.5164337135372203 0.4572445390943224
accel: 0.0
brake: 1.0
steer: 0.5707669808254794
linkid: A219BS010395
trafficlightid: C119BS010046
turn_signal_lamp: 1.0