position: 0.9371875142525317 0.5755056261962519 0.13685601847391649
orientation: 0.6864992861768967 0.5483616072561261 0.5043449039425687
enu_velocity: 0.5589260847604389 0.2838459619205816 0.5773730304907989
velocity: 0.0023591150730019384 0.522486136912149 0.13405258162066763
angularVelocity: 0.4175990305793542 0.4692262389539638 0.522155937936359
acceleration: 0.5865225204378445 0.5164469039357003 0.4572447283474291
accel: 0.0
brake: 1.0
steer: 0.5707669808254794
linkid: A219BS010395
trafficlightid: C119BS010046
turn_signal_lamp: 1.0