position: 0.9371875142525317 0.5755056261962519 0.13685601847391649
orientation: 0.6864992861768967 0.5483616072561261 0.5043449039425687
enu_velocity: 0.5589260842454574 0.2838459620958832 0.577373054592327
velocity: 0.002359114894466023 0.5224861424206919 0.13405260442039102
angularVelocity: 0.4175989287089903 0.4692262196949898 0.522155937499659
acceleration: 0.586522520240679 0.5164469390214115 0.4572447274107372
accel: 0.0
brake: 1.0
steer: 0.5707669808254794
linkid: A219BS010395
trafficlightid: C119BS010046
turn_signal_lamp: 1.0