position: 0.9371875142525317 0.5755056261962519 0.13685601847391649
orientation: 0.6864992861768967 0.5483616072561261 0.5043449039425687
enu_velocity: 0.5589260832981959 0.28384596243361315 0.5773731027178256
velocity: 0.0023591145806695843 0.5224861526296226 0.1340526500460848
angularVelocity: 0.4175987486933003 0.46922618628576057 0.5221559367134208
acceleration: 0.586522521491424 0.5164469296834292 0.4572447276270192
accel: 0.0
brake: 1.0
steer: 0.5707669808254794
linkid: A219BS010395
trafficlightid: C119BS010046
turn_signal_lamp: 1.0