position: 0.9371875142525317 0.5755056261962519 0.13685601847391649
orientation: 0.6864992861768967 0.5483616072561261 0.5043449039425687
enu_velocity: 0.5589260828792582 0.28384596258515027 0.5773731267821907
velocity: 0.0023591144428663814 0.5224861571638 0.13405267292498513
angularVelocity: 0.4175986688217729 0.469226171676617 0.5221559363513882
acceleration: 0.5865225219359981 0.5164469255146324 0.45724472772243774
accel: 0.0
brake: 1.0
steer: 0.5707669808254794
linkid: A219BS010395
trafficlightid: C119BS010046
turn_signal_lamp: 1.0