position: 0.9371875142525317 0.5755056261962519 0.13685601847391649
orientation: 0.6864992861768967 0.5483616072561261 0.5043449039425687
enu_velocity: 0.5589260812454739 0.28384596320435584 0.5773732471078759
velocity: 0.002359113923137913 0.5224861750596868 0.13405278786988828
angularVelocity: 0.4175983534792349 0.46922611832008115 0.5221559349601759
acceleration: 0.5865225241337467 0.5164469074800214 0.45724472812319555
accel: 0.0
brake: 1.0
steer: 0.5707669808254794
linkid: A219BS010395
trafficlightid: C119BS010046
turn_signal_lamp: 1.0