position: 0.9371875142525317 0.5755056261962519 0.13685601847391649
orientation: 0.6864992861768967 0.5483616072561261 0.5043449039425687
enu_velocity: 0.5589260807585597 0.28384596339443113 0.5773732952399273
velocity: 0.002359113768283807 0.522486180461234 0.13405283404511167
angularVelocity: 0.41759825844406256 0.4692261029939244 0.522155934540829
acceleration: 0.5865225246460727 0.516446902491888 0.4572447282392881
accel: 0.0
brake: 1.0
steer: 0.5707669808254794
linkid: A219BS010395
trafficlightid: C119BS010046
turn_signal_lamp: 1.0