position: 0.9371875142525317 0.5755056261962519 0.13685601847391649
orientation: 0.6864992861768967 0.5483616072561261 0.5043449039425687
enu_velocity: 0.5589260803464985 0.28384596355794245 0.5773733433750308
velocity: 0.0023591136365381624 0.5224861850706897 0.13405288031084786
angularVelocity: 0.4175981773519925 0.46922609036732227 0.5221559341702686
acceleration: 0.5865225251987451 0.516446897855118 0.45724472835697094
accel: 0.0
brake: 1.0
steer: 0.5707669808254794
linkid: A219BS010395
trafficlightid: C119BS010046
turn_signal_lamp: 1.0