position: 0.9371875142525317 0.5755056261962519 0.13685601847391649
orientation: 0.6864992861768967 0.5483616072561261 0.5043449039425687
enu_velocity: 0.5589260801632634 0.2838459636311159 0.577373367441281
velocity: 0.002359113577184069 0.5224861871322098 0.13405290346896012
angularVelocity: 0.4175981411094124 0.4692260847925448 0.5221559340147861
acceleration: 0.5865225253053211 0.516446896049202 0.4572447284014996
accel: 0.0
brake: 1.0
steer: 0.5707669808254794
linkid: A219BS010395
trafficlightid: C119BS010046
turn_signal_lamp: 1.0