position: 0.9371875142525317 0.5755056261962519 0.13685601847391649
orientation: 0.6864992861768967 0.5483616072561261 0.5043449039425687
enu_velocity: 0.5589260799963452 0.2838459636980979 0.5773733915108524
velocity: 0.002359113522416769 0.5224861890194122 0.13405292664939542
angularVelocity: 0.4175981077772393 0.46922607982364345 0.5221559338692194
acceleration: 0.5865225254377798 0.5164468940468906 0.4572447284444379
accel: 0.0
brake: 1.0
steer: 0.5707669808254794
linkid: A219BS010395
trafficlightid: C119BS010046
turn_signal_lamp: 1.0