position: 0.9371875142525317 0.5755056261962519 0.13685601847391649
orientation: 0.6864992861768967 0.5483616072561261 0.5043449039425687
enu_velocity: 0.5589260798403898 0.28384596376074794 0.5773734155778207
velocity: 0.0023591134705909984 0.5224861907887763 0.134052949840033
angularVelocity: 0.4175980769603555 0.46922607506984604 0.5221559337194881
acceleration: 0.5865225254179871 0.5164468927135507 0.457244728481015
accel: 0.0
brake: 1.0
steer: 0.5707669808254794
linkid: A219BS010395
trafficlightid: C119BS010046
turn_signal_lamp: 1.0