position: 0.9371875142525317 0.5755056261962519 0.13685601847391649
orientation: 0.6864992861768967 0.5483616072561261 0.5043449039425687
enu_velocity: 0.5589260795691467 0.283845963871867 0.577373463714181
velocity: 0.0023591133796777783 0.5224861938981669 0.13405299627109896
angularVelocity: 0.41759802220385395 0.46922606702854325 0.522155933479323
acceleration: 0.5865225258930115 0.5164468893119231 0.4572447285398564
accel: 0.0
brake: 1.0
steer: 0.5707669808254794
linkid: A219BS010395
trafficlightid: C119BS010046
turn_signal_lamp: 1.0