position: 0.9371875142525317 0.5755056261962519 0.13685601847391649
orientation: 0.6864992861768967 0.5483616072561261 0.5043449039425687
enu_velocity: 0.558926079449768 0.283845963920949 0.5773734877859965
velocity: 0.00235911333847143 0.5224861952780745 0.13405301950908574
angularVelocity: 0.41759799813380527 0.4692260635725397 0.5221559333891866
acceleration: 0.5865225258869213 0.5164468883775111 0.45724472857325293
accel: 0.0
brake: 1.0
steer: 0.5707669808254794
linkid: A219BS010395
trafficlightid: C119BS010046
turn_signal_lamp: 1.0