position: 0.9371875142525317 0.5755056261962519 0.13685601847391649
orientation: 0.6864992861768967 0.5483616072561261 0.5043449039425687
enu_velocity: 0.5589260791656753 0.2838459638489607 0.5773735839111588
velocity: 0.0023591130187420742 0.5224861979350384 0.13405311247549048
angularVelocity: 0.41759795323803334 0.46922603114561856 0.5221559331616149
acceleration: 0.5865225112037984 0.5164468366718487 0.4572447283029004
accel: 0.0
brake: 1.0
steer: 0.5707669808254794
linkid: A219BS010395
trafficlightid: C119BS010046
turn_signal_lamp: 1.0