position: 0.9371875142525317 0.5755056261962519 0.13685601847391649
orientation: 0.6864992861768967 0.5483616072561261 0.5043449039425687
enu_velocity: 0.558926088369869 0.28384595776179133 0.5773736036190398
velocity: 0.0023591128166240627 0.5224860890887566 0.13405314162112977
angularVelocity: 0.4175999262931498 0.469226004132147 0.5221559420574414
acceleration: 0.5865225142990689 0.516445561932947 0.4572447544666606
accel: 0.0
brake: 1.0
steer: 0.5707669808254794
linkid: A219BS010395
trafficlightid: C119BS010046
turn_signal_lamp: 1.0