position: 0.9371875142525317 0.5755056261962519 0.13685601847391649
orientation: 0.6864992861768967 0.5483616072561261 0.5043449039425687
enu_velocity: 0.558926127853725 0.2838459559073826 0.5773706675624111
velocity: 0.002359139487568944 0.5224857100218557 0.1340503399846006
angularVelocity: 0.41760686017232945 0.4692289927710731 0.5221559708675364
acceleration: 0.5865247903825849 0.5164389201573372 0.457230392486618
accel: 0.0
brake: 1.0
steer: 0.5707669808254794
linkid: A219BS010395
trafficlightid: C119BS010046
turn_signal_lamp: 1.0