position: 0.9371875142525317 0.5755056261962519 0.13685674832207884
orientation: 0.6864992861768967 0.5483619636081871 0.5043449039425687
enu_velocity: 0.5589260664245489 0.2838460263753433 0.5773733340787797
velocity: 0.0023591715796439585 0.5224865686833858 0.13405287074142896
angularVelocity: 0.41759055242653126 0.4692330567454987 0.5221558972765653
acceleration: 0.5865306789855795 0.5164724628490697 0.4572701452572142
accel: 0.0
brake: 1.0
steer: 0.5707669808254794
linkid: A219BS010395
trafficlightid: C119BS010046
turn_signal_lamp: 1.0