position: 0.13810550488749032 0.17475953039852765 0.8968870516177816
orientation: 0.9239490921585269 0.5165664865995945 0.5008746144465296
enu_velocity: 0.8883737231493369 0.9996936972539623 0.6303602433088015
velocity: 0.9995844465648196 0.5159796346447423 0.7367961604431116
angularVelocity: 0.3881400093558358 0.47078377069344857 0.5219572348448828
acceleration: 0.5899158978606397 0.5165738362505194 0.45344848123125525
accel: 0.03054349
brake: 0.0
steer: 0.5656483587910303
linkid: A219BS010380
trafficlightid: null
turn_signal_lamp: 0.0