position: 0.9371875142525317 0.5755056261962519 0.13685674832207884
orientation: 0.6864992861768967 0.5483616428913323 0.5043449039425687
enu_velocity: 0.5589260747167929 0.28384602398125736 0.5773794856689565
velocity: 0.0023591717695172283 0.5224865059656743 0.13405885433890333
angularVelocity: 0.41759158112477346 0.46923335626198087 0.5221559008932217
acceleration: 0.5865295922578652 0.5164760601049365 0.4572923142284768
accel: 0.0
brake: 1.0
steer: 0.5707669808254794
linkid: A219BS010395
trafficlightid: C119BS010046
turn_signal_lamp: 1.0