position: 0.9371875142525317 0.5755056261962519 0.13685601847391649
orientation: 0.6864992861768967 0.5483616072561261 0.5043449039425687
enu_velocity: 0.5589260860618613 0.283845965829446 0.5773733335529307
velocity: 0.002359120028707239 0.5224861421094009 0.13405287863435528
angularVelocity: 0.41759905825748134 0.4692267972311819 0.5221559379746347
acceleration: 0.5865214515616043 0.5164432692005546 0.4572505025534793
accel: 0.0
brake: 1.0
steer: 0.5707669808254794
linkid: A219BS010395
trafficlightid: C119BS010046
turn_signal_lamp: 1.0