position: 0.9371875142525317 0.5755056261962519 0.13685601847391649
orientation: 0.6864992861768967 0.5483616072561261 0.5043449039425687
enu_velocity: 0.5589260851336901 0.2838459651336545 0.5773733915736886
velocity: 0.002359118611961685 0.5224861479605583 0.13405293361190584
angularVelocity: 0.4175988341286049 0.4692266664981686 0.5221559368043504
acceleration: 0.5865225045671607 0.5164469346562193 0.45724472692887363
accel: 0.0
brake: 1.0
steer: 0.5707669808254794
linkid: A219BS010395
trafficlightid: C119BS010046
turn_signal_lamp: 1.0