position: 0.9371875142525317 0.5755056261962519 0.13685601847391649
orientation: 0.6864992861768967 0.5483616072561261 0.5043449039425687
enu_velocity: 0.5589260845608408 0.28384596503497966 0.5773734156395797
velocity: 0.0023591180988890514 0.5224861528787966 0.13405295622920843
angularVelocity: 0.41759874713769185 0.46922660869615096 0.5221559364476724
acceleration: 0.5865225064383301 0.5164469298307257 0.45724472708790453
accel: 0.0
brake: 1.0
steer: 0.5707669808254794
linkid: A219BS010395
trafficlightid: C119BS010046
turn_signal_lamp: 1.0