position: 0.9371875142525317 0.5755056261962519 0.13685601847391649
orientation: 0.6864992861768967 0.5483616072561261 0.5043449039425687
enu_velocity: 0.5589260840359962 0.2838459649494642 0.5773734396997258
velocity: 0.0023591176331052522 0.5224861574123204 0.1340529789052833
angularVelocity: 0.417598667089834 0.4692265561713504 0.5221559361090417
acceleration: 0.5865225083726839 0.5164469252967564 0.4572447272246711
accel: 0.0
brake: 1.0
steer: 0.5707669808254794
linkid: A219BS010395
trafficlightid: C119BS010046
turn_signal_lamp: 1.0