position: 0.9371875142525317 0.5755056261962519 0.13685601847391649
orientation: 0.6864992861768967 0.5483616072561261 0.5043449039425687
enu_velocity: 0.5589260835534748 0.28384596487155006 0.577373463762834
velocity: 0.0023591172046888553 0.5224861615903152 0.1340530016399561
angularVelocity: 0.41759859362472085 0.46922650806693605 0.5221559358130495
acceleration: 0.5865225100497329 0.5164469214026061 0.45724472735984734
accel: 0.0
brake: 1.0
steer: 0.5707669808254794
linkid: A219BS010395
trafficlightid: C119BS010046
turn_signal_lamp: 1.0