position: 0.01287444657788147 0.01637875333731653 0.4495032653406783
orientation: 0.6731880554733026 0.41738861218547296 0.4991885175966048
enu_velocity: 0.8911727669741467 0.9939166517329605 0.5022580982797075
velocity: 0.9955226423219694 0.5017254918865593 0.44198617194469125
angularVelocity: 0.4053981986764897 0.6191452557568092 0.5047994249523214
acceleration: 0.6071818574211509 0.5130568742339817 0.6027842172031017
accel: 0.08900322
brake: 0.0
steer: 0.5597172570685733
linkid: A219BS010380
trafficlightid: null
turn_signal_lamp: 0.0