position: 0.9371875142525317 0.5755056261962519 0.13685601847391649
orientation: 0.6864992861768967 0.5483616072561261 0.5043449039425687
enu_velocity: 0.5589260819869768 0.28384596466028494 0.5773735600229872
velocity: 0.002359115849989642 0.5224861753916109 0.13405309307435742
angularVelocity: 0.41759835008458884 0.46922635670186846 0.5221559347857537
acceleration: 0.5865225157507858 0.5164469076534016 0.45724472781308534
accel: 0.0
brake: 1.0
steer: 0.5707669808254794
linkid: A219BS010395
trafficlightid: C119BS010046
turn_signal_lamp: 1.0