position: 0.9371875142525317 0.5755056261962519 0.13685601847391649
orientation: 0.6864992861768967 0.5483616072561261 0.5043449039425687
enu_velocity: 0.5589260813813349 0.283845964593589 0.5773736081589166
velocity: 0.002359115337091506 0.5224861808291401 0.1340531390329029
angularVelocity: 0.4175982541761797 0.4692263000291466 0.5221559343686875
acceleration: 0.586522517475794 0.5164469029506551 0.4572447279959708
accel: 0.0
brake: 1.0
steer: 0.5707669808254794
linkid: A219BS010395
trafficlightid: C119BS010046
turn_signal_lamp: 1.0