position: 0.9371875142525317 0.5755056261962519 0.13685601847391649
orientation: 0.6864992861768967 0.5483616072561261 0.5043449039425687
enu_velocity: 0.5589260808693963 0.2838459645459578 0.5773736562992984
velocity: 0.002359114909348171 0.5224861854886482 0.1340531851197202
angularVelocity: 0.4175981722812519 0.46922625319743066 0.522155934020934
acceleration: 0.5865225191406628 0.5164468982540459 0.457244728177266
accel: 0.0
brake: 1.0
steer: 0.5707669808254794
linkid: A219BS010395
trafficlightid: C119BS010046
turn_signal_lamp: 1.0