position: 0.9371875142525317 0.5755056261962519 0.13685601847391649
orientation: 0.6864992861768967 0.5483616072561261 0.5043449039425687
enu_velocity: 0.5589260806484951 0.28384596452640265 0.5773736803698573
velocity: 0.002359114724281062 0.5224861875155712 0.13405320820905844
angularVelocity: 0.41759813642040217 0.46922623301709465 0.522155933863964
acceleration: 0.5865225199498788 0.5164468959755537 0.4572447282122528
accel: 0.0
brake: 1.0
steer: 0.5707669808254794
linkid: A219BS010395
trafficlightid: C119BS010046
turn_signal_lamp: 1.0