position: 0.9371875142525317 0.5755056261962519 0.13685601847391649
orientation: 0.6864992861768967 0.5483616072561261 0.5043449039425687
enu_velocity: 0.5589260804459805 0.2838459645104643 0.5773737044352995
velocity: 0.00235911455579122 0.5224861893892973 0.13405323131778107
angularVelocity: 0.4175981034879367 0.4692262148551508 0.5221559337239503
acceleration: 0.586522520655564 0.5164468943767734 0.4572447282567815
accel: 0.0
brake: 1.0
steer: 0.5707669808254794
linkid: A219BS010395
trafficlightid: C119BS010046
turn_signal_lamp: 1.0