position: 0.9371875142525317 0.5755056261962519 0.13685601847391649
orientation: 0.6864992861768967 0.5483616072561261 0.5043449039425687
enu_velocity: 0.5589260800873772 0.28384596448559635 0.5773737525693258
velocity: 0.0023591142583726217 0.522486192741274 0.13405327759895153
angularVelocity: 0.4175980444734971 0.4692261830269357 0.5221559334875533
acceleration: 0.5865225217494902 0.5164468909229781 0.4572447283506097
accel: 0.0
brake: 1.0
steer: 0.5707669808254794
linkid: A219BS010395
trafficlightid: C119BS010046
turn_signal_lamp: 1.0