position: 0.9371875142525317 0.5755056261962519 0.13685601847391649
orientation: 0.6864992861768967 0.5483616072561261 0.5043449039425687
enu_velocity: 0.5589260796510077 0.28384596446397736 0.5773738247765142
velocity: 0.0023591138992068213 0.5224861969060204 0.1340533471596156
angularVelocity: 0.41759797136525206 0.46922614524751116 0.5221559331683577
acceleration: 0.5865225230565683 0.5164468874323588 0.4572447284619313
accel: 0.0
brake: 1.0
steer: 0.5707669808254794
linkid: A219BS010395
trafficlightid: C119BS010046
turn_signal_lamp: 1.0