position: 0.9371875142525317 0.5755056261962519 0.13685601847391649
orientation: 0.6864992861768967 0.5483616072561261 0.5043449039425687
enu_velocity: 0.5589260793133956 0.2838459644514106 0.5773738969876523
velocity: 0.0023591136179167815 0.5224862002057489 0.13405341685177613
angularVelocity: 0.4175979133571577 0.4692261164558469 0.5221559328989405
acceleration: 0.586522524018797 0.5164468839033809 0.45724472863686527
accel: 0.0
brake: 1.0
steer: 0.5707669808254794
linkid: A219BS010395
trafficlightid: C119BS010046
turn_signal_lamp: 1.0