position: 0.9371875142525317 0.5755056261962519 0.13685601847391649
orientation: 0.6864992861768967 0.5483616072561261 0.5043449039425687
enu_velocity: 0.5589260793275375 0.2838459642151754 0.5773739209035446
velocity: 0.0023591133621532396 0.5224861992006429 0.13405344002985703
angularVelocity: 0.41759793321249034 0.4692260876821079 0.5221559329863995
acceleration: 0.5865225094506238 0.5164468356653228 0.4572447282774555
accel: 0.0
brake: 1.0
steer: 0.5707669808254794
linkid: A219BS010395
trafficlightid: C119BS010046
turn_signal_lamp: 1.0