position: 0.9371875142525317 0.5755056261962519 0.13685601847391649
orientation: 0.6864992861768967 0.5483616072561261 0.5043449039425687
enu_velocity: 0.5589260885230203 0.2838459580915929 0.5773739406161462
velocity: 0.0023591131148652925 0.5224860902852835 0.1340534691591116
angularVelocity: 0.4175999073213814 0.4692260554667057 0.5221559419141555
acceleration: 0.5865225124286607 0.5164455612409605 0.45724475441099977
accel: 0.0
brake: 1.0
steer: 0.5707669808254794
linkid: A219BS010395
trafficlightid: C119BS010046
turn_signal_lamp: 1.0