position: 0.9371875142525317 0.5755056261962519 0.13685674832207884
orientation: 0.6864992861768967 0.5483618923377749 0.5043449039425687
enu_velocity: 0.5589260701495443 0.2838460443342268 0.577374322712436
velocity: 0.002359192986379361 0.5224866116544373 0.13405384040245938
angularVelocity: 0.41759041703848404 0.4692355963273151 0.5221558934934195
acceleration: 0.5865312811169465 0.5164533780739698 0.45723442487357446
accel: 0.0
brake: 1.0
steer: 0.5707669808254794
linkid: A219BS010395
trafficlightid: C119BS010046
turn_signal_lamp: 1.0