position: 0.9371875142525317 0.5755056261962519 0.13685674832207884
orientation: 0.6864992861768967 0.5483619636081871 0.5043449039425687
enu_velocity: 0.5589260665679615 0.2838460266134993 0.5773736710808771
velocity: 0.0023591717725784138 0.5224865695946451 0.1340531982469465
angularVelocity: 0.41759053848840144 0.46923309589836193 0.5221558971398239
acceleration: 0.5865306774714395 0.5164724616062557 0.4572701452317693
accel: 0.0
brake: 1.0
steer: 0.5707669808254794
linkid: A219BS010395
trafficlightid: C119BS010046
turn_signal_lamp: 1.0