position: 0.9371875142525317 0.5755056261962519 0.13685674832207884
orientation: 0.6864992861768967 0.5483617141617444 0.5043449039425687
enu_velocity: 0.5589261030033212 0.28384597991824234 0.5773676881301233
velocity: 0.0023591495875390973 0.5224860239880084 0.13404742173388712
angularVelocity: 0.4176010058479711 0.46923017661863037 0.5221559449336715
acceleration: 0.586529874211433 0.5164475383569203 0.4572372802889019
accel: 0.0
brake: 1.0
steer: 0.5707669808254794
linkid: A219BS010395
trafficlightid: C119BS010046
turn_signal_lamp: 1.0