position: 0.9371875142525317 0.5755056261962519 0.13685674832207884
orientation: 0.6864992861768967 0.5483618567025688 0.5043449039425687
enu_velocity: 0.5589261145954283 0.2838459681269005 0.5773690779744709
velocity: 0.002359144240789788 0.5224858751179046 0.13404878287738306
angularVelocity: 0.4176043845592755 0.4692295247077365 0.5221559589388073
acceleration: 0.5865266299598741 0.5164253797180133 0.4572303891946788
accel: 0.0
brake: 1.0
steer: 0.5707669808254794
linkid: A219BS010395
trafficlightid: C119BS010046
turn_signal_lamp: 1.0