position: 0.9371969818712058 0.5755178173040578 0.1312398368643386
orientation: 0.6864772423307471 0.5378974358901261 0.5043403005644236
enu_velocity: 0.561660177328461 0.2899909355638331 0.5797444049334646
velocity: 0.010852928299175101 0.5226150283580425 0.14134101093565657
angularVelocity: 0.4173651301574236 0.40556086742820635 0.522110953611148
acceleration: 0.7720759551680589 0.5173864677202865 0.4689744162254753
accel: 0.5365404
brake: 0.0
steer: 0.5707669808254794
linkid: A219BS010395
trafficlightid: C119BS010046
turn_signal_lamp: 1.0