position: 0.9372081708750934 0.5755361039657672 0.12630387374210628
orientation: 0.6864439958742592 0.5284741332591361 0.5043376700626263
enu_velocity: 0.5632572380937932 0.2935818356545796 0.5828610669113566
velocity: 0.015815326826937336 0.5227026035197081 0.14706291163490726
angularVelocity: 0.4171625226485048 0.3802553212236977 0.5221840478013836
acceleration: 0.8059327033678767 0.5175558581952379 0.4732032333522104
accel: 0.6106311
brake: 0.0
steer: 0.5707669808254794
linkid: A219BS010395
trafficlightid: C119BS010046
turn_signal_lamp: 1.0