position: 0.1418024980897143 0.1795018713350487 0.9053708066573829
orientation: 0.9126120504961637 0.5164365250029433 0.500860037082403
enu_velocity: 0.8885184483751141 0.9998134393548148 0.6214723464333566
velocity: 0.9998187718372069 0.5153734263861326 0.7281261145152724
angularVelocity: 0.38219226816288643 0.46990471683536195 0.5212935631686285
acceleration: 0.5883908178715714 0.5165476339124335 0.45367095429818327
accel: 0.02687946
brake: 0.0
steer: 0.5654858628534287
linkid: A219BS010380
trafficlightid: null
turn_signal_lamp: 0.0