position: 0.9372236633420149 0.5755543906274756 0.12009505542466936
orientation: 0.6863778643358105 0.5163900566941875 0.5043347107481043
enu_velocity: 0.5650949041208164 0.2977129728714667 0.5871100140914582
velocity: 0.021524462662890917 0.5228025572500675 0.1540512417607619
angularVelocity: 0.4169594520524891 0.3576988035559552 0.5222614442093585
acceleration: 0.8360000669906069 0.5176743089494265 0.4766140640229692
accel: 0.6727452
brake: 0.0
steer: 0.5707669808254794
linkid: A219BS010395
trafficlightid: C119BS010046
turn_signal_lamp: 1.0