position: 0.9372451806571834 0.5755848683969917 0.11289364360638388
orientation: 0.6862896889512123 0.5020763565538987 0.5043316966314617
enu_velocity: 0.5671333785294247 0.30229547650715155 0.592285272226901
velocity: 0.027857509479152144 0.5229144575224737 0.16193562254588642
angularVelocity: 0.41677805440690086 0.33921427544563265 0.5223458842572765
acceleration: 0.8612151030323145 0.5178255733668351 0.47907406497397387
accel: 0.7259143
brake: 0.0
steer: 0.5618297042573936
linkid: A219BS010395
trafficlightid: C119BS010046
turn_signal_lamp: 1.0