position: 0.9373062898322622 0.5756641105977298 0.0967815155734999
orientation: 0.6858043629613948 0.4688682643402483 0.5043207362073063
enu_velocity: 0.571767200695363 0.3125126408629932 0.6043149951678991
velocity: 0.04204004659039535 0.5223564147406348 0.17888900321677992
angularVelocity: 0.41389447183323513 0.3163240598433541 0.5215685932661155
acceleration: 0.9013721655551048 0.5112658750299963 0.48147535172461836
accel: 0.8102747
brake: 0.0
steer: 0.5618297042573936
linkid: A219BS010395
trafficlightid: C119BS010046
turn_signal_lamp: 1.0