position: 0.9373958018633634 0.5757860216757891 0.08035336328630205
orientation: 0.6848890012843973 0.4330668200025828 0.5042998017971698
enu_velocity: 0.5768984276090047 0.3238621895108781 0.6162686504461996
velocity: 0.05778558312490297 0.5218910281948003 0.194544030819699
angularVelocity: 0.41300061466999644 0.3114697372039139 0.5212288149736101
acceleration: 0.930639295928722 0.5127703243038555 0.47966181129491375
accel: 0.8717393
brake: 0.0
steer: 0.5619922001949952
linkid: A219BS010395
trafficlightid: C119BS010046
turn_signal_lamp: 1.0