position: 0.9376660593418805 0.5761395638021627 0.05303879580891957
orientation: 0.6823857599355769 0.3670653581038877 0.5042511375139205
enu_velocity: 0.5882295093201171 0.34875438586095087 0.6302823893037771
velocity: 0.09237927236964931 0.5201592990052292 0.21226820916307043
angularVelocity: 0.41117586332064854 0.3396100308710025 0.5208135092177488
acceleration: 0.9675399298273393 0.5099716040032725 0.4673284847999082
accel: 0.9492919
brake: 0.0
steer: 0.5623171920701984
linkid: A219BS010395
trafficlightid: C119BS010046
turn_signal_lamp: 1.0