position: 0.14272683891472548 0.18069050434612954 0.9071107646765166
orientation: 0.9093257105472432 0.5163560250723608 0.5008545568703255
enu_velocity: 0.8885346425994355 0.9998588024032609 0.6150948170758528
velocity: 0.9998810923883739 0.5154829400354999 0.7217999841297384
angularVelocity: 0.38941402480329224 0.46784191938692504 0.5212765010343857
acceleration: 0.5890361642701031 0.5149607013030214 0.43994605990661395
accel: 0.02574149
brake: 0.0
steer: 0.5654858628534287
linkid: A219BS010380
trafficlightid: null
turn_signal_lamp: 0.0