position: 0.9379543913651394 0.5765235836980507 0.039724175782470006
orientation: 0.6807534311969281 0.32977689225082507 0.5042112415699953
enu_velocity: 0.5972237815082073 0.36867943057522595 0.6269863722726637
velocity: 0.12002097949063192 0.5194594349167774 0.20977579331687593
angularVelocity: 0.4141291040314625 0.37501166042685946 0.5205224086834658
acceleration: 0.9831874130739782 0.5144873315833696 0.4558400613731967
accel: 0.9826206
brake: 0.0
steer: 0.562804679883003
linkid: A219BS010395
trafficlightid: C119BS010046
turn_signal_lamp: 1.0