position: 0.9380680027892294 0.5766698769917218 0.036544227338944246
orientation: 0.6804448173508342 0.3200755281066273 0.5041979794567675
enu_velocity: 0.600277432632453 0.37547775770042857 0.6232344968376354
velocity: 0.1294418525694213 0.5193595656342536 0.20620778357846492
angularVelocity: 0.4149337200616124 0.38687317363298745 0.5204802181595558
acceleration: 0.9869774066565826 0.5148804719869742 0.4524914572587816
accel: 0.9906996
brake: 0.0
steer: 0.5629671758206045
linkid: A219BS010395
trafficlightid: C119BS010046
turn_signal_lamp: 1.0