position: 0.9381902211393869 0.5768344569471022 0.033870063671953776
orientation: 0.6801911324328506 0.3116839715978854 0.5041847721456604
enu_velocity: 0.6033541647879946 0.38233428030399785 0.6183366513819198
velocity: 0.13894122461446043 0.5192876648389069 0.20153277078197662
angularVelocity: 0.4153976482657088 0.39823647023015046 0.5204440396960592
acceleration: 0.9901497163937434 0.5151712948955024 0.44945394203356287
accel: 0.9976074
brake: 0.0
steer: 0.5631296717582062
linkid: A219BS010395
trafficlightid: C119BS010046
turn_signal_lamp: 1.0