position: 0.9383210464156116 0.5770051324563861 0.03161629254649867
orientation: 0.679970693971355 0.30452756696781735 0.5041717292409156
enu_velocity: 0.6064501765937547 0.38924068182705196 0.6124608598033658
velocity: 0.14850752893145275 0.5192452059511343 0.19595355419737898
angularVelocity: 0.4155490445075392 0.4088911785509809 0.5204220678612186
acceleration: 0.9929133073034225 0.5155641067973024 0.44683101712810275
accel: 1.0
brake: 0.0
steer: 0.5632921676958077
linkid: A219BS010395
trafficlightid: C119BS010046
turn_signal_lamp: 1.0