position: 0.9386085177462637 0.5773830567983707 0.02806485138831727
orientation: 0.6794633241353879 0.29362355025291015 0.5041466298696
enu_velocity: 0.612658394429596 0.4031078592298785 0.5985640051841629
velocity: 0.1677095128029963 0.5192417944705748 0.18297679889849922
angularVelocity: 0.41499925872404914 0.4283899218061275 0.5204074437696837
acceleration: 0.9936882668235871 0.5160539692715024 0.4433250605470313
accel: 1.0
brake: 0.0
steer: 0.5636984075398116
linkid: A219BS010395
trafficlightid: C119BS010046
turn_signal_lamp: 1.0