position: 0.9387651638006909 0.5775903056310723 0.026634348990036028
orientation: 0.6791435076789557 0.28972441727172865 0.504134902215754
enu_velocity: 0.6157632874889049 0.41004364456539444 0.5909034332063264
velocity: 0.17731328423535014 0.5192444904412293 0.17599300313306865
angularVelocity: 0.4144929006954148 0.4369464810606346 0.5205460285546591
acceleration: 0.9940579331723022 0.5151299578302495 0.44206944337761234
accel: 1.0
brake: 0.0
steer: 0.5637796555086123
linkid: A219BS010395
trafficlightid: C119BS010046
turn_signal_lamp: 1.0