position: 0.9392876042129836 0.5782791032221102 0.02285665490151434
orientation: 0.6790112446020584 0.2829280351289011 0.5041038842153945
enu_velocity: 0.6250756653823226 0.43081133855526055 0.5684258562908244
velocity: 0.20607967787913056 0.519129457648792 0.15647785706126358
angularVelocity: 0.41985301622430443 0.4588756337052122 0.5207012077369654
acceleration: 0.9923755554320628 0.5146266694366586 0.4471251351961257
accel: 1.0
brake: 0.0
steer: 0.5643483912902179
linkid: A219BS010395
trafficlightid: C119BS010046
turn_signal_lamp: 1.0