position: 0.9398892283450968 0.5790715252294971 0.02069776403716972
orientation: 0.6785920501506895 0.283386482055393 0.5040434374761782
enu_velocity: 0.6346960915154368 0.45131643770928054 0.5538539482923016
velocity: 0.23477552465899007 0.5153606620427649 0.1471856968832376
angularVelocity: 0.41070153851096863 0.4768809353006741 0.5163622780542739
acceleration: 0.9921522787844554 0.5002542551800792 0.4510952170350061
accel: 1.0
brake: 0.0
steer: 0.5576048098797531
linkid: A219BS010395
trafficlightid: C119BS010046
turn_signal_lamp: 1.0