position: 0.9403333457301759 0.5796506028502808 0.019719767499569052
orientation: 0.6776105569352433 0.2861742598638963 0.5039650704434682
enu_velocity: 0.6409784788986701 0.46505741592868277 0.5476011756466425
velocity: 0.2538913815288211 0.5146111168332274 0.14528482323406283
angularVelocity: 0.41534502723558003 0.4830648585028263 0.5159423044486371
acceleration: 0.9914812308305998 0.513028426069756 0.45486596320947853
accel: 1.0
brake: 0.0
steer: 0.5589047773805655
linkid: A219BS010395
trafficlightid: C119BS010046
turn_signal_lamp: 1.0