position: 0.144575658275565 0.1830616748143905 0.9095535664760306
orientation: 0.904495217244272 0.5158918765128926 0.5008423359973924
enu_velocity: 0.888536006323589 0.9997364039076793 0.6040159848015482
velocity: 0.9997567005682446 0.5151368735114523 0.7102076301078044
angularVelocity: 0.39427175757751937 0.46914589235696214 0.5211076371016018
acceleration: 0.5703294948223112 0.512346555441469 0.44895543111919417
accel: 0.02477993
brake: 0.0
steer: 0.565404614884628
linkid: A219BS010380
trafficlightid: null
turn_signal_lamp: 0.0