position: 0.941326584998357 0.5809611469394218 0.01824766375603204
orientation: 0.6784044967711547 0.29433048147154584 0.503824941420643
enu_velocity: 0.6532540077722049 0.49238544450985533 0.543930843597022
velocity: 0.2917563512889764 0.5152574236802685 0.15164367077404148
angularVelocity: 0.4209665232436675 0.4885083401180706 0.5170282870268501
acceleration: 0.9852122041660545 0.5170130987984904 0.46212000088421173
accel: 1.0
brake: 0.0
steer: 0.5563860903477413
linkid: A219BS010395
trafficlightid: C119BS010046
turn_signal_lamp: 1.0