position: 0.941874846188852 0.581680422299975 0.01778494002107811
orientation: 0.6774670912480076 0.298860143789482 0.5037461359709667
enu_velocity: 0.6597041673194076 0.5056408542066361 0.5455305355921078
velocity: 0.3104657285958768 0.5112210326698289 0.15914955454268795
angularVelocity: 0.40269626696032107 0.4884616625599737 0.5131589138389341
acceleration: 0.9843181079416603 0.4592846485782516 0.46493849083194944
accel: 1.0
brake: 0.0
steer: 0.5541923951901203
linkid: A219BS010395
trafficlightid: C119BS010046
turn_signal_lamp: 1.0