position: 0.942162317519504 0.5820522510880561 0.017559416938900174
orientation: 0.6754159294325169 0.30099098657350953 0.5036856892317505
enu_velocity: 0.662939943804337 0.5123082006379026 0.5470621401171014
velocity: 0.31987039833136277 0.5094456246922645 0.1636309414291432
angularVelocity: 0.3985347827866391 0.48704090452646837 0.5124591439194845
acceleration: 0.9835956751473223 0.49616191441216134 0.46626993233395153
accel: 1.0
brake: 0.0
steer: 0.5548423789405266
linkid: A219BS010395
trafficlightid: C119BS010046
turn_signal_lamp: 1.0