position: 0.9424583957762234 0.5824423665378475 0.01738644292441416
orientation: 0.6735190745400732 0.3030572939992878 0.503625516503138
enu_velocity: 0.6660273982410345 0.5189348837960126 0.5491107067254981
velocity: 0.32912873941270904 0.5088824653962626 0.16850979988646658
angularVelocity: 0.40123873407815375 0.4866440162202722 0.5125990157990363
acceleration: 0.9785212128040366 0.5063950340837884 0.46710993025382763
accel: 1.0
brake: 0.0
steer: 0.5555736106597335
linkid: A219BS010395
trafficlightid: C119BS010046
turn_signal_lamp: 1.0