position: 0.14549965482353355 0.18425030782547225 0.91096217342944
orientation: 0.9017382909774683 0.5164258700763191 0.5008356501386577
enu_velocity: 0.8883786666493929 0.9993508179958892 0.6017083536728006
velocity: 0.9992344543494666 0.5150863267117161 0.708589822628028
angularVelocity: 0.39210574771908474 0.4753087476683628 0.5210348875016869
acceleration: 0.5640931336911749 0.5145228837333763 0.45266346505701976
accel: 0.03942219
brake: 0.0
steer: 0.565404614884628
linkid: A219BS010380
trafficlightid: null
turn_signal_lamp: 0.0