position: 0.9444181928417762 0.5850024991770999 0.017390822013388263
orientation: 0.6675636223344201 0.3117269476564435 0.5032831676546485
enu_velocity: 0.6847197947458776 0.5591802856278216 0.57204989245142
velocity: 0.38531495408709765 0.506367239610487 0.20712504981256524
angularVelocity: 0.4054853425876804 0.47967306708482876 0.5115673311598159
acceleration: 0.9815271117837239 0.4994439711863565 0.473791774827543
accel: 1.0
brake: 0.0
steer: 0.5549236269093274
linkid: A219BS010395
trafficlightid: C119BS010046
turn_signal_lamp: 1.0