position: 0.9447753802735745 0.585465761273726 0.017949885705777824
orientation: 0.6662402688163922 0.31290486939411877 0.5032105000424991
enu_velocity: 0.6878644915039134 0.565876648063049 0.5766123117406138
velocity: 0.3946877157003862 0.5058585845023381 0.2142694055366285
angularVelocity: 0.4057041566915072 0.478603462671756 0.5103807747337583
acceleration: 0.9832190813608532 0.5036241328687767 0.47330773254250463
accel: 1.0
brake: 0.0
steer: 0.555411114722132
linkid: A219BS010395
trafficlightid: C119BS010046
turn_signal_lamp: 1.0