position: 0.9451403139388332 0.5859473100320614 0.018608208748251975
orientation: 0.6649169152983642 0.31389976871325825 0.5031365719815719
enu_velocity: 0.6910214106396736 0.5726520893259726 0.5810262868801145
velocity: 0.40415395814042504 0.505606278042909 0.22117772164084554
angularVelocity: 0.40575876172491626 0.4767907529678072 0.5104459723211203
acceleration: 0.9877376739186536 0.5060667516894598 0.47306230495856694
accel: 1.0
brake: 0.0
steer: 0.5557361065973352
linkid: A219BS010395
trafficlightid: C119BS010046
turn_signal_lamp: 1.0