position: 0.9462901992614414 0.587440720738293 0.02114224156806399
orientation: 0.6624686028776542 0.3159317950707672 0.5029376402831538
enu_velocity: 0.7001034043839299 0.5931766210291242 0.592546823263958
velocity: 0.43249485198905874 0.5091661094228415 0.23933862865244912
angularVelocity: 0.4213638746929997 0.47309186838936257 0.5153460187180041
acceleration: 0.9869049350000799 0.5656340161547398 0.4707239689908871
accel: 0.0
brake: 0.1645538
steer: 0.5698732531686709
linkid: A219BS010395
trafficlightid: C119BS010046
turn_signal_lamp: 1.0