position: 0.9486046016809723 0.5904580199202689 0.09921482934690262
orientation: 0.6759673869607832 0.4593261539321169 0.5031189256986819
enu_velocity: 0.6947996424997132 0.5868813741979476 0.5502811648962728
velocity: 0.4220342228346017 0.5301146653206836 0.29737617490074547
angularVelocity: 0.4276856967018575 0.6853384427692627 0.533074770774703
acceleration: 0.6106435665799088 0.5623071413622591 0.43263625328339134
accel: 0.07881913
brake: 0.0
steer: 0.5753168670783231
linkid: A219BS010395
trafficlightid: C119BS010046
turn_signal_lamp: 1.0