position: 0.9493732001787935 0.5914637863142627 0.11826678577788696
orientation: 0.6753606391298794 0.5004865274688997 0.50327763264045
enu_velocity: 0.6949409584151071 0.5880775691781381 0.5339439871268452
velocity: 0.42341325199082164 0.5322866866220318 0.3116338608596624
angularVelocity: 0.40564615892451494 0.6287991929299632 0.5338038929950423
acceleration: 0.6192636971050162 0.5328314922298046 0.4412781184484248
accel: 0.09905475
brake: 0.0
steer: 0.5748293792655185
linkid: A219BS010395
trafficlightid: C119BS010046
turn_signal_lamp: 1.0