position: 0.9497579297740074 0.591969717288209 0.12461281554985293
orientation: 0.6733315211605384 0.5160306043702445 0.5033546296201408
enu_velocity: 0.6951110148170334 0.5887414635222854 0.5288519510000016
velocity: 0.4242423646035453 0.5327504412752754 0.3183224784814078
angularVelocity: 0.3958739846183328 0.5990775983930301 0.533568725545327
acceleration: 0.622632837425216 0.5303113126140397 0.44696200768214567
accel: 0.1062785
brake: 0.0
steer: 0.5788105297367566
linkid: A219BS010395
trafficlightid: C119BS010046
turn_signal_lamp: 1.0