position: 0.9501435200618281 0.5924756482621572 0.1290021223984561
orientation: 0.6704199265961606 0.5282700504337944 0.5034290509001551
enu_velocity: 0.6953199373573311 0.5894474515059818 0.5260210921248156
velocity: 0.42514376905562257 0.5330522822204269 0.3249166593273974
angularVelocity: 0.38816997404004194 0.5703327192115436 0.5333174148755013
acceleration: 0.6256097629674403 0.528155532179061 0.4526025085212721
accel: 0.1119996
brake: 0.0
steer: 0.5785667858303544
linkid: A219BS010395
trafficlightid: C119BS010046
turn_signal_lamp: 1.0