position: 0.9505291103496488 0.5929815792361044 0.1316361444165155
orientation: 0.6680048606319384 0.5373761284600715 0.5035266534772576
enu_velocity: 0.6952197547717134 0.5904013015516819 0.5256674142973095
velocity: 0.4260967749240659 0.5369665206732012 0.33139006922747577
angularVelocity: 0.39428995288040025 0.543633765441327 0.537687844660972
acceleration: 0.627699573011007 0.5553471532196246 0.458350144169443
accel: 0.1169817
brake: 0.0
steer: 0.578323041923952
linkid: A219BS010395
trafficlightid: C119BS010046
turn_signal_lamp: 1.0