position: 0.9520783570417855 0.5950174942397011 0.13002026058498783
orientation: 0.6538886681693583 0.5489787733905929 0.5039207355277602
enu_velocity: 0.6962142506105649 0.593714643130737 0.5436191493024917
velocity: 0.43033507096782064 0.5377456791593518 0.3598136203467216
angularVelocity: 0.37630567649845414 0.46509503830463667 0.5369944100629773
acceleration: 0.6334940245139946 0.5265947987776849 0.4771832832465582
accel: 0.0
brake: 0.0
steer: 0.580516737081573
linkid: A219BS010395
trafficlightid: C119BS010046
turn_signal_lamp: 1.0