position: 0.9524673901000331 0.5955295207675517 0.12812776429991501
orientation: 0.6497530619444363 0.5477901967262933 0.5040216810342301
enu_velocity: 0.6960414838068837 0.5940724390669025 0.5520643564383099
velocity: 0.4305973158471307 0.5398284878590336 0.3671454195547781
angularVelocity: 0.38185199649175283 0.4609991722082823 0.5395252961185173
acceleration: 0.5612135729059535 0.5823229051527372 0.47701666659510283
accel: 0.1285899
brake: 0.0
steer: 0.5802729931751707
linkid: A219BS010395
trafficlightid: C119BS010046
turn_signal_lamp: 1.0