position: 0.9532471776017419 0.5965596693771555 0.12385377346096904
orientation: 0.6423641092649128 0.5423139207934848 0.5042514115245244
enu_velocity: 0.6965791320543533 0.5960806734818858 0.5699510847406689
velocity: 0.43312254458041116 0.5409311416234373 0.3819488855501269
angularVelocity: 0.3807140155086557 0.43824948401938946 0.540344594287065
acceleration: 0.6400016899903092 0.5298430356696804 0.4815011306300311
accel: 0.1363149
brake: 0.0
steer: 0.5794605134871629
linkid: A219BS010395
trafficlightid: C119BS010046
turn_signal_lamp: 1.0