position: 0.9544220230099455 0.5981201311763193 0.11725448637665448
orientation: 0.6301888955245283 0.528104061643775 0.5045859784718638
enu_velocity: 0.6974177883155774 0.5989814565257504 0.5970342229078744
velocity: 0.436815909724763 0.5418631948594942 0.39986083001467565
angularVelocity: 0.3835940217509795 0.42473225831547073 0.5414659432097778
acceleration: 0.6378219678947517 0.5729972130281269 0.47959169458056167
accel: 0.1365142
brake: 0.0
steer: 0.5812479688007801
linkid: A219BS010395
trafficlightid: C119BS010046
turn_signal_lamp: 1.0