position: 0.954815359531227 0.5986382532580734 0.11553423425790488
orientation: 0.6269024471632496 0.5228218194081875 0.5047112561199584
enu_velocity: 0.697646893973345 0.5999573750815054 0.6051205098849362
velocity: 0.4380234327241717 0.5425202096214352 0.40442632056707406
angularVelocity: 0.3862958693181753 0.423841907197701 0.5421840884370814
acceleration: 0.6374481603085222 0.5334095694831184 0.47835058579819273
accel: 0.1355421
brake: 0.0
steer: 0.5808417289567762
linkid: A219BS010395
trafficlightid: C119BS010046
turn_signal_lamp: 1.0