position: 0.14827191128214717 0.18780401575091066 0.9143187451282633
orientation: 0.8951320032486125 0.5174842000623188 0.5008135648839848
enu_velocity: 0.8885382223753382 0.9995500476005501 0.5947101466578073
velocity: 0.9995622604486042 0.5148979621041221 0.7037881965366206
angularVelocity: 0.40026261364414395 0.4700350529818965 0.5209449098731358
acceleration: 0.5905797382342037 0.5130259987467526 0.4512631441009007
accel: 0.03034167
brake: 0.0
steer: 0.565404614884628
linkid: A219BS010380
trafficlightid: null
turn_signal_lamp: 0.0