position: 0.9563955911572064 0.6007412193546022 0.11363881858018221
orientation: 0.6141096804936028 0.5052026688203635 0.5051897882385772
enu_velocity: 0.6980554486831454 0.6015375212690375 0.6300820586419382
velocity: 0.4400052262512773 0.5404961116011716 0.4167900390565391
angularVelocity: 0.3890502220194147 0.45069761080452825 0.5400783104831076
acceleration: 0.5573590171259963 0.517096763037425 0.46952243027171864
accel: 0.05100569
brake: 0.0
steer: 0.5817354566135847
linkid: A219BS010395
trafficlightid: C119BS010046
turn_signal_lamp: 1.0