position: 0.9571848462775893 0.6017896546259163 0.11655675153341072
orientation: 0.6122348694473088 0.5006200882213669 0.5054437412662546
enu_velocity: 0.6979977461049055 0.6022390138155004 0.6413471911607114
velocity: 0.440720416896468 0.5413792981607508 0.4246143395660442
angularVelocity: 0.4160035931611365 0.4485120865119424 0.5424020219085708
acceleration: 0.6043668588332824 0.5234210371266879 0.47021633606532487
accel: 0.06802604
brake: 0.0
steer: 0.5809229769255769
linkid: A219BS010395
trafficlightid: C119BS010046
turn_signal_lamp: 1.0