position: 0.9575799041840841 0.6023138722615728 0.1180879729781017
orientation: 0.6129516919591493 0.4978374418825423 0.5055694573313154
enu_velocity: 0.6981273510391323 0.6026017138650115 0.6460385031277148
velocity: 0.4412000358582481 0.5404293130097898 0.4273996576557879
angularVelocity: 0.42556330278598126 0.44493321918483486 0.5419942965249734
acceleration: 0.6073594282047202 0.520039153241719 0.4690792143938213
accel: 0.07797689
brake: 0.0
steer: 0.5805979850503739
linkid: A219BS010395
trafficlightid: C119BS010046
turn_signal_lamp: 1.0