position: 0.957974962090579 0.6028441854511319 0.11953599173228024
orientation: 0.6147051895767155 0.49454984467326357 0.5056919400712505
enu_velocity: 0.6982954129944843 0.6030220372463322 0.6501813541408402
velocity: 0.44176889784929896 0.5393892478118205 0.4293162969273604
angularVelocity: 0.43497546866196635 0.44020084973232104 0.5415198167447037
acceleration: 0.6113987029705006 0.5189324074932168 0.46793553110826874
accel: 0.08565325
brake: 0.0
steer: 0.5822229444263894
linkid: A219BS010395
trafficlightid: C119BS010046
turn_signal_lamp: 1.0