position: 0.9583708806896807 0.6033684030867885 0.12083147222051904
orientation: 0.6174181365635782 0.49067351822398686 0.5058116279030259
enu_velocity: 0.6984889424984007 0.603497940578902 0.6537679076329959
velocity: 0.44241528660600155 0.5383657877437217 0.4302774941380312
angularVelocity: 0.44373242768638904 0.43490810579816297 0.5410585053896837
acceleration: 0.6145260909382263 0.5178666291878994 0.46664090366434186
accel: 0.09157357
brake: 0.0
steer: 0.5818979525511863
linkid: A219BS010395
trafficlightid: C119BS010046
turn_signal_lamp: 1.0