position: 0.9591635785804905 0.6044290294659076 0.12295897961388125
orientation: 0.6267921917950492 0.4812015379014626 0.5060712255491433
enu_velocity: 0.698702672166339 0.604705578490232 0.6605595901358715
velocity: 0.4438666076015749 0.538733842505493 0.4303828308186526
angularVelocity: 0.4651475227116165 0.4252670067460185 0.5428490839962085
acceleration: 0.618890612712838 0.5241077854160543 0.46546792848126944
accel: 0.1011501
brake: 0.0
steer: 0.5811667208319793
linkid: A219BS010395
trafficlightid: C119BS010046
turn_signal_lamp: 1.0