position: 0.9595612185648056 0.6049593426554667 0.12379976469695242
orientation: 0.6322070638457 0.4756539202860394 0.506198202062982
enu_velocity: 0.698916640486004 0.6053245184620456 0.6640059022904858
velocity: 0.4446822589752466 0.5380203943289922 0.4299634024794231
angularVelocity: 0.4662440220761005 0.4204915197058525 0.5421596157913613
acceleration: 0.6226753612354285 0.52256972339565 0.4675421730011052
accel: 0.1049819
brake: 0.0
steer: 0.5807604809879754
linkid: A219BS010395
trafficlightid: C119BS010046
turn_signal_lamp: 1.0