position: 0.9599588585491208 0.6054896558450267 0.12470477641831401
orientation: 0.6364198596695981 0.4701622855794013 0.5063205203965548
enu_velocity: 0.6991192558020922 0.6060106856543038 0.6635734279155217
velocity: 0.44556397013315513 0.537706591118243 0.42580705075606096
angularVelocity: 0.451708426869379 0.4228000511947411 0.5415777855805545
acceleration: 0.624211775578422 0.5308013372677857 0.4560588042118374
accel: 0.1059631
brake: 0.0
steer: 0.5804354891127723
linkid: A219BS010395
trafficlightid: C119BS010046
turn_signal_lamp: 1.0