position: 0.9623507233032583 0.6087081083058017 0.13100701530053716
orientation: 0.617594595745133 0.44554448741891917 0.5070159045070854
enu_velocity: 0.6997513419471832 0.6107290557068452 0.63281086261304
velocity: 0.4511139891378695 0.5436998469515479 0.37921021905320806
angularVelocity: 0.3369363883490392 0.44477018831275683 0.5408689712931304
acceleration: 0.6263271181782818 0.5416662114796729 0.43936203490823206
accel: 0.1094951
brake: 0.0
steer: 0.5812479688007801
linkid: A219BS010658
trafficlightid: C119BS010046
turn_signal_lamp: 1.0