position: 0.962750084672787 0.6092506126031667 0.13185217947258243
orientation: 0.6077573667823523 0.4429838840493111 0.5071320850031311
enu_velocity: 0.6998860608469852 0.6115102400951725 0.6250723378876385
velocity: 0.45205378304946553 0.5443700765630932 0.3701204831884227
angularVelocity: 0.3224746988901133 0.4487573408705759 0.5404915194052313
acceleration: 0.6262492035349725 0.5384020297452937 0.4387449314871121
accel: 0.1089931
brake: 0.0
steer: 0.5818979525511863
linkid: A219BS010658
trafficlightid: C119BS010046
turn_signal_lamp: 1.0