position: 0.9631503067349222 0.6097931169005317 0.13258932611659446
orientation: 0.5970930238020777 0.4408657986690677 0.507255608983361
enu_velocity: 0.6998864870107832 0.6123688686067476 0.6173585885633517
velocity: 0.45298659705933086 0.5465048577822479 0.36128798507846627
angularVelocity: 0.31714412921304264 0.4526424337721813 0.5422122994083429
acceleration: 0.6258914889195253 0.5598133354854984 0.43852626402910777
accel: 0.1088284
brake: 0.0
steer: 0.5814917127071824
linkid: A219BS010658
trafficlightid: C119BS010046
turn_signal_lamp: 0.0