position: 0.15012079949839524 0.19018128177307503 0.9161484744713713
orientation: 0.8912501180791268 0.5182240938465981 0.5007971790498726
enu_velocity: 0.8886260121177119 0.9996305567946389 0.5931038389124963
velocity: 0.9997105833603812 0.5147827173087499 0.7035804007502622
angularVelocity: 0.4018644161151403 0.47456659959008357 0.5208387126714064
acceleration: 0.5893411481428757 0.5141645160359821 0.45832489102011476
accel: 0.02844072
brake: 0.0
steer: 0.5653233669158272
linkid: A219BS010380
trafficlightid: null
turn_signal_lamp: 0.0