position: 0.9639507508591929 0.610884221049167 0.13379868452167187
orientation: 0.5736248560916289 0.437985583135938 0.5075088495834683
enu_velocity: 0.7001606978449237 0.6138997693227686 0.603215811158302
velocity: 0.45483552317134873 0.5474480411723833 0.3461626666922451
angularVelocity: 0.30353819655746556 0.4609341893036691 0.5418902580327145
acceleration: 0.6253485909515483 0.5326072180177946 0.4427091816636761
accel: 0.1074201
brake: 0.0
steer: 0.580516737081573
linkid: A219BS010658
trafficlightid: C119BS010046
turn_signal_lamp: 0.0