position: 0.9643526943065417 0.611426725346532 0.13439643016666825
orientation: 0.5610305924496863 0.437311293766091 0.5076310583127994
enu_velocity: 0.7003516362729487 0.614619243618165 0.5973425779092111
velocity: 0.4557461510649986 0.5472834385604012 0.34039583222517633
angularVelocity: 0.299550950481772 0.46528515434963497 0.5413227960810845
acceleration: 0.6250712802894604 0.529086672922675 0.4440194291204941
accel: 0.1066361
brake: 0.0
steer: 0.5808417289567762
linkid: A219BS010658
trafficlightid: C119BS010046
turn_signal_lamp: 0.0