position: 0.9651557205086325 0.6125239250490688 0.13562622432029237
orientation: 0.5356103879565145 0.4372939750559258 0.5078697215487804
enu_velocity: 0.7007110628201236 0.6160510403769957 0.5877454402938865
velocity: 0.45754347576065035 0.5471869772250547 0.33195825946831137
angularVelocity: 0.30086191497817294 0.4725424656434172 0.5410778514722606
acceleration: 0.6242220220962427 0.5303283069437396 0.44762589480711706
accel: 0.1049287
brake: 0.0
steer: 0.5798667533311668
linkid: A219BS010658
trafficlightid: C119BS010046
turn_signal_lamp: 0.0