position: 0.966769519146275 0.6147305155619494 0.13829746859463343
orientation: 0.48814471112840563 0.44089658748713917 0.5083243599427406
enu_velocity: 0.7015823461817172 0.6187088654722017 0.5784088860387203
velocity: 0.4610149797428482 0.5449911214937585 0.32753717085557277
angularVelocity: 0.3183469240299249 0.48055395362860653 0.539619378963976
acceleration: 0.6223673490827235 0.5237975314953599 0.4570037510613324
accel: 0.1000695
brake: 0.0
steer: 0.5787292817679559
linkid: A219BS010658
trafficlightid: C119BS010046
turn_signal_lamp: 0.0