position: 0.9675794308892197 0.6158399063722912 0.14003012813214344
orientation: 0.4711501344204828 0.4437573105625316 0.5085477881891456
enu_velocity: 0.7020454328111009 0.6199575753328004 0.580081571212851
velocity: 0.4626794370234123 0.5433610309278715 0.3322787166713609
angularVelocity: 0.3479481229232894 0.4838849961048259 0.5395135853427494
acceleration: 0.6214402371467482 0.5155327769925376 0.46151262061100623
accel: 0.09759744
brake: 0.0
steer: 0.5779168020799481
linkid: A219BS010658
trafficlightid: C119BS010046
turn_signal_lamp: 0.0