position: 0.1510454243519667 0.19136381923025336 0.9173089330495683
orientation: 0.8899379671714369 0.5190456991584673 0.5007889039296354
enu_velocity: 0.8886759585148294 0.9996565077277588 0.5931174653831094
velocity: 0.9997724053471387 0.514625352830301 0.7050518007078834
angularVelocity: 0.4066920656316088 0.4768442206407302 0.5207392305732756
acceleration: 0.5890936848411675 0.5108834197574886 0.4574403196075373
accel: 0.02745567
brake: 0.0
steer: 0.5653233669158272
linkid: A219BS010380
trafficlightid: null
turn_signal_lamp: 0.0