position: 0.9683919247099848 0.6169553927365365 0.14273713496644147
orientation: 0.4595263420709116 0.44774766967133217 0.5087622836898641
enu_velocity: 0.7025735179429449 0.6210973730095175 0.5868905004469447
velocity: 0.4642676139493481 0.5407950004054556 0.3428864168873534
angularVelocity: 0.3750183502134898 0.49098989764278334 0.5390155947670978
acceleration: 0.6182170069358116 0.5102060708238231 0.4767972198857936
accel: 0.09491216
brake: 0.0
steer: 0.5775105622359442
linkid: A219BS010658
trafficlightid: C119BS010046
turn_signal_lamp: 0.0