position: 0.9687998930055807 0.6175100881417093 0.1451828561586046
orientation: 0.4568464608532732 0.45088638298952005 0.5088676133659962
enu_velocity: 0.7028521097409283 0.6216110788824589 0.595869922681
velocity: 0.4650082313794148 0.539184034270981 0.3544924611897987
angularVelocity: 0.3972616547283499 0.49928212998803667 0.5386266105911224
acceleration: 0.6177655206959106 0.508524534374392 0.4807476105212921
accel: 0.09486641
brake: 0.0
steer: 0.5771043223919403
linkid: A219BS010658
trafficlightid: C119BS010046
turn_signal_lamp: 0.0