position: 0.9692078613011766 0.6180708791007845 0.14851023393093277
orientation: 0.45632814136913674 0.45486637225334514 0.5089736006675776
enu_velocity: 0.7030973584833615 0.6221427665043338 0.6053084079632448
velocity: 0.46574510957641163 0.5379477762570493 0.3671949487224876
angularVelocity: 0.4164561539865002 0.5063236977516976 0.5387861091755662
acceleration: 0.6176750148635409 0.5132907902271251 0.48157835602465426
accel: 0.09432074
brake: 0.0
steer: 0.5767793305167371
linkid: A219BS010658
trafficlightid: C119BS010046
turn_signal_lamp: 0.0