position: 0.9700263799701889 0.6191924610189332 0.15755159296659915
orientation: 0.45991232620324524 0.4648000779413227 0.5091814651116822
enu_velocity: 0.703590532276879 0.623184890590253 0.6246679333240096
velocity: 0.4671964305719851 0.5354140178813875 0.3946488443048869
angularVelocity: 0.4413107120494827 0.5168490210439783 0.5382384296097594
acceleration: 0.6170541489642719 0.5155344231839727 0.48196685255786065
accel: 0.09237044
brake: 0.0
steer: 0.5761293467663309
linkid: A219BS010658
trafficlightid: C119BS010046
turn_signal_lamp: 0.0