position: 0.9708466200244147 0.6203140429370819 0.1692189456905382
orientation: 0.46680500324478186 0.4764368257640829 0.5093820956758441
enu_velocity: 0.7039930354607488 0.6242488788481709 0.6428680686551499
velocity: 0.4686093621080398 0.5338756680521647 0.42232440035263374
angularVelocity: 0.45169093918285996 0.522583405662038 0.5378175060529637
acceleration: 0.616271378948354 0.5254214719581286 0.4794553733114698
accel: 0.09056538
brake: 0.0
steer: 0.5758043548911278
linkid: A219BS010658
trafficlightid: C119BS010046
turn_signal_lamp: 0.0