position: 0.9712580310904376 0.6208809294500579 0.1758437774605368
orientation: 0.4705987130296693 0.4826185006016647 0.5094806846911208
enu_velocity: 0.7041632793747461 0.6247783187514291 0.6515445487744166
velocity: 0.4692921460666237 0.5333977604363302 0.4360401430416315
angularVelocity: 0.45118538362942934 0.5244989422263044 0.5374849933994259
acceleration: 0.6151616490955888 0.5225435613953149 0.4798648619206446
accel: 0.08936305
brake: 0.0
steer: 0.5754793630159247
linkid: A219BS010658
trafficlightid: C119BS010046
turn_signal_lamp: 0.0