position: 0.9716685814638538 0.6214417204091331 0.18284448103416562
orientation: 0.4732785942473078 0.48883976615322505 0.5095757663706677
enu_velocity: 0.7043245227093312 0.6253310531930785 0.6578258849441144
velocity: 0.469994872601581 0.5331227926298593 0.4474802471924024
angularVelocity: 0.4351116255248314 0.5227150492821084 0.5368111032036655
acceleration: 0.6180482819573742 0.5259041640097044 0.4647890606475388
accel: 0.08868456
brake: 0.0
steer: 0.5752356191095224
linkid: A219BS010658
trafficlightid: C119BS010046
turn_signal_lamp: 0.0