position: 0.9720808532224836 0.6220086069221109 0.189273713496644
orientation: 0.47273819477956913 0.49403142369490327 0.5096673955166057
enu_velocity: 0.7044238018276973 0.6259475411082194 0.6565590989366147
velocity: 0.4707287594121218 0.5336804787167604 0.45076451932727524
angularVelocity: 0.4047288088980654 0.5127957455305879 0.5364147415364359
acceleration: 0.6175707378939219 0.539073901091651 0.4540810678987107
accel: 0.08560925
brake: 0.0
steer: 0.57499187520312
linkid: A219BS010658
trafficlightid: C119BS010046
turn_signal_lamp: 0.0