position: 0.9729036753545294 0.6231423799480655 0.20005430070328156
orientation: 0.46335315376247616 0.5012760254600719 0.5098411730415873
enu_velocity: 0.7044919539422623 0.6271533399770447 0.6501962552878875
velocity: 0.472082860347875 0.535945586973409 0.4510431208956408
angularVelocity: 0.3563793909985844 0.49523134968051685 0.5355357590670011
acceleration: 0.613404835656055 0.5426025106682534 0.4480712591921836
accel: 0.07252871
brake: 0.0
steer: 0.5745856353591161
linkid: A219BS010658
trafficlightid: C119BS010046
turn_signal_lamp: 0.0