position: 0.9741379085525983 0.6248491350409004 0.21149540049688076
orientation: 0.43397380222593696 0.5063973747401124 0.5100808227157422
enu_velocity: 0.7045880453554197 0.6286045488512013 0.6338673988216603
velocity: 0.4737281228986796 0.5381319308396959 0.44019998273455063
angularVelocity: 0.309866773051368 0.4784737155515498 0.5341249725203324
acceleration: 0.6077923778392027 0.5313505321391682 0.44247265344770204
accel: 0.06039656
brake: 0.0
steer: 0.5736919077023075
linkid: A219BS010658
trafficlightid: C119BS010046
turn_signal_lamp: 0.0