position: 0.9745493196186213 0.6254221171077816 0.2142279520168624
orientation: 0.42189785806813074 0.5070906933100174 0.5101549699851524
enu_velocity: 0.7046379065197776 0.62899851262329 0.6280346051312728
velocity: 0.4741917877993609 0.5383926608824021 0.435377603224279
angularVelocity: 0.3042546485613777 0.47470481105089396 0.5337394490223782
acceleration: 0.6058560524110148 0.5277971752220341 0.4435297921291484
accel: 0.04302368
brake: 0.0
steer: 0.5734481637959051
linkid: A219BS010658
trafficlightid: C119BS010046
turn_signal_lamp: 0.0