position: 0.9749607306846443 0.6259950991746619 0.21654449008428323
orientation: 0.4095351632231167 0.507508516101554 0.5102263223464033
enu_velocity: 0.7046735338132847 0.6292745733370305 0.6221630325521841
velocity: 0.4745183474874752 0.5383496119197944 0.4302329353269404
angularVelocity: 0.3025196114918427 0.47278871915991866 0.5333309204441685
acceleration: 0.5987638786647859 0.5251759763147283 0.44330638237034575
accel: 0.03033195
brake: 0.0
steer: 0.5732044198895029
linkid: A219BS010658
trafficlightid: C119BS010046
turn_signal_lamp: 0.0