position: 0.9757835528166903 0.6271410633084225 0.22039808838169295
orientation: 0.3852839691874732 0.508346905595497 0.5103616287826
enu_velocity: 0.7046376508214989 0.6293939067617711 0.6107301544099945
velocity: 0.4746295273507568 0.5376279927968469 0.4199689745107905
angularVelocity: 0.3075709213279779 0.47476331574141495 0.5325440673715673
acceleration: 0.5745911403399926 0.51919808428672 0.44315086925483066
accel: 0.01230735
brake: 0.0
steer: 0.5726356841078973
linkid: A219BS010658
trafficlightid: C119BS010046
turn_signal_lamp: 0.0