position: 0.1528950355500044 0.19373498969851433 0.9199181402301067
orientation: 0.8878864439814191 0.5212287475194333 0.5007710932403832
enu_velocity: 0.8887709078090085 0.9996889974786729 0.5930364246869996
velocity: 0.9998721182290058 0.5143109595447166 0.7088008447862266
angularVelocity: 0.4054452303023511 0.4791835872814768 0.5205726232207132
acceleration: 0.5883271570023835 0.5121430822521875 0.4577915803327785
accel: 0.02597567
brake: 0.0
steer: 0.5652421189470264
linkid: A219BS010380
trafficlightid: null
turn_signal_lamp: 0.0