position: 0.9761941031901064 0.6277079498214002 0.22236940826830365
orientation: 0.3738807598492085 0.5095439634388486 0.5104255828575459
enu_velocity: 0.7044208357276636 0.6289130993158558 0.6051718829358707
velocity: 0.4739654395575229 0.53702043655291 0.41523117826227607
angularVelocity: 0.31309465114704615 0.48141586800360947 0.5321636506047907
acceleration: 0.5586009316261894 0.5175408848957909 0.44278474836623605
accel: 0.0
brake: 0.001504818
steer: 0.5723919402014951
linkid: A219BS010658
trafficlightid: C119BS010046
turn_signal_lamp: 0.0