position: 0.9782356660532998 0.6305545734940923 0.23282959213165322
orientation: 0.32720908067693544 0.5227999037564353 0.5107119787407229
enu_velocity: 0.7031059669920796 0.6257021311028881 0.5821972558191223
velocity: 0.4696092330309606 0.5333744259799703 0.4013615289165756
angularVelocity: 0.3448097104854593 0.49801750157474023 0.5304355516147236
acceleration: 0.5449777294295065 0.5152107823160774 0.44737790523572596
accel: 0.0
brake: 0.01365408
steer: 0.5960350991225221
linkid: A219BS010658
trafficlightid: C119BS010046
turn_signal_lamp: 0.0