position: 0.9786419129636824 0.6311153644531675 0.2346199096739916
orientation: 0.32033846555027473 0.5259567553945287 0.510763163921528
enu_velocity: 0.7027681384261839 0.6249528234513066 0.5777189291784387
velocity: 0.468571720495135 0.5329944071859102 0.398969304995906
angularVelocity: 0.358046420398323 0.4966918660949204 0.5300727634822908
acceleration: 0.5395120038793652 0.5210305996132241 0.4444076807461475
accel: 0.0
brake: 0.01981713
steer: 0.5963600909977251
linkid: A219BS010658
trafficlightid: C119BS010046
turn_signal_lamp: 0.0