position: 0.9794501033214136 0.6322430419252187 0.23794655759815697
orientation: 0.32286394227374393 0.5324530178315721 0.5111366403746186
enu_velocity: 0.6994755116906106 0.6244875456976521 0.5732752460888528
velocity: 0.46588645258645806 0.5576732960573284 0.3981274835433236
angularVelocity: 0.45184077407875045 0.4976897010736197 0.5611737608417637
acceleration: 0.5278413418827558 0.6461943042911757 0.4503076627279489
accel: 0.0
brake: 0.02151022
steer: 0.5963600909977251
linkid: A219BS010658
trafficlightid: C119BS010046
turn_signal_lamp: 0.0