position: 0.9802522688308978 0.6333585282894649 0.2406513748879684
orientation: 0.32888537785428956 0.5383655399574714 0.5116582469601675
enu_velocity: 0.697858833753332 0.6229370285282491 0.570897773463427
velocity: 0.4631383655622049 0.5611305339170245 0.3988189735079992
angularVelocity: 0.4315176305485251 0.49363864471602514 0.5631476264756345
acceleration: 0.5273314824640668 0.5532544233435439 0.45361026652462033
accel: 0.0
brake: 0.02872934
steer: 0.6300779980500488
linkid: A219BS010658
trafficlightid: C119BS010046
turn_signal_lamp: 0.0