position: 0.9829832464720921 0.6372231094639567 0.247895117899672
orientation: 0.3496075219674154 0.5532727800905818 0.5150570196885935
enu_velocity: 0.6857126541157451 0.6186301953206177 0.5813688211630759
velocity: 0.45060146492507336 0.6223245450461186 0.4120971504160712
angularVelocity: 0.4257002055147412 0.48478534597140766 0.625889401688434
acceleration: 0.49204996585762817 0.7334029104554101 0.46069609087787755
accel: 0.0
brake: 0.03999036
steer: 0.6631459213519663
linkid: A219BS010658
trafficlightid: C119BS010046
turn_signal_lamp: 0.0