position: 0.9841047289386776 0.638856717909956 0.2515545765858871
orientation: 0.3485708468616899 0.557544372245933 0.5172533790850666
enu_velocity: 0.6813203543159909 0.6156360297851324 0.5908022490319191
velocity: 0.4445985001544784 0.6298062699514637 0.42074330375244484
angularVelocity: 0.34088217193088616 0.479234108030225 0.6260098808802893
acceleration: 0.5145026899012421 0.2604825984569468 0.45874696103918416
accel: 0.0
brake: 0.04728119
steer: 0.658108547286318
linkid: A219BS010658
trafficlightid: C119BS010046
turn_signal_lamp: 0.0