position: 0.9851900623157801 0.6404659441403444 0.25605263081068586
orientation: 0.3198201352249025 0.5611873593656591 0.5191994571959542
enu_velocity: 0.6766355697784409 0.6115813497386823 0.5999528459485307
velocity: 0.4372678583618249 0.6390654451293121 0.428474475474778
angularVelocity: 0.34710743643596975 0.4820300005485151 0.6359983495838113
acceleration: 0.4796435338458622 0.65729961389914 0.4604508127829657
accel: 0.0
brake: 0.05288062
steer: 0.6543711407214821
linkid: A219BS010658
trafficlightid: C119BS010046
turn_signal_lamp: 0.0