position: 0.985544667669758 0.6409962573299035 0.25784367820118703
orientation: 0.3125525032015976 0.5624492020137026 0.5199182966141771
enu_velocity: 0.6753010122753925 0.6101436271762259 0.6023192468421686
velocity: 0.4348829755097722 0.6391721709400864 0.4304127401576039
angularVelocity: 0.340458596601682 0.4802401026189265 0.6352203415679291
acceleration: 0.48384239850732746 0.5927314104188928 0.45886335860174965
accel: 0.0
brake: 0.05421129
steer: 0.6526649333766656
linkid: A219BS010658
trafficlightid: C119BS010046
turn_signal_lamp: 0.0