position: 0.9865861057239166 0.6425811013446792 0.26383135252542056
orientation: 0.2943001266762267 0.5661239044668587 0.5221549355694206
enu_velocity: 0.6697783897111104 0.6058891045109466 0.6102977249180033
velocity: 0.4268752832492421 0.6536873052112618 0.4363074087089368
angularVelocity: 0.3910544172282017 0.48255100383637906 0.6535303030949071
acceleration: 0.45818042854195706 0.7434937923745848 0.45889464315617773
accel: 0.0
brake: 0.05946459
steer: 0.6903639909002276
linkid: A219BS010658
trafficlightid: C119BS010046
turn_signal_lamp: 0.0