position: 0.9872608887276029 0.6436173455081855 0.26872206506158447
orientation: 0.29626686562020793 0.5691397119592037 0.5239943139511568
enu_velocity: 0.6651194477462669 0.603396588903095 0.6149328703325523
velocity: 0.4213741235566425 0.6710057012889248 0.4394151895842253
angularVelocity: 0.420672087900487 0.48100494416439105 0.6726838172845299
acceleration: 0.47376031217622794 0.6864604475234861 0.45808249790437067
accel: 0.0
brake: 0.05424908
steer: 0.6867890802729932
linkid: A219BS010658
trafficlightid: C119BS010046
turn_signal_lamp: 0.0