position: 0.1556699515487729 0.19729479317785525 0.9239337648195669
orientation: 0.8826042325196455 0.5248640730698475 0.5007407876675938
enu_velocity: 0.8887884657574832 0.9996011321145659 0.5898404877091569
velocity: 0.9997901043836702 0.5144541728272658 0.7118300591472437
angularVelocity: 0.40485308163100603 0.480386706719023 0.5204902937897488
acceleration: 0.5710775895866147 0.5131324388550892 0.44994000083014124
accel: 0.02406672
brake: 0.0
steer: 0.5651608709782256
linkid: A219BS010380
trafficlightid: null
turn_signal_lamp: 0.0