position: 0.987591394688592 0.6441354675899396 0.27105320009225276
orientation: 0.29621622367811185 0.5701920195953721 0.524944363516935
enu_velocity: 0.6635652795148688 0.6019553925936855 0.6166550748908312
velocity: 0.41889451346681617 0.6715358322943717 0.4402502966954104
angularVelocity: 0.4007281984355176 0.477565353062668 0.6715974222014294
acceleration: 0.47982783414039254 0.6186219863296606 0.45710043787562105
accel: 0.0
brake: 0.05615354
steer: 0.7227006824829381
linkid: A219BS010658
trafficlightid: C119BS010046
turn_signal_lamp: 0.0