position: 0.9885570917933572 0.6456715471734906 0.27771525411853304
orientation: 0.2916475361014959 0.5716555575099485 0.5279384773855487
enu_velocity: 0.6568896793185607 0.598010646421397 0.6242600817480518
velocity: 0.41072279351561497 0.6928347601425295 0.44359316671884086
angularVelocity: 0.41103434769820046 0.47116047651262 0.6946653697883205
acceleration: 0.46600592105613736 0.7816912948402662 0.46112962654619766
accel: 0.0
brake: 0.04909527
steer: 0.7175008124796881
linkid: A219BS010658
trafficlightid: C119BS010046
turn_signal_lamp: 0.0