position: 0.9888703839022115 0.6461774781474388 0.27986173756411725
orientation: 0.29308204047380243 0.5715621932699634 0.5290736485153092
enu_velocity: 0.6545059065450066 0.5969121250320044 0.6266295616136398
velocity: 0.4081798657458031 0.7011896368018721 0.44413641797734393
angularVelocity: 0.4179343908436738 0.46704165093719 0.702749077342584
acceleration: 0.4787004126773633 0.7207570485961726 0.4590268900541612
accel: 0.0
brake: 0.04605478
steer: 0.7148196295092624
linkid: A219BS010658
trafficlightid: C119BS010046
turn_signal_lamp: 0.0