position: 0.9894823363456055 0.6471771489875282 0.2833285163354615
orientation: 0.2904994022503948 0.5693054156675742 0.531333523569762
enu_velocity: 0.651550290140837 0.5943094712119352 0.6310597085371544
velocity: 0.40372718700603455 0.6997379467056422 0.4441204605166206
angularVelocity: 0.3759481963623929 0.45463082604579064 0.6976792336214488
acceleration: 0.490383117758068 0.608381859335558 0.4591419807009668
accel: 0.0
brake: 0.04873003
steer: 0.7661683457913553
linkid: A219BS010658
trafficlightid: C119BS010046
turn_signal_lamp: 0.0