position: 0.9900770749368646 0.6481768198276168 0.2863362206126636
orientation: 0.28791110779288986 0.5654568134086442 0.5336869458443798
enu_velocity: 0.6466703566769384 0.5920705391316573 0.6354936705133768
velocity: 0.3986191453501953 0.7175133327762367 0.44268167307435735
angularVelocity: 0.4157577691495331 0.45221998036100897 0.7190783212915289
acceleration: 0.4683400869507627 0.7942632015991486 0.45736625910233114
accel: 0.0
brake: 0.03882766
steer: 0.7621871953201171
linkid: A219BS010658
trafficlightid: C119BS010046
turn_signal_lamp: 0.0