position: 0.15659457640234434 0.19848342618893788 0.9252766854383616
orientation: 0.8813910982323654 0.5264589267189068 0.5007308684837333
enu_velocity: 0.8886480021696852 0.9992206546541773 0.5874220674497728
velocity: 0.9992838122259907 0.5143604957971302 0.7119289430841846
angularVelocity: 0.4060266193800439 0.4840568820896919 0.520470554042652
acceleration: 0.5645982276416946 0.5123040220527358 0.4526256157079252
accel: 0.03830361
brake: 0.0
steer: 0.5652421189470264
linkid: A219BS010380
trafficlightid: null
turn_signal_lamp: 0.0