position: 0.9906545996759888 0.6491642995599003 0.2893358965600794
orientation: 0.29524342296553907 0.5610879371406367 0.5363852378650431
enu_velocity: 0.6412788561900036 0.5904946840433025 0.6378304576214071
velocity: 0.39406949583281115 0.7399045527453585 0.43879494139775144
angularVelocity: 0.44282839614735403 0.4477146782277872 0.743329245634662
acceleration: 0.49254706661073966 0.7762358020016362 0.4566525278673785
accel: 0.0
brake: 0.03016843
steer: 0.755931101722457
linkid: A219BS010658
trafficlightid: C119BS010046
turn_signal_lamp: 0.0