position: 0.9917519827495858 0.651120972362758 0.293500410174667
orientation: 0.29502317133467393 0.5481123033542421 0.5420682725916675
enu_velocity: 0.6345800215434323 0.5867557062934692 0.6397779477745317
velocity: 0.38675979374534974 0.7425704896508117 0.4275614122439939
angularVelocity: 0.34684412665032394 0.43542204650619193 0.7372564994061813
acceleration: 0.5439681809842595 0.26693433707691394 0.4550421582907489
accel: 0.0
brake: 0.0181142
steer: 0.7387877803054925
linkid: A219BS010658
trafficlightid: C119BS010046
turn_signal_lamp: 1.0