position: 0.9920144939946421 0.6516086166749977 0.29383468063304097
orientation: 0.2846308461635143 0.5435329655590009 0.5433568896596016
enu_velocity: 0.6342964521522891 0.5857926610352462 0.6402712206247674
velocity: 0.38564051664639326 0.7311089043175988 0.42486721735892685
angularVelocity: 0.30050435834304556 0.4268270840256992 0.723046102676631
acceleration: 0.5330898503901822 0.5501016345611517 0.4569408231788142
accel: 0.0
brake: 0.0353738
steer: 0.7344003899902504
linkid: A219BS010658
trafficlightid: C119BS010046
turn_signal_lamp: 1.0