position: 0.15751913240050724 0.19966596364611622 0.9265626779004894
orientation: 0.8798801913348027 0.5280543148960577 0.5007202916744236
enu_velocity: 0.8886878911011715 0.9992410884597835 0.5863327819310487
velocity: 0.9993331701025148 0.5143210703180168 0.7136263634690996
angularVelocity: 0.403014220028909 0.4824716412324166 0.5203877605436893
acceleration: 0.592255665083506 0.5140290554552781 0.45519801332265286
accel: 0.03628252
brake: 0.0
steer: 0.5652421189470264
linkid: A219BS010380
trafficlightid: null
turn_signal_lamp: 0.0