position: 0.9932685231226661 0.6540224560205781 0.2967372867748592
orientation: 0.24104363951561067 0.5211679894930307 0.5495835614243268
enu_velocity: 0.6261182836372364 0.5808454323599146 0.6486401177298335
velocity: 0.3764073530677184 0.742195067787055 0.41545676269337517
angularVelocity: 0.4189323094188328 0.43419838822606993 0.7427929892811199
acceleration: 0.5027074101507517 0.8229359929346796 0.46010281028236416
accel: 0.0
brake: 0.01023358
steer: 0.7891615209619761
linkid: A219BS010658
trafficlightid: C119BS010046
turn_signal_lamp: 1.0