position: 0.9935095170525542 0.6544979092250109 0.297947375028099
orientation: 0.24582917782741776 0.5173753345076796 0.5510585605050213
enu_velocity: 0.6233715727268125 0.5805168567657659 0.6504449518414676
velocity: 0.3748219182460339 0.755605490098668 0.41381384183278846
angularVelocity: 0.45567472750076404 0.43339959252140914 0.7589736918066909
acceleration: 0.5165535235917318 0.8297659459164204 0.4601553079656818
accel: 0.0
brake: 0.006412882
steer: 0.7855053623659409
linkid: A219BS010658
trafficlightid: C119BS010046
turn_signal_lamp: 1.0