position: 0.9942066780640155 0.6559242688383087 0.3007689680238923
orientation: 0.2555833267864315 0.5037518883095713 0.555620672653287
enu_velocity: 0.6188300303650229 0.5793778764412729 0.6548238154799938
velocity: 0.371807597827196 0.7586290052875299 0.40726273741082786
angularVelocity: 0.3941705607878792 0.42363096191978844 0.7568728916761174
acceleration: 0.5415008864836555 0.6245658590115057 0.45925604718891455
accel: 0.0
brake: 0.008143802
steer: 0.8378290542736433
linkid: A219BS010658
trafficlightid: C119BS010046
turn_signal_lamp: 1.0