position: 0.9944304581417687 0.6563997220427407 0.3017958643883727
orientation: 0.2564239923486894 0.49913189074416847 0.5571872460777987
enu_velocity: 0.6160642443630037 0.5790074115456315 0.6562742536365531
velocity: 0.37025706251416496 0.7717246032409242 0.4050158746214463
angularVelocity: 0.4162257189095364 0.42810616383966293 0.7730320765188632
acceleration: 0.5120522496283163 0.8296590025451602 0.45882602212723844
accel: 0.0
brake: 0.0
steer: 0.8341728956776082
linkid: A219BS010658
trafficlightid: C119BS010046
turn_signal_lamp: 1.0