position: 0.9950776989820391 0.6578138905482342 0.3051903881916407
orientation: 0.26763617911195964 0.48555822692898354 0.5623654984699522
enu_velocity: 0.6082990626612498 0.5787542366941699 0.6572917147288503
velocity: 0.36706799526985523 0.8047753307731623 0.39541872638535613
angularVelocity: 0.4351283979450821 0.42263438529922215 0.8059493715696275
acceleration: 0.5599169468726425 0.7709648900462573 0.45731634323761744
accel: 0.03115255
brake: 0.0
steer: 0.8197920051998702
linkid: A219BS010658
trafficlightid: C119BS010046
turn_signal_lamp: 1.0