position: 0.15844394660645217 0.20085459665719796 0.9277508707088578
orientation: 0.8783580818269014 0.5294568809729949 0.5007098792714759
enu_velocity: 0.8887582933605896 0.999346935572824 0.5868784359037932
velocity: 0.9994944556889346 0.51436757139508 0.7166359580013585
angularVelocity: 0.4038623078008775 0.4811168197310555 0.5204160776159676
acceleration: 0.5925120335683841 0.5140864090165077 0.459107090916522
accel: 0.03072832
brake: 0.0
steer: 0.5652421189470264
linkid: A219BS010380
trafficlightid: null
turn_signal_lamp: 0.0