position: 0.9954865279702418 0.6587647969570991 0.30593629301360137
orientation: 0.2666886406470743 0.47378367776422997 0.5659282939458619
enu_velocity: 0.6049785818598437 0.5788167641393251 0.6550566414143092
velocity: 0.36616035876266134 0.8085030490438756 0.3855444589679621
angularVelocity: 0.39413674437569307 0.4175882257831487 0.8068652117473855
acceleration: 0.5319379621305145 0.8294543218317297 0.4453895819189525
accel: 0.01614527
brake: 0.0
steer: 0.8652908677283069
linkid: A219BS010658
trafficlightid: C119BS010046
turn_signal_lamp: 1.0