position: 0.9958790037989166 0.6597096078120614 0.30740620721265177
orientation: 0.2717259341368905 0.46474929777262847 0.5697330407849988
enu_velocity: 0.5996349821837963 0.5786915049109587 0.6437304411224262
velocity: 0.3642987192582054 0.8301206349699901 0.36783193916283496
angularVelocity: 0.4426170751270554 0.4311215986239083 0.8316778765200333
acceleration: 0.5552379803245543 0.8382864327066892 0.44147040109336916
accel: 0.05010834
brake: 0.0
steer: 0.8542411439714008
linkid: A219BS010658
trafficlightid: C119BS010046
turn_signal_lamp: 1.0