position: 0.15936884688165776 0.2020371341143763 0.9289310351874396
orientation: 0.877012684462724 0.5308034997763533 0.5006995216706494
enu_velocity: 0.888810114878418 0.9994045589046336 0.5873574988047664
velocity: 0.9995914264665503 0.5143786909490117 0.719454150204177
angularVelocity: 0.40585252663028115 0.4808298280351437 0.5204296278065578
acceleration: 0.5902484323817369 0.5136658868137136 0.4587193095451765
accel: 0.02981061
brake: 0.0
steer: 0.5653233669158272
linkid: A219BS010380
trafficlightid: null
turn_signal_lamp: 0.0