position: 0.9972690223588058 0.6635071378936201 0.3107401536184411
orientation: 0.27350572536504425 0.44317809592256263 0.5856748681145862
enu_velocity: 0.5855186643549269 0.580063430619363 0.6072718674781747
velocity: 0.3629249250282835 0.8446366525867273 0.3183985162177504
angularVelocity: 0.3582953101100018 0.45229956165399166 0.8391287460476131
acceleration: 0.582156111712927 0.6525523869085357 0.45605324703681743
accel: 0.04987803
brake: 0.0
steer: 0.8461975950601236
linkid: A219BS010658
trafficlightid: C119BS010046
turn_signal_lamp: 1.0