position: 0.9974213649501993 0.663982591098053 0.3111240537518576
orientation: 0.2663881035216598 0.44134623251772415 0.5876437439077169
enu_velocity: 0.5845440618421629 0.5802107583577841 0.6087572245877544
velocity: 0.3630580417255759 0.8387214173668212 0.3192699854115673
angularVelocity: 0.33208952226715693 0.4521144933817891 0.830943994627917
acceleration: 0.5793986656689126 0.6345224403096418 0.46456024224855674
accel: 0.04765425
brake: 0.0
steer: 0.8916964575885604
linkid: A219BS010658
trafficlightid: C119BS010046
turn_signal_lamp: 1.0