position: 0.9975702647711656 0.6644641398563884 0.31183784525467306
orientation: 0.25853174541511487 0.439885581054842 0.589594809011595
enu_velocity: 0.5828677550662779 0.5802226099650358 0.6115282006003188
velocity: 0.36280676526327116 0.8397904421656877 0.32155565186227053
angularVelocity: 0.3395013637871016 0.45668850688816637 0.8337410950755344
acceleration: 0.5480069989959021 0.8170352351557384 0.46376897616079427
accel: 0.04525329
brake: 0.0
steer: 0.8851966200844981
linkid: A219BS010658
trafficlightid: C119BS010046
turn_signal_lamp: 1.0