position: 0.16029391929538472 0.20322576712545892 0.9301301757182436
orientation: 0.8758436378677428 0.53213825205608 0.5006892188719434
enu_velocity: 0.8888534131202878 0.9994456308539024 0.58789544816636
velocity: 0.9996644661525178 0.514397898414907 0.7222954502053106
angularVelocity: 0.40697719677587035 0.4806622692248263 0.520456067783279
acceleration: 0.5894106227309787 0.5142453204219799 0.45839557611082676
accel: 0.02886718
brake: 0.0
steer: 0.5653233669158272
linkid: A219BS010380
trafficlightid: null
turn_signal_lamp: 0.0