position: 0.9986030958992568 0.6683043388152683 0.3337376692152967
orientation: 0.2362867220663453 0.4450479108218989 0.6061047699272706
enu_velocity: 0.568057952821622 0.5813687421214908 0.6472089433453003
velocity: 0.36241564148414807 0.8580083843627342 0.361184741179579
angularVelocity: 0.41385907724531457 0.487081218592582 0.8573577931543821
acceleration: 0.5667530870870277 0.8266736407451483 0.4661266439220705
accel: 0.1036907
brake: 0.0
steer: 0.8766655833604161
linkid: A219BS010658
trafficlightid: C119BS010046
turn_signal_lamp: 1.0