position: 0.9989181093933246 0.669755080644177 0.34766463184998964
orientation: 0.239452326785781 0.45195543917255615 0.6124620899479265
enu_velocity: 0.5636688662969043 0.5824672635108834 0.6555499860773017
velocity: 0.3636790036974023 0.8526602569934909 0.3737807584415403
angularVelocity: 0.38607369308039174 0.4831225888191116 0.848467618713403
acceleration: 0.5983691898018981 0.6390577291672165 0.46357652653342746
accel: 0.09305912
brake: 0.0
steer: 0.8955963600909979
linkid: A219BS010658
trafficlightid: C119BS010046
turn_signal_lamp: 1.0