position: 0.9991048796889878 0.6707303692686555 0.3571205446418926
orientation: 0.23441548862786885 0.45628764681348555 0.6165525750447912
enu_velocity: 0.5603621897932407 0.5829194636289499 0.6546116446898685
velocity: 0.36415388629729367 0.8537414719611102 0.3761770807264394
angularVelocity: 0.4012705691645269 0.4872809067635495 0.8509352110502919
acceleration: 0.5703643603881496 0.82981443100296 0.4483018269308297
accel: 0.1081037
brake: 0.0
steer: 0.8808904777380566
linkid: A219BS010658
trafficlightid: C119BS010046
turn_signal_lamp: 1.0