position: 0.9993527591597297 0.672193302205371 0.3690053921182237
orientation: 0.24712123631140392 0.4624410272974231 0.6229516542814788
enu_velocity: 0.5550305602059497 0.5840774473926567 0.6279732860135141
velocity: 0.365556597262957 0.8574900371870815 0.3537972216578494
angularVelocity: 0.4330240119093746 0.4782213089864338 0.8546043230313873
acceleration: 0.6084584547855273 0.6514346675733582 0.4322423497003143
accel: 0.1058982
brake: 0.0
steer: 0.8569223269418266
linkid: A219BS010658
trafficlightid: C119BS010046
turn_signal_lamp: 1.0