position: 0.9994939127472353 0.6731807819376545 0.37333777081016084
orientation: 0.24937484013694355 0.4642560708849817 0.627028274441787
enu_velocity: 0.553295894559576 0.5850678739503921 0.6060905296747366
velocity: 0.36709392061914065 0.8428015905166847 0.33403255496386025
angularVelocity: 0.40079157026190604 0.47317313824838697 0.8374609768889177
acceleration: 0.6057569976637026 0.6219236366024352 0.43083471968501713
accel: 0.09534744
brake: 0.0
steer: 0.8763405914852129
linkid: A219BS010658
trafficlightid: C119BS010046
turn_signal_lamp: 1.0