position: 0.9996195738678197 0.674168261669938 0.37629365586783337
orientation: 0.2589867882195662 0.46730690778492406 0.6311908791295933
enu_velocity: 0.5487618526806299 0.5853179837310127 0.5830823381730942
velocity: 0.36739206213592285 0.8555283033634795 0.31310639440738963
angularVelocity: 0.46420371548314326 0.4828696444941096 0.8556685063128617
acceleration: 0.5917883515514796 0.7632309050078957 0.430094256011407
accel: 0.12222
brake: 0.0
steer: 0.8613097172570687
linkid: A219BS010658
trafficlightid: C119BS010046
turn_signal_lamp: 1.0