position: 0.99977277715182 0.6756555768222654 0.3772380793899637
orientation: 0.2715545197437334 0.47198434930256195 0.6373356765258789
enu_velocity: 0.5455117519781245 0.5868186424147364 0.5542564587944685
velocity: 0.3697547588717602 0.8393508894141457 0.28805588424824224
angularVelocity: 0.41600122589753485 0.48084962118401103 0.8354710374468168
acceleration: 0.607344294417627 0.6265596701050162 0.4376637441562116
accel: 0.0983082
brake: 0.0
steer: 0.8651283717907053
linkid: A219BS010658
trafficlightid: C119BS010046
turn_signal_lamp: 1.0