position: 0.9998149510895503 0.676155412242311 0.3767950615553941
orientation: 0.27196773706042493 0.47354973263617556 0.639279617354056
enu_velocity: 0.5447011867298048 0.5872681861380742 0.5468742420387929
velocity: 0.37050086051032965 0.8318507555872932 0.2821509261867162
angularVelocity: 0.4022008896076401 0.48195702653199723 0.8269564804369061
acceleration: 0.6067348093089538 0.6188979217082462 0.4405301803235229
accel: 0.09470192
brake: 0.0
steer: 0.8576535586610337
linkid: A219BS010658
trafficlightid: C119BS010046
turn_signal_lamp: 1.0