position: 0.9998536822568539 0.6766552476623549 0.37674616172851394
orientation: 0.274528451414026 0.47619290277832016 0.6412696467658063
enu_velocity: 0.5423606934469134 0.5872538824741498 0.5438747219275406
velocity: 0.37056367962590586 0.8395243784824795 0.2807859093005836
angularVelocity: 0.4314743779765309 0.494436637365923 0.8391399511082547
acceleration: 0.5772942874521264 0.8133810553423508 0.45280447137579366
accel: 0.1107606
brake: 0.0
steer: 0.8504224894377641
linkid: A219BS010658
trafficlightid: C119BS010046
turn_signal_lamp: 1.0