position: 0.9999165128171461 0.6776549185024434 0.3780883524991463
orientation: 0.28014880824824345 0.48424813421187884 0.6452700919782355
enu_velocity: 0.5394562559055649 0.5879228852696987 0.5441151600140824
velocity: 0.37173530598784243 0.8365796577177282 0.28624676163826446
angularVelocity: 0.41115004871078037 0.506697261619109 0.8336572058604648
acceleration: 0.608173143313462 0.6477436022700841 0.46121699811087224
accel: 0.1067957
brake: 0.0
steer: 0.8351478713032175
linkid: A219BS010658
trafficlightid: C119BS010046
turn_signal_lamp: 1.0