position: 0.16214432233062065 0.205596937593719 0.9319095455381463
orientation: 0.8728659117649162 0.5336020037818932 0.5006694901084638
enu_velocity: 0.8889156330347857 0.999513471088515 0.588714158477469
velocity: 0.9997796345310741 0.5145633508053197 0.7256297747033262
angularVelocity: 0.4017602090872476 0.4725826775351525 0.5206038952558864
acceleration: 0.5886126268158832 0.5152512580038752 0.4598862372610303
accel: 0.02724591
brake: 0.0
steer: 0.565404614884628
linkid: A219BS010380
trafficlightid: null
turn_signal_lamp: 0.0