position: 0.9999991393073933 0.6811842442122709 0.39460773580664243
orientation: 0.28407477749628307 0.515434961900263 0.6588313151813
enu_velocity: 0.527907131748879 0.5892803029761225 0.6054629400394
velocity: 0.3749325995449062 0.8429376257331989 0.36706973061539117
angularVelocity: 0.4297366710895877 0.5049880420126703 0.8418113168930964
acceleration: 0.6102413641114571 0.6979488046584963 0.47937722553775103
accel: 0.13309
brake: 0.0
steer: 0.8406727331816706
linkid: A219BS010658
trafficlightid: C119BS010046
turn_signal_lamp: 1.0