position: 0.9999931144591462 0.6816962707401215 0.398143850153414
orientation: 0.284349595596608 0.5190027587351154 0.6608224954375865
enu_velocity: 0.5267314481096994 0.5897927828207276 0.6149952935714477
velocity: 0.3758432274385561 0.838337868723896 0.37908029218720973
angularVelocity: 0.39097369158865997 0.498087385264447 0.8346390864841285
acceleration: 0.6135776409714552 0.657203779136315 0.4825030092617994
accel: 0.1256877
brake: 0.0
steer: 0.8921839454013651
linkid: A219BS010658
trafficlightid: C119BS010046
turn_signal_lamp: 1.0