position: 0.999946637058382 0.6832201592158675 0.40999293506978773
orientation: 0.2750562714344783 0.5274091394895954 0.6667895147540737
enu_velocity: 0.520809527113308 0.5900986768906533 0.641150181838877
velocity: 0.377203560429426 0.8492316395299966 0.4114027828765111
angularVelocity: 0.3805696273462742 0.4917034691607253 0.8468274159870829
acceleration: 0.5936444032012375 0.8200310304553855 0.47611900089804743
accel: 0.1523818
brake: 0.0
steer: 0.8725219369515763
linkid: A219BS010658
trafficlightid: C119BS010046
turn_signal_lamp: 1.0