position: 0.9999225376653932 0.6837260901898157 0.41416474716599927
orientation: 0.2743839847193504 0.5295309665664794 0.668884106612265
enu_velocity: 0.5183816037702882 0.590218418991506 0.6450029272675013
velocity: 0.3777612047212669 0.8566119916986717 0.4169203147194931
angularVelocity: 0.39322121502701757 0.48475604164269154 0.8547975855374992
acceleration: 0.5987289369732578 0.8180623211345266 0.46700811391445446
accel: 0.1553575
brake: 0.0
steer: 0.8653721156971077
linkid: A219BS010658
trafficlightid: C119BS010046
turn_signal_lamp: 1.0