position: 0.999893274116764 0.6842381167176654 0.4180073977409742
orientation: 0.27448000554493074 0.5307660828099471 0.6710188684249855
enu_velocity: 0.5161073380462504 0.5904288871892505 0.6482772388928555
velocity: 0.3784579484833122 0.8619929795228132 0.42131812113543865
angularVelocity: 0.3966631107350757 0.4766116538303382 0.8599122495012012
acceleration: 0.6058136123390607 0.7830171164630191 0.46567516002879733
accel: 0.1594078
brake: 0.0
steer: 0.8577348066298344
linkid: A219BS010658
trafficlightid: C119BS010046
turn_signal_lamp: 1.0