position: 0.9998579857198876 0.6847501432455161 0.4213960827589429
orientation: 0.27323261295248696 0.5309584416524814 0.6731485884425945
enu_velocity: 0.514399188311384 0.5908604491636547 0.6505781734820264
velocity: 0.3794136964560069 0.8614105014593751 0.4243259716829191
angularVelocity: 0.37924308764000764 0.4672764465830558 0.8574532840694082
acceleration: 0.6151821192935232 0.7100963134763378 0.4635547631576981
accel: 0.1556862
brake: 0.0
steer: 0.9049398765030876
linkid: A219BS010658
trafficlightid: C119BS010046
turn_signal_lamp: 1.0