position: 0.9997736378444267 0.6857741963012183 0.42697942120121324
orientation: 0.26790773400030543 0.528242076797005 0.6773648992087615
enu_velocity: 0.5107687330099149 0.5912985499558527 0.6581002455816752
velocity: 0.38086825812024105 0.8628077774689995 0.43114983532423734
angularVelocity: 0.38603746312266896 0.4524654462385309 0.8598587031937099
acceleration: 0.5903136713364702 0.8097750537478665 0.46485420287600987
accel: 0.1663556
brake: 0.0
steer: 0.8907214819629511
linkid: A219BS010658
trafficlightid: C119BS010046
turn_signal_lamp: 1.0