position: 0.9997245783658425 0.6862862228290671 0.4295295106805983
orientation: 0.2691766717420514 0.5261131226789008 0.6795411462269096
enu_velocity: 0.5084116380901111 0.5913140796481136 0.6599257527906885
velocity: 0.381439363651134 0.8685723139360659 0.43180138803748525
angularVelocity: 0.4161628156399281 0.4472824053210982 0.8676750758498318
acceleration: 0.6004354161068257 0.8095981445555237 0.46172422073676783
accel: 0.1739898
brake: 0.0
steer: 0.8835716607084825
linkid: A219BS010658
trafficlightid: C119BS010046
turn_signal_lamp: 1.0