position: 0.9996703547316176 0.6868043449108212 0.43177817286891607
orientation: 0.2739390206504582 0.5233008991190121 0.681763646234993
enu_velocity: 0.5060663223376823 0.5914448560039937 0.6615233711924203
velocity: 0.3821864624185221 0.8737156818040884 0.4315819947523498
angularVelocity: 0.44696335044489943 0.44157050623640137 0.8747594506505826
acceleration: 0.6047560590339498 0.807058047695823 0.4618822051921356
accel: 0.1763434
brake: 0.0
steer: 0.8760155996100099
linkid: A219BS010658
trafficlightid: C119BS010046
turn_signal_lamp: 1.0