position: 0.9995472756888535 0.6878344935204259 0.4352347337659874
orientation: 0.2884298753814398 0.5152783095342421 0.686263667580419
enu_velocity: 0.5021914876679278 0.592108750348141 0.6665882531205785
velocity: 0.3841620238905111 0.8746366578868007 0.43115384648922783
angularVelocity: 0.4596321312907573 0.4265023129052693 0.8752844027836542
acceleration: 0.620608761914622 0.7097138029676555 0.46773284943417615
accel: 0.1741802
brake: 0.0
steer: 0.9204582385440365
linkid: A219BS010658
trafficlightid: C119BS010046
turn_signal_lamp: 1.0