position: 0.16399515571215995 0.20797420361588337 0.9330546773049337
orientation: 0.8694473087390986 0.5337812488685821 0.5006526658573855
enu_velocity: 0.888956374293868 0.9995843763939687 0.5887540953468745
velocity: 0.9998835852104204 0.5148507861510496 0.7259873787821579
angularVelocity: 0.40314501430723787 0.46901172847141037 0.5208921717182484
acceleration: 0.5885465108932055 0.5151369611634458 0.45662490054606436
accel: 0.0256211
brake: 0.0
steer: 0.565404614884628
linkid: A219BS010380
trafficlightid: null
turn_signal_lamp: 0.0