position: 0.9994018186383139 0.6888707376839323 0.4360288085666655
orientation: 0.29638273830246914 0.5024391585872151 0.6906900896776426
enu_velocity: 0.4983798616126823 0.5925548203245257 0.6613009491312541
velocity: 0.38593990457419874 0.8753788448278086 0.41788587189211013
angularVelocity: 0.4327837704171226 0.40848957946818415 0.8753980399473302
acceleration: 0.5955720503008106 0.8205873814800472 0.44863168400818887
accel: 0.1829517
brake: 0.0
steer: 0.9061585960350993
linkid: A219BS010658
trafficlightid: C119BS010046
turn_signal_lamp: 1.0