position: 0.9992348442726059 0.6899069818474395 0.434817260617101
orientation: 0.30092870001079064 0.4878222028430052 0.6952351583663466
enu_velocity: 0.49369758291826404 0.5927769357914656 0.6455879229614289
velocity: 0.3876960977060804 0.8839727371292576 0.39350322070388966
angularVelocity: 0.40397689957699845 0.40372545708694035 0.883329636324387
acceleration: 0.6141977989018108 0.8023503912869231 0.43530700195464855
accel: 0.1849554
brake: 0.0
steer: 0.8916152096197596
linkid: A219BS010658
trafficlightid: C119BS010046
turn_signal_lamp: 1.0