position: 0.9991427501636845 0.6904251039291935 0.4334400371346745
orientation: 0.29983690191883366 0.4802594855929712 0.697533340103222
enu_velocity: 0.4913934004956115 0.5929771870864071 0.6358238296630132
velocity: 0.38872338967151465 0.8874527653044477 0.37961700350279337
angularVelocity: 0.38214776483116086 0.40298076719693376 0.8855240433332416
acceleration: 0.6145161108603192 0.7989363353989617 0.4336444136348623
accel: 0.1849973
brake: 0.0
steer: 0.8839779005524864
linkid: A219BS010658
trafficlightid: C119BS010046
turn_signal_lamp: 1.0