position: 0.999043770513909 0.6909493215648501 0.43161030779156695
orientation: 0.2960310936761553 0.4726489815315555 0.6998414958260788
enu_velocity: 0.4891310332648119 0.5931711039016104 0.6269518482898061
velocity: 0.3897641428760009 0.8903289384536046 0.36678607149116804
angularVelocity: 0.355167072047968 0.40196820118242643 0.8867884303088361
acceleration: 0.6142235522226037 0.7911951389711465 0.43939145562076354
accel: 0.1874293
brake: 0.0
steer: 0.9777380565485865
linkid: A219BS010658
trafficlightid: C119BS010046
turn_signal_lamp: 1.0