position: 0.9987141252455266 0.6925097833640148 0.42571459433579406
orientation: 0.279464794929713 0.45175859029405313 0.7071603190557552
enu_velocity: 0.47965163325570903 0.591507792125261 0.6147398645719124
velocity: 0.3910045711264257 0.9254827350993295 0.34319684617792656
angularVelocity: 0.34211537512655815 0.4059356143673667 0.9211790420942396
acceleration: 0.6041225791079134 0.8843859302416215 0.458611932532104
accel: 0.2399451
brake: 0.0
steer: 0.9563698407539813
linkid: A219BS010658
trafficlightid: C119BS010046
turn_signal_lamp: 1.0