position: 0.16492065847219023 0.2091567410730617 0.933523969673349
orientation: 0.8677929361543 0.5336837153094831 0.5006445551435106
enu_velocity: 0.8889788757423986 0.9996009277765099 0.5893745485894987
velocity: 0.9999172383080506 0.5148892010828403 0.7264335772877374
angularVelocity: 0.40099820571440375 0.4679417373014277 0.5208907537326981
acceleration: 0.5877817255714565 0.5148903224381003 0.46159865154537466
accel: 0.02515396
brake: 0.0
steer: 0.5654858628534287
linkid: A219BS010380
trafficlightid: null
turn_signal_lamp: 0.0