position: 0.998325092187279 0.6940824362709828 0.41705275634457006
orientation: 0.2527549567756314 0.4259381395628614 0.7148141476497372
enu_velocity: 0.472282545234304 0.591942419170506 0.6211838835656686
velocity: 0.39471713100053696 0.9326609778034693 0.3363740289274755
angularVelocity: 0.3007405109602125 0.38325666669893227 0.9248681843607298
acceleration: 0.6235181563575989 0.7827070267165102 0.47075934381951146
accel: 0.2370023
brake: 0.0
steer: 0.9689632759181022
linkid: A219BS010658
trafficlightid: C119BS010046
turn_signal_lamp: 1.0