position: 0.9978792534169864 0.6956550891779525 0.41102275082691797
orientation: 0.2362384062920798 0.4025642951769601 0.7226212577755304
enu_velocity: 0.4647198765693269 0.5919883952331202 0.6285538741994897
velocity: 0.3983294794283719 0.9400471600528523 0.33082763413640925
angularVelocity: 0.39100670858560493 0.41080004689266203 0.9372381746698397
acceleration: 0.629054024118141 0.7896097073280606 0.4604511053997822
accel: 0.2454264
brake: 0.0
steer: 0.943207669808255
linkid: A219BS010658
trafficlightid: C119BS010046
turn_signal_lamp: 1.0