position: 0.9977183038995254 0.6961854023675125 0.410489231820212
orientation: 0.23695718022636642 0.3973922726338437 0.7252479234243391
enu_velocity: 0.4625364860135599 0.5923257573636795 0.627931903912377
velocity: 0.39988375397447296 0.93806740597979 0.3271543661966918
angularVelocity: 0.4133163186660399 0.42272372514160117 0.9365943299021717
acceleration: 0.6314055466699959 0.7728416925100361 0.4575312318356919
accel: 0.2375586
brake: 0.0
steer: 0.9341891452713684
linkid: A219BS010658
trafficlightid: C119BS010046
turn_signal_lamp: 1.0