position: 0.9966131745924679 0.6993672815048706 0.42202521187492126
orientation: 0.27666206444160657 0.40227294173187667 0.7411520468948324
enu_velocity: 0.44788857146315164 0.5925493031970119 0.5735968604180831
velocity: 0.40818036431021243 0.9410746676103152 0.27672591273623365
angularVelocity: 0.4580969480315069 0.5125213087354792 0.9436573853397547
acceleration: 0.6355638744017472 0.7916640327194548 0.4076857238139358
accel: 0.2342626
brake: 0.0
steer: 0.9392265193370166
linkid: A219BS010658
trafficlightid: C119BS010046
turn_signal_lamp: 1.0