position: 0.9964040262890295 0.6998975946944297 0.42453734924986186
orientation: 0.2815844733555309 0.40853582920416315 0.7438017294343672
enu_velocity: 0.44568792979684435 0.592840076250789 0.5516918008323457
velocity: 0.40987249191549463 0.9381009731111378 0.25991904422658196
angularVelocity: 0.4426871100221044 0.5263618141724109 0.9394465632145395
acceleration: 0.637553815153123 0.7707984143535496 0.4036589506474704
accel: 0.2270431
brake: 0.0
steer: 0.9876503087422815
linkid: A219BS010658
trafficlightid: C119BS010046
turn_signal_lamp: 1.0