position: 0.9952541409664213 0.7025674473039363 0.4349077617892374
orientation: 0.3150338669365508 0.4609587452644374 0.7573104522057279
enu_velocity: 0.4321496094038327 0.5909150074246233 0.4684022074523329
velocity: 0.41591833322529237 0.9521150737796713 0.21499166811272072
angularVelocity: 0.4504140014710771 0.5674156227851015 0.9552580936979069
acceleration: 0.6244048074895499 0.8300586976414768 0.44584472511274104
accel: 0.2514307
brake: 0.0
steer: 1.0
linkid: A219BS010658
trafficlightid: C119BS010046
turn_signal_lamp: 1.0