position: 0.015662092220303674 0.01991417460104561 0.4754121452573008
orientation: 0.6577485456301472 0.4622637777822756 0.4988744466424358
enu_velocity: 0.8917775786361701 0.9946994708257364 0.6360485228026149
velocity: 0.9967196954687821 0.5072777303813809 0.6483497108037239
angularVelocity: 0.37032968420038015 0.577110071202994 0.5051422601440256
acceleration: 0.599227621140713 0.5078620700554265 0.5649815436713901
accel: 0.07187787
brake: 0.0
steer: 0.5602047448813781
linkid: A219BS010380
trafficlightid: null
turn_signal_lamp: 0.0