position: 0.9944769355425328 0.704164482426517 0.43863363665822996
orientation: 0.32661355352509647 0.4931713679956507 0.765691888557257
enu_velocity: 0.42296693872395313 0.5884269872540051 0.48487120651356064
velocity: 0.41900394835466515 0.9706437769453522 0.2540773056132766
angularVelocity: 0.42790427748353266 0.5642391468403559 0.9739589432695711
acceleration: 0.6119083873001034 0.9232789482050392 0.481902604082927
accel: 0.2894267
brake: 0.0
steer: 0.9774130646733834
linkid: A219BS010658
trafficlightid: C119BS010046
turn_signal_lamp: 1.0