position: 0.9939200674259703 0.7052312043595403 0.4421850778164109
orientation: 0.329238285376163 0.5121780822386435 0.7714625518750026
enu_velocity: 0.4170043617012391 0.587365655390816 0.5151965129161526
velocity: 0.4219307707196648 0.9774004871474105 0.2983672814503675
angularVelocity: 0.3801409533543119 0.5509654403231722 0.9783108698310088
acceleration: 0.6278662958838078 0.8602521715488285 0.5113965662370766
accel: 0.2877288
brake: 0.0
steer: 0.9610009749756258
linkid: A219BS010658
trafficlightid: C119BS010046
turn_signal_lamp: 1.0