position: 0.9933287716051382 0.7062979262925619 0.44920475744226174
orientation: 0.319412089177693 0.5300162111679595 0.7772277349806705
enu_velocity: 0.4111869019749965 0.5862268794043791 0.5694063463805742
velocity: 0.424852607440571 0.9824018130490986 0.36657661891927007
angularVelocity: 0.34254442013899117 0.5533484336309297 0.9814068380022902
acceleration: 0.5984334855593373 0.9843143073353027 0.5342986666692112
accel: 0.2884446
brake: 0.0
steer: 0.9878940526486839
linkid: A219BS010658
trafficlightid: C119BS010046
turn_signal_lamp: 1.0