position: 0.992382870430328 0.7078949614151435 0.4718183729057004
orientation: 0.30601273729567974 0.5602922029883968 0.7861391078401065
enu_velocity: 0.4017913880478784 0.5839080511441808 0.6587211745838136
velocity: 0.4292933206345156 0.9945971052059264 0.4794959709591654
angularVelocity: 0.3320714684875484 0.5583612520340768 0.9926032717388835
acceleration: 0.6377680480688055 0.8652528865504212 0.5303171059815172
accel: 0.314016
brake: 0.0
steer: 0.963113422164446
linkid: A219BS010658
trafficlightid: C119BS010046
turn_signal_lamp: 1.0