position: 0.9920506430841254 0.7084252746047026 0.481780800322301
orientation: 0.2991972617784787 0.5700149126210491 0.789106094658936
enu_velocity: 0.39905311518065345 0.5836219778656931 0.6876774336131457
velocity: 0.431180137641643 0.9929199853223302 0.516724988424301
angularVelocity: 0.3189125963744798 0.553758636871901 0.9897321980590652
acceleration: 0.6413794127207549 0.8358403907775228 0.5308991112877415
accel: 0.3137183
brake: 0.0
steer: 0.9894377640558987
linkid: A219BS010658
trafficlightid: C119BS010046
turn_signal_lamp: 1.0