position: 0.9917089481192485 0.7089555877942626 0.49262780371171555
orientation: 0.29328869647221123 0.5792540525069081 0.7920719854353501
enu_velocity: 0.39600645314269384 0.5829184419386696 0.7108859701391785
velocity: 0.43282415378142436 0.9954384035189661 0.5478130866873794
angularVelocity: 0.34205639434656604 0.54876542877926 0.9928362973362992
acceleration: 0.6157768740812581 0.9601794746057826 0.507935418196345
accel: 0.3092425
brake: 0.0
steer: 0.9809067273318168
linkid: A219BS010658
trafficlightid: C119BS010046
turn_signal_lamp: 1.0