position: 0.16769639212893514 0.2127165445524044 0.9354288733771825
orientation: 0.8600952973537772 0.5334944567298796 0.5006227438994417
enu_velocity: 0.8887446561190558 0.9991311545856219 0.5925458537917405
velocity: 0.9992486634351326 0.5155152899166634 0.7286997111089214
angularVelocity: 0.3944669411198163 0.4686990161503634 0.5211754003503712
acceleration: 0.5856739696578226 0.5167959178318943 0.45475926462213395
accel: 0.04285577
brake: 0.0
steer: 0.5654858628534287
linkid: A219BS010380
trafficlightid: null
turn_signal_lamp: 0.0