position: 0.991359506920911 0.7094919965377242 0.5037346330469408
orientation: 0.29178427660878337 0.5874430228689647 0.7950833619720085
enu_velocity: 0.39281469085481474 0.5819623441743527 0.728362053349338
velocity: 0.43433605035273193 0.9996330582536364 0.5720270073482798
angularVelocity: 0.37625725258958903 0.5381703042537882 0.9986316935239409
acceleration: 0.6262945135454245 0.9082398256500838 0.4992347911216878
accel: 0.3290414
brake: 0.0
steer: 0.9726194345141372
linkid: A219BS010658
trafficlightid: C119BS010046
turn_signal_lamp: 1.0