position: 0.9910023194891129 0.7100223097272842 0.5146261571742614
orientation: 0.2930921015020098 0.5941007484248525 0.7981089870600685
enu_velocity: 0.38983253296931 0.5814273871435809 0.7409721939210142
velocity: 0.43623732572773 1.0 0.5903616065238982
angularVelocity: 0.3986623602792369 0.5236337582711952 0.9999847293863819
acceleration: 0.6427323946020796 0.868078984047179 0.4885873398380144
accel: 0.3256364
brake: 0.0
steer: 0.9640883977900554
linkid: A219BS010658
trafficlightid: C119BS010046
turn_signal_lamp: 1.0