position: 0.9894866398086392 0.7121496580394258 0.5441273497461587
orientation: 0.32894051999337093 0.5960834912923235 0.810100787128341
enu_velocity: 0.3790520719316761 0.5802675643373696 0.7192202894018195
velocity: 0.4445586150017316 0.9859910227357247 0.5724538476228179
angularVelocity: 0.5244665433246724 0.4438360850506695 0.994620678453531
acceleration: 0.6353475328044628 0.876773771654882 0.4295176736581412
accel: 0.3086088
brake: 0.0
steer: 0.9796067598310043
linkid: A219BS010658
trafficlightid: C119BS010046
turn_signal_lamp: 1.0