position: 0.9882627349218512 0.7137466931620073 0.5496172676236433
orientation: 0.3906437316227501 0.578598721066707 0.8191365608019393
enu_velocity: 0.3701873535381568 0.5778224551585245 0.6602371777873808
velocity: 0.45003384934504576 0.9862754600066179 0.4986746587675782
angularVelocity: 0.6055884480290207 0.4055049762507309 0.9999999999999998
acceleration: 0.643023072935262 0.8691301591354188 0.39731999573161125
accel: 0.3095293
brake: 0.0
steer: 0.9722131946701333
linkid: A219BS010658
trafficlightid: C119BS010046
turn_signal_lamp: 1.0