position: 0.16862146454266208 0.21390517756348526 0.9358266406256843
orientation: 0.857834538312602 0.533041782706776 0.5006163868534317
enu_velocity: 0.8888058532404388 0.9992482402917457 0.5912828020475971
velocity: 0.9994179260521019 0.5155668454970311 0.7267842926266939
angularVelocity: 0.3970810978074985 0.4640078240478334 0.5211808962838763
acceleration: 0.5946385894823225 0.5152092659296524 0.453973903350892
accel: 0.03280894
brake: 0.0
steer: 0.5654858628534287
linkid: A219BS010380
trafficlightid: null
turn_signal_lamp: 0.0