position: 0.9869596463152428 0.715331537176783 0.5373426812285973
orientation: 0.46491917027541285 0.5464085841505435 0.8281904191753937
enu_velocity: 0.3614278123699668 0.5754449818762362 0.584296497099393
velocity: 0.45588001560890495 0.983132339828691 0.39563811967049156
angularVelocity: 0.6086981350675162 0.37475952274168634 0.9974875874205443
acceleration: 0.648947242613334 0.8686649477987464 0.3875224531721651
accel: 0.3070542
brake: 0.0
steer: 0.9459701007474814
linkid: A219BS010658
trafficlightid: C119BS010046
turn_signal_lamp: 1.0