position: 0.9860438693816688 0.7163860680019987 0.5189468582956
orientation: 0.5005845955723959 0.5178527037286114 0.8341232967706371
enu_velocity: 0.3558728524966977 0.574282502675296 0.5286338736106251
velocity: 0.4601636810139091 0.9764046033610592 0.31814982398833624
angularVelocity: 0.5044523986473435 0.3571364859685898 0.9862912528437798
acceleration: 0.650956169111697 0.823963385781104 0.4121077205197702
accel: 0.2923941
brake: 0.0
steer: 0.9419077023074425
linkid: A219BS010658
trafficlightid: C119BS010046
turn_signal_lamp: 1.0