position: 0.9855713491405671 0.7169163811915586 0.5085319250183189
orientation: 0.5085359915658076 0.5040867523413042 0.8370261651081584
enu_velocity: 0.3532060899147656 0.5737835091423912 0.5080796981566204
velocity: 0.46233243619451536 0.9719617285235285 0.28789474005470883
angularVelocity: 0.45157936529489817 0.36794675029908414 0.9788016118231833
acceleration: 0.6544622290972179 0.821810095576994 0.40604218739339965
accel: 0.2861507
brake: 0.0
steer: 0.9331329216769582
linkid: A219BS010658
trafficlightid: C119BS010046
turn_signal_lamp: 1.0