position: 0.9835900347598456 0.719013251734185 0.4714279041388232
orientation: 0.5178659229675266 0.4702014486709065 0.8483586956634919
enu_velocity: 0.34268683319215953 0.5710598871931328 0.4600975109518942
velocity: 0.4703458619457527 0.9570008580818787 0.2181416011001056
angularVelocity: 0.4121484686225693 0.4528824539345919 0.9600117167253576
acceleration: 0.6498008095205833 0.7926403321044307 0.44475465272665604
accel: 0.263365
brake: 0.0
steer: 0.9093272668183296
linkid: A219BS010658
trafficlightid: C119BS010046
turn_signal_lamp: 1.0