position: 0.1695466230256497 0.2150877150206636 0.9359930460067087
orientation: 0.8552868478969555 0.5322050680675199 0.5006097557968177
enu_velocity: 0.8888540949823645 0.9993379446983572 0.5911454601501138
velocity: 0.9995485499273474 0.5156281744126945 0.7252817625407765
angularVelocity: 0.39312133784626824 0.4611732630086805 0.5211703553957672
acceleration: 0.5913122203808264 0.5160570766131879 0.45719855927565894
accel: 0.0301314
brake: 0.0
steer: 0.5654858628534287
linkid: A219BS010380
trafficlightid: null
turn_signal_lamp: 0.0