position: 0.9825477360130803 0.7200555914515956 0.4597634708075331
orientation: 0.522938898578143 0.46797275161092505 0.8538257552321367
enu_velocity: 0.3379180602933133 0.5696217559545642 0.4660407347091341
velocity: 0.47397316730586764 0.9466326778850376 0.22386224613031577
angularVelocity: 0.4236683979680318 0.48727690582999833 0.9506125548837255
acceleration: 0.6389142040640461 0.8037406551133048 0.4733252100360571
accel: 0.2535522
brake: 0.0
steer: 0.8934839129021775
linkid: A219BS010658
trafficlightid: C119BS010046
turn_signal_lamp: 1.0