position: 0.9820141065968999 0.7205737135333479 0.4555675737219631
orientation: 0.5264789957199523 0.4689402830917788 0.856513251235007
enu_velocity: 0.33559734271530095 0.5689235328169984 0.4751482080652548
velocity: 0.4757752283634081 0.9410262602735298 0.23428831033162742
angularVelocity: 0.43040005569132017 0.4965746021741991 0.9449562799357324
acceleration: 0.6427264187354458 0.7925659167026213 0.4788839117524933
accel: 0.2464426
brake: 0.0
steer: 0.885927851803705
linkid: A219BS010658
trafficlightid: C119BS010046
turn_signal_lamp: 1.0