position: 0.9814718702546521 0.7210918356151019 0.4518905986798507
orientation: 0.5315189055613443 0.47022543116461263 0.8591618377321261
enu_velocity: 0.3333635625520666 0.5682958063087741 0.48235587493880205
velocity: 0.4775847678870885 0.9345647641582184 0.24304756108088688
angularVelocity: 0.44583435427712015 0.49756865490836755 0.9386532845850393
acceleration: 0.6423810517068521 0.7756028875017108 0.4746600993275062
accel: 0.2372424
brake: 0.0
steer: 0.8785342866428341
linkid: A219BS010658
trafficlightid: C119BS010046
turn_signal_lamp: 1.0