position: 0.977462764092445 0.7246760213100556 0.44222813885799184
orientation: 0.5622436905995138 0.47756293391208704 0.8765587709725662
enu_velocity: 0.3192294140298919 0.5630069244037059 0.5994630470404078
velocity: 0.4882822151359795 0.8896390455698542 0.36781554570591707
angularVelocity: 0.43456284417407975 0.49810886697935614 0.8934956011212596
acceleration: 0.6262875480448259 0.7492863793117205 0.5100721570805239
accel: 0.1871943
brake: 0.0
steer: 0.8375853103672409
linkid: A219BS010658
trafficlightid: C119BS010046
turn_signal_lamp: 1.0