position: 0.976861139960332 0.7251819522840037 0.44460233493024104
orientation: 0.5663903187475106 0.47873408496060305 0.8788790927662353
enu_velocity: 0.3174468560959067 0.5622114363514541 0.6211477078894033
velocity: 0.48958247111552455 0.8828015975834491 0.390570099904168
angularVelocity: 0.4365156626100487 0.496017310849234 0.886703450335651
acceleration: 0.6257626385773022 0.7386284060006125 0.5082110823212211
accel: 0.1797085
brake: 0.0
steer: 0.8313292167695809
linkid: A219BS010658
trafficlightid: C119BS010046
turn_signal_lamp: 1.0