position: 0.9756380957661507 0.7261938142318982 0.4515315133839555
orientation: 0.5745843415983782 0.4800193399390552 0.8833843751152559
enu_velocity: 0.3140741957990819 0.5606533586739768 0.6606661692436375
velocity: 0.4920448807332289 0.8685705472449423 0.4314832852138867
angularVelocity: 0.4357691311733312 0.48907685986945343 0.872313078517033
acceleration: 0.6221805061901604 0.7249749442574939 0.5012569800640482
accel: 0.1649548
brake: 0.0
steer: 0.8190607734806631
linkid: A219BS010658
trafficlightid: C119BS010046
turn_signal_lamp: 1.0