position: 0.9731154057357881 0.7281809648042712 0.47412469309884786
orientation: 0.5917884432570801 0.4823005276576237 0.8918376022450019
enu_velocity: 0.30807568464492635 0.5576452981506794 0.7149669095793011
velocity: 0.49638288965885047 0.8386180659360928 0.48898595133061673
angularVelocity: 0.4457299330518423 0.4905096207036122 0.8428600312412955
acceleration: 0.6161563910942078 0.6996154027913908 0.47512736385485765
accel: 0.1355614
brake: 0.0
steer: 0.7963925901852454
linkid: A219BS010658
trafficlightid: C119BS010046
turn_signal_lamp: 1.0