position: 0.9691682694412665 0.7311129262316056 0.5091325900559647
orientation: 0.6467202623636885 0.4736849682433297 0.9031750649912053
enu_velocity: 0.3007961251141906 0.553142504747284 0.7183602418725463
velocity: 0.5012334227972681 0.7932328309864902 0.4869706025205812
angularVelocity: 0.5311236068085698 0.44943841376607946 0.8032718578754073
acceleration: 0.6045949999124555 0.6708965813104107 0.44958410085611095
accel: 0.09831385
brake: 0.0
steer: 0.7811992200194996
linkid: A219BS010658
trafficlightid: C119BS010046
turn_signal_lamp: 1.0