position: 0.9678169820486807 0.7320699281943757 0.5166850588403591
orientation: 0.6805217901250941 0.4646784906181054 0.9067552875415217
enu_velocity: 0.29804464116922985 0.5502754374826696 0.7137749075814702
velocity: 0.5020371086251159 0.790643745144912 0.47325154626050425
angularVelocity: 0.5666172227702531 0.4459677258026873 0.8039733145035428
acceleration: 0.5970025129090138 0.7242508900695792 0.4496702542442559
accel: 0.09963688
brake: 0.0
steer: 0.7725869353266169
linkid: A219BS010658
trafficlightid: C119BS010046
turn_signal_lamp: 1.0