position: 0.9657556232555321 0.7334962878076725 0.5247892928355187
orientation: 0.7245249207848967 0.4459804841655674 0.9119938222665293
enu_velocity: 0.29412580934897686 0.5462076798006315 0.7110067951025854
velocity: 0.5033096942799428 0.785082908164392 0.452863405008201
angularVelocity: 0.5217974909071298 0.42613236995442305 0.7973231605926148
acceleration: 0.5848032957856057 0.8236528357331405 0.449100456148269
accel: 0.09051663
brake: 0.0
steer: 0.7810367240818981
linkid: A219BS010658
trafficlightid: C119BS010046
turn_signal_lamp: 1.0