position: 0.1723227009594373 0.2186475185000063 0.9360806277861955
orientation: 0.8472253049477014 0.5288701473045387 0.5005911230757537
enu_velocity: 0.8889359184315673 0.999500393452927 0.5908114679945803
velocity: 0.9997833737641442 0.5159068487371427 0.7193346000476107
angularVelocity: 0.39675816464970504 0.45916409527814556 0.52129010675448
acceleration: 0.5894264728608111 0.5147139594701501 0.4552267613345681
accel: 0.02714116
brake: 0.0
steer: 0.565404614884628
linkid: A219BS010380
trafficlightid: null
turn_signal_lamp: 0.0