position: 0.9636572546802937 0.7348982652053593 0.5307558015630427
orientation: 0.7577861936283744 0.4227924061090716 0.9172652382640027
enu_velocity: 0.2898009286620554 0.5410824726784694 0.7185306176381825
velocity: 0.5042554709644508 0.7884509281223483 0.43819248185601833
angularVelocity: 0.48667206495076715 0.42046516947144297 0.7985179373684705
acceleration: 0.5948226461746461 0.742403338228895 0.46024631338593125
accel: 0.09554789
brake: 0.0
steer: 0.7851803704907379
linkid: A219BS010658
trafficlightid: C119BS010046
turn_signal_lamp: 1.0