position: 0.9629489046649445 0.7353615273019862 0.5327117946382431
orientation: 0.7647339802852848 0.4145033008178707 0.9189980813229496
enu_velocity: 0.2885261875096846 0.5396817353041603 0.7214591418626901
velocity: 0.5046762593259293 0.7866743435284955 0.4338257183691301
angularVelocity: 0.46425451086305863 0.4178419050466614 0.7951703015519801
acceleration: 0.596012917007012 0.7290897323930091 0.4582650492908257
accel: 0.09295694
brake: 0.0
steer: 0.7811179720506989
linkid: A219BS010658
trafficlightid: C119BS010046
turn_signal_lamp: 1.0