position: 0.9615201549377518 0.7362758603874324 0.5373025395796658
orientation: 0.7752326330449106 0.3977684022342418 0.9225026769465947
enu_velocity: 0.285594862441997 0.5358228111154182 0.7360510452256994
velocity: 0.5051130017485066 0.7920668148449401 0.4324757869513315
angularVelocity: 0.4509481103009435 0.41772223554671717 0.799749998239913
acceleration: 0.5897759993970846 0.7654945141272653 0.4752554791306164
accel: 0.09834176
brake: 0.0
steer: 0.7731556711082224
linkid: A219BS010658
trafficlightid: C119BS010046
turn_signal_lamp: 1.0