position: 0.9600750520510309 0.7371840979189779 0.5430479043139869
orientation: 0.7844082936610355 0.3799206517992785 0.925985899743137
enu_velocity: 0.28312976056924577 0.5328278282277086 0.756706368947733
velocity: 0.5058075019707099 0.7888816474182725 0.4371706811742947
angularVelocity: 0.45051625394782996 0.41178142283378666 0.7956728435637684
acceleration: 0.593246109786947 0.7219765405829381 0.4784528267500116
accel: 0.09436019
brake: 0.0
steer: 0.7774618134546637
linkid: A219BS010658
trafficlightid: C119BS010046
turn_signal_lamp: 1.0