position: 0.95934604541312 0.737635168907798 0.5463752820863146
orientation: 0.7897902444922728 0.37050230246193655 0.9277116185263832
enu_velocity: 0.28187837319300163 0.5311986409067215 0.7677184063815689
velocity: 0.5060881937331654 0.7884362645860228 0.4395414540821888
angularVelocity: 0.4637846535988412 0.4095558139193052 0.7960978425895231
acceleration: 0.5859422667337588 0.7811818945639626 0.4785763460333803
accel: 0.09163068
brake: 0.0
steer: 0.7734806629834254
linkid: A219BS010658
trafficlightid: C119BS010046
turn_signal_lamp: 1.0