position: 0.957135786799005 0.7389639996586483 0.5587060667898651
orientation: 0.8030461848932293 0.34495681298102177 0.9328739783035117
enu_velocity: 0.2781148354607147 0.5266874696430276 0.7683156192207562
velocity: 0.5073273755725668 0.7845824045690872 0.4180143163710467
angularVelocity: 0.4341464788818591 0.42304792265148605 0.7906092469118405
acceleration: 0.5975425713887685 0.7180698087048529 0.43392655031649535
accel: 0.08453189
brake: 0.0
steer: 0.7705557361065974
linkid: A219BS010658
trafficlightid: C119BS010046
turn_signal_lamp: 1.0