position: 0.9556424851263066 0.7398417594206776 0.5667365861206233
orientation: 0.8090345221808433 0.33043845985209386 0.9362295121586452
enu_velocity: 0.27576940038242237 0.5238492140443181 0.744060501529522
velocity: 0.5081582331607233 0.7805465753664249 0.38219391541150627
angularVelocity: 0.44588901668482883 0.43499865022268636 0.786969387080208
acceleration: 0.5933521315573718 0.733170458220892 0.41699696584986823
accel: 0.07829823
brake: 0.0
steer: 0.7625121871953202
linkid: A219BS010658
trafficlightid: C119BS010046
turn_signal_lamp: 1.0