position: 0.9548893790954067 0.7402745437477893 0.5705369055021796
orientation: 0.8133023553452099 0.32457486486417136 0.9378954966302452
enu_velocity: 0.2746537035594394 0.5224347860202528 0.7283291990130772
velocity: 0.5085279186702449 0.7782125997230889 0.36193238745412226
angularVelocity: 0.45158785669123946 0.4435156303495905 0.7848856424401686
acceleration: 0.5947299555349848 0.7136728557777345 0.41232228498110796
accel: 0.0748204
brake: 0.0
steer: 0.7585310367240821
linkid: A219BS010658
trafficlightid: C119BS010046
turn_signal_lamp: 1.0