position: 0.9533736994149331 0.7411401124020136 0.5779156704239252
orientation: 0.8211546624433066 0.31638660720623685 0.9411638951133443
enu_velocity: 0.27264613114014674 0.519866256655546 0.6970249411090511
velocity: 0.5092323901806349 0.7710131567254662 0.32498057636952943
angularVelocity: 0.4429937182791841 0.4655488646275529 0.7772179103672492
acceleration: 0.5932095291093218 0.692137959096999 0.4144280446501456
accel: 0.0670859
brake: 0.0
steer: 0.7575560610984726
linkid: A219BS010658
trafficlightid: C119BS010046
turn_signal_lamp: 1.0