position: 0.1741737925487586 0.22101868896826637 0.93655575893991
orientation: 0.8418657593371408 0.5273766401816311 0.500578080171009
enu_velocity: 0.8889902969321832 0.9995547473758397 0.5930310118004517
velocity: 0.9998798459773505 0.5159014567958335 0.7189812687314865
angularVelocity: 0.3880902352384533 0.46552186908128024 0.5210686365493807
acceleration: 0.5883682717260815 0.5155314674348996 0.46194114680665205
accel: 0.02581846
brake: 0.0
steer: 0.5654858628534287
linkid: A219BS010380
trafficlightid: null
turn_signal_lamp: 0.0