position: 0.9487423124980512 0.7436575761639457 0.606511851274461
orientation: 0.8370461072699809 0.328605384850248 0.950520261193484
enu_velocity: 0.26714214045711016 0.5116365414476248 0.6403882484886556
velocity: 0.5104955031116846 0.7548196658869081 0.28199745552620814
angularVelocity: 0.4085688860703233 0.5599830999993188 0.7596176357341877
acceleration: 0.5863689317358104 0.6976735443887105 0.443477432802695
accel: 0.05571923
brake: 0.0
steer: 0.7400877478063049
linkid: A219BS010658
trafficlightid: C119BS010046
turn_signal_lamp: 1.0