position: 0.9455921775573732 0.745291184609945 0.6428495315834493
orientation: 0.8289845643207268 0.37910674369192704 0.9563446305895904
enu_velocity: 0.26396704969700613 0.5065987910134575 0.6159259330407083
velocity: 0.5111917483093205 0.7426526407880573 0.3044181238386151
angularVelocity: 0.385828880768938 0.6279792166559294 0.7451380200697509
acceleration: 0.5847490638443321 0.6792274239014293 0.44468139038152626
accel: 0.04518628
brake: 0.0
steer: 0.7289567760805981
linkid: A219BS010658
trafficlightid: C119BS010046
turn_signal_lamp: 1.0