position: 0.9447968975887431 0.7456934911675424 0.6535126132359421
orientation: 0.8258966189871524 0.39558528260286385 0.9577475648814641
enu_velocity: 0.26325774267173 0.5053410902783922 0.6138409394113975
velocity: 0.511276005694498 0.7397128667584522 0.3173248319888664
angularVelocity: 0.379146010325079 0.6362717609019166 0.7417666850542042
acceleration: 0.5846411183777311 0.6728465717054537 0.44910853650720806
accel: 0.04420116
brake: 0.0
steer: 0.7256256093597662
linkid: A219BS010658
trafficlightid: C119BS010046
turn_signal_lamp: 1.0