position: 0.9439998962348994 0.7460897021712363 0.6645333204880055
orientation: 0.8220147338176667 0.41279972415499655 0.9591280303038192
enu_velocity: 0.2625942908711113 0.5041318176626138 0.6133323794205464
velocity: 0.5113430626075536 0.7364303546508761 0.33248328608587907
angularVelocity: 0.3709391905098319 0.6415168557251172 0.7379966283675048
acceleration: 0.5832810461496768 0.6646621510071089 0.4538175966712929
accel: 0.04243783
brake: 0.0
steer: 0.7224569385765357
linkid: A219BS010658
trafficlightid: C119BS010046
turn_signal_lamp: 1.0