position: 0.1750993813780496 0.22220732197934723 0.9372834175578111
orientation: 0.8383145318598986 0.5273064388256117 0.5005706270825834
enu_velocity: 0.8890075139496196 0.9995892805073143 0.5946102371598342
velocity: 0.9999279574428513 0.5160426472170463 0.7203971227739124
angularVelocity: 0.3843089934979619 0.46945928541032333 0.5209789266523671
acceleration: 0.5888749711673951 0.5169271777015246 0.460143911812925
accel: 0.02521629
brake: 0.0
steer: 0.5653233669158272
linkid: A219BS010380
trafficlightid: null
turn_signal_lamp: 0.0