position: 0.9407860700413225 0.747662355078206 0.7125427326099079
orientation: 0.8154749390017866 0.4827405868177675 0.9644449320615369
enu_velocity: 0.2603257357419657 0.49955505388292376 0.6550751601289829
velocity: 0.5113415669143255 0.7217714117222429 0.43621314633165886
angularVelocity: 0.43339030856280825 0.6421889480305262 0.7266138733128078
acceleration: 0.5818464240337937 0.6468940852490569 0.49106683797472905
accel: 0.04022857
brake: 0.0
steer: 0.7107572310692234
linkid: A219BS010658
trafficlightid: C119BS010046
turn_signal_lamp: 1.0