position: 0.9399778796835913 0.7480524705279965 0.7260748473887491
orientation: 0.8205258707662535 0.5001080103096927 0.9657349739846113
enu_velocity: 0.25981774849483213 0.4984953567241831 0.6711168732869291
velocity: 0.5113303492151156 0.7176569647645822 0.4672265148469784
angularVelocity: 0.45891919824388744 0.6394430743517574 0.7240908506316828
acceleration: 0.5815928447941828 0.643698074160088 0.4939788523918324
accel: 0.03930848
brake: 0.0
steer: 0.7074260643483914
linkid: A219BS010658
trafficlightid: C119BS010046
turn_signal_lamp: 1.0