position: 0.9391671072480398 0.7484364904238845 0.7401463199595955
orientation: 0.8280692026437293 0.5170981995098305 0.967008027250245
enu_velocity: 0.2593256145409816 0.49745691072327297 0.6877224063521256
velocity: 0.5113156415650402 0.7135135440724951 0.49835873592495283
angularVelocity: 0.48035393057939246 0.6359160506627174 0.7213381737873173
acceleration: 0.5816940295382901 0.6408843434290741 0.49498793512239897
accel: 0.03837377
brake: 0.0
steer: 0.7041761455963602
linkid: A219BS010658
trafficlightid: C119BS010046
turn_signal_lamp: 1.0