position: 0.9383546134272747 0.7488205103197716 0.7547243071551395
orientation: 0.8375646797162863 0.5336225296606074 0.9682618997736071
enu_velocity: 0.25885223179424 0.49644237227492216 0.7046293734642168
velocity: 0.5112954497064621 0.7093238360729707 0.5293091465897686
angularVelocity: 0.49680501650276104 0.6316850634323636 0.7182496426031874
acceleration: 0.581603870839065 0.6376418265498197 0.49548778507676505
accel: 0.03735895
brake: 0.0
steer: 0.7010887227819306
linkid: A219BS010658
trafficlightid: C119BS010046
turn_signal_lamp: 1.0