position: 0.9367236009374974 0.749582454557645 0.7823979599284168
orientation: 0.8545041106713824 0.5618309311878468 0.9706918258088287
enu_velocity: 0.2577793218165693 0.4944678536391893 0.7125842520728304
velocity: 0.5114607238081565 0.7020175082623727 0.5619861021853001
angularVelocity: 0.46765370861735206 0.5937578624976653 0.7096823325644148
acceleration: 0.5867281249405268 0.6422542926179308 0.44521587249031386
accel: 0.03134231
brake: 0.0
steer: 0.6938576535586611
linkid: A219BS010391
trafficlightid: C119BS010007
turn_signal_lamp: 1.0