position: 0.9359042215758785 0.7499603788996305 0.7937434496127425
orientation: 0.8602275604306746 0.571786695068401 0.9718634951510262
enu_velocity: 0.2572626408279579 0.4934999042676208 0.706649735612359
velocity: 0.5115412419602642 0.6985253252522525 0.5651881454378666
angularVelocity: 0.4541314850648961 0.5685989813393735 0.705346370735396
acceleration: 0.5861712897290459 0.6351857653923272 0.4383688870716961
accel: 0.02828256
brake: 0.0
steer: 0.6907702307442315
linkid: A219BS010391
trafficlightid: C119BS010007
turn_signal_lamp: 1.0