position: 0.17602505627660125 0.22338985943652734 0.9380658147878915
orientation: 0.8352377891366625 0.5274512959384132 0.5005633384005201
enu_velocity: 0.8890289926050353 0.9996225876104525 0.5923594278749474
velocity: 0.9999798081414221 0.5161228461606003 0.7184696707967132
angularVelocity: 0.39081495985137765 0.4706979438571509 0.5209654607476313
acceleration: 0.5886224843314299 0.5136368602039934 0.4514706126044376
accel: 0.02416267
brake: 0.0
steer: 0.5653233669158272
linkid: A219BS010380
trafficlightid: null
turn_signal_lamp: 0.0