position: 0.9309492142388613 0.7521730649664136 0.8303227096634815
orientation: 0.8668226455491921 0.5894150751746053 0.9783169928936448
enu_velocity: 0.2550078934058653 0.48786111387535097 0.6475822978681844
velocity: 0.5111506167455504 0.6778674059444563 0.5254401163586644
angularVelocity: 0.38825809331432587 0.47804079374793185 0.6805627597925537
acceleration: 0.5715695214054021 0.6127655095506415 0.42821544930914607
accel: 0.02078082
brake: 0.0
steer: 0.6692395190120248
linkid: A219BS010391
trafficlightid: C119BS010007
turn_signal_lamp: 0.0