position: 0.93011804338853 0.7525387982005922 0.8325742912444494
orientation: 0.8644845523592299 0.588338179246227 0.979299594919164
enu_velocity: 0.25486947540429744 0.4869152330138372 0.6378191471122026
velocity: 0.5107914010886246 0.6742357250032198 0.5153462812576571
angularVelocity: 0.38320552889350606 0.474338521282206 0.6762720148454162
acceleration: 0.5688277481183632 0.607540597053948 0.43009288834585147
accel: 0.0298216
brake: 0.0
steer: 0.6665583360415991
linkid: A219BS010391
trafficlightid: C119BS010007
turn_signal_lamp: 0.0