position: 0.926778470005108 0.75396515781389 0.8334771134213237
orientation: 0.8493978886042783 0.5779647707501666 0.9829083145722841
enu_velocity: 0.25384770508237836 0.4843066125225309 0.5856373606585661
velocity: 0.5106847083050271 0.6572216238046789 0.45829722558181507
angularVelocity: 0.373696331602032 0.44125971687300514 0.6577498512850468
acceleration: 0.5920154915778343 0.5933231893121685 0.40483056293591363
accel: 0.01898944
brake: 0.0
steer: 0.6534774130646734
linkid: A219BS010391
trafficlightid: C119BS010007
turn_signal_lamp: 0.0