position: 0.92594006933688 0.7543186999402627 0.8300475569062613
orientation: 0.8456703103578396 0.572231422440544 0.9837363746172142
enu_velocity: 0.25369752495998754 0.48387735956816014 0.5658287524274956
velocity: 0.510666759986291 0.6515665868534507 0.43489530423378464
angularVelocity: 0.37418925333468994 0.4292475054215159 0.6517848917903495
acceleration: 0.5736798549348859 0.5641752901586936 0.407212797787308
accel: 0.01261153
brake: 0.0
steer: 0.6510399740006501
linkid: A219BS010391
trafficlightid: C119BS010007
turn_signal_lamp: 0.0