position: 0.9242619769615139 0.7550196886391065 0.819682983152185
orientation: 0.8398362799932726 0.5589305817632698 0.9853053593350399
enu_velocity: 0.25370059333933265 0.48261363086044107 0.5300788629742582
velocity: 0.5099897095184144 0.6427047935100249 0.38946171037819177
angularVelocity: 0.3885756983121629 0.41618947646924065 0.6436743119225117
acceleration: 0.5939669667795103 0.5772222433619928 0.41490015961929283
accel: 0.02893434
brake: 0.0
steer: 0.6468963275918103
linkid: A219BS010391
trafficlightid: C119BS010007
turn_signal_lamp: 0.0