position: 0.9234210802847264 0.7553671352115758 0.8130209291259047
orientation: 0.8374653017213496 0.5513028658973073 0.9860561483896754
enu_velocity: 0.25335744624923867 0.4821440620076092 0.5198214609192284
velocity: 0.5101809089693943 0.6393089835006949 0.3734766946954087
angularVelocity: 0.3868347478648155 0.41312987367303267 0.6402910777275224
acceleration: 0.5918047018270927 0.5803470304725701 0.4334104474063416
accel: 0.01666527
brake: 0.0
steer: 0.6412089697757557
linkid: A219BS010391
trafficlightid: C119BS010007
turn_signal_lamp: 0.0