position: 0.9200506941059831 0.7567447303936508 0.7899431302311868
orientation: 0.8268011394283388 0.5301715093961485 0.988786938067959
enu_velocity: 0.25319703819569755 0.4802563666118973 0.51482655154603
velocity: 0.5093729853440673 0.6228468496098881 0.3521374713441501
angularVelocity: 0.3898519590072104 0.4517512150684622 0.6239754186751076
acceleration: 0.5731638826233217 0.5648486191263233 0.4609425617043785
accel: 0.01655647
brake: 0.0
steer: 0.6297530061748458
linkid: A219BS010391
trafficlightid: C119BS010007
turn_signal_lamp: 0.0