position: 0.9175153518943014 0.7577626878954487 0.7812966190513726
orientation: 0.8178571198840479 0.5283002334533622 0.9905899278414997
enu_velocity: 0.253004582624552 0.47914971256787353 0.5269764082526502
velocity: 0.5090219959998956 0.6115612267125817 0.3637322669447741
angularVelocity: 0.3809700540580651 0.48077482953907885 0.6120503089374042
acceleration: 0.5920569930200356 0.5577303333134893 0.4719402641852761
accel: 0.01792184
brake: 0.0
steer: 0.6245531361715958
linkid: A219BS010391
trafficlightid: C119BS010007
turn_signal_lamp: 0.0