position: 0.9166687746463094 0.7580979433601129 0.7798172168262116
orientation: 0.8149675691658196 0.5292810568660917 0.9911456213461715
enu_velocity: 0.25305742693549543 0.4786930170125736 0.5347617728487097
velocity: 0.5086986769804421 0.608416622514111 0.3724142591683459
angularVelocity: 0.3870625085344271 0.48730284736689455 0.6090937396532916
acceleration: 0.571505964067152 0.5557872474402636 0.4753047627998786
accel: 0.02466682
brake: 0.0
steer: 0.6230094247643809
linkid: A219BS010391
trafficlightid: C119BS010007
turn_signal_lamp: 0.0