position: 0.17787563145035856 0.2257610299047874 0.9402575488195435
orientation: 0.8302197424541566 0.5294015038627138 0.5005476649939782
enu_velocity: 0.8888460831029634 0.9990784353671578 0.589244908610188
velocity: 0.9992696031403246 0.5158360839241884 0.7183955514436269
angularVelocity: 0.39317655487220643 0.4812510302583148 0.5207486269586421
acceleration: 0.5849718205534794 0.5121775772431871 0.4561103073160407
accel: 0.04268834
brake: 0.0
steer: 0.5652421189470264
linkid: A219BS010380
trafficlightid: null
turn_signal_lamp: 0.0