position: 0.9158219391905353 0.7584331988247763 0.7790501464075412
orientation: 0.8128282319657307 0.530860052848436 0.9916848742146103
enu_velocity: 0.2531056686774212 0.47823088606498243 0.5435640868711739
velocity: 0.5083771029364211 0.6055380643319372 0.38255134509186
angularVelocity: 0.39427756385663926 0.49169177467573977 0.6065874848991974
acceleration: 0.572881730367375 0.5559315672896284 0.4781178918167004
accel: 0.02801618
brake: 0.0
steer: 0.6175658108547287
linkid: A219BS010391
trafficlightid: C119BS010007
turn_signal_lamp: 0.0