position: 0.9149743291114153 0.7587684542894406 0.7787020088340821
orientation: 0.8110968866066721 0.5324067633340526 0.9922027542559465
enu_velocity: 0.25297014858967914 0.47813323290799004 0.553478960029199
velocity: 0.5085054832718249 0.6010978218641807 0.3941813691850097
angularVelocity: 0.3948301127863982 0.48951491190238294 0.6019623432617772
acceleration: 0.592053504179681 0.5089775308448005 0.4821866968443662
accel: 0.02091958
brake: 0.0
steer: 0.6159408514787131
linkid: A219BS010391
trafficlightid: C119BS010007
turn_signal_lamp: 0.0