position: 0.912429088934756 0.7597681251295301 0.7801777618184313
orientation: 0.8066082536062829 0.5366485644571033 0.9936111687598977
enu_velocity: 0.2531298747811436 0.47720083835817645 0.583653269338592
velocity: 0.5077795734918334 0.5914190398775754 0.4280204290376953
angularVelocity: 0.4037203102343128 0.48578671582509036 0.5930339030429077
acceleration: 0.5902824164120897 0.5503282409671977 0.48132692820566897
accel: 0.03066084
brake: 0.0
steer: 0.6080597985050374
linkid: A219BS010391
trafficlightid: C119BS010007
turn_signal_lamp: 0.0