position: 0.9115797574704224 0.7600972850402918 0.781145540481758
orientation: 0.8058912865446315 0.537281196271018 0.9940517778109392
enu_velocity: 0.2528954846922817 0.4769803371618793 0.5935513131770485
velocity: 0.50795830883258 0.5892834989812376 0.4385634274184055
angularVelocity: 0.40748390364024634 0.4795603669530059 0.5912113255596654
acceleration: 0.5925528369380116 0.5518636992157078 0.4801496703210373
accel: 0.01904284
brake: 0.0
steer: 0.6066785830354242
linkid: A219BS010391
trafficlightid: C119BS010007
turn_signal_lamp: 0.0