position: 0.9098801477798878 0.7607617004157161 0.7839518066661411
orientation: 0.8029800533547806 0.5379704880626335 0.9948392842864948
enu_velocity: 0.25324510947210416 0.4766832500621699 0.6104648960393648
velocity: 0.5073490631243729 0.580883183026197 0.4562991422210867
angularVelocity: 0.40127908733554135 0.47654976842266783 0.582252284617663
acceleration: 0.5737717158045306 0.5391785276122568 0.4760087765961254
accel: 0.02816694
brake: 0.0
steer: 0.6043223919402015
linkid: A219BS010391
trafficlightid: C119BS010007
turn_signal_lamp: 0.0