position: 0.9056253999477164 0.7623953088617164 0.7939010968158184
orientation: 0.7975760586773937 0.5351007849153036 0.9965102009489646
enu_velocity: 0.2531847646783172 0.47611183912219646 0.6393532022475239
velocity: 0.5071192249316695 0.5665909521740813 0.483535475702368
angularVelocity: 0.40592993221035256 0.46475935065852286 0.5681384497292886
acceleration: 0.5919886922900662 0.5342645334046904 0.4657490632683677
accel: 0.01816756
brake: 0.0
steer: 0.595303867403315
linkid: A219BS010391
trafficlightid: C119BS010007
turn_signal_lamp: 0.0