position: 0.9022188646794899 0.7636936618430514 0.803912424059299
orientation: 0.7999029492570175 0.5319859115499974 0.9976281642128014
enu_velocity: 0.25334500226633916 0.47516982024994225 0.6418150063886424
velocity: 0.5063888280719941 0.5602560924785068 0.4835468988026672
angularVelocity: 0.4258793204281959 0.4645080088579808 0.5631689656707681
acceleration: 0.5734713542836306 0.5332687018946622 0.4545168204574778
accel: 0.0181534
brake: 0.0
steer: 0.5922164445888853
linkid: A219BS010391
trafficlightid: C119BS010007
turn_signal_lamp: 0.0