position: 0.9005147793874002 0.7643458861106698 0.8086593565074724
orientation: 0.8033107110470241 0.5302797335170779 0.9981306996603202
enu_velocity: 0.2533325582834396 0.47477085019548004 0.6389893359851391
velocity: 0.5061856630751902 0.5576358068716865 0.4794971045492714
angularVelocity: 0.43325347850816115 0.46394650508057617 0.5611187568847907
acceleration: 0.5919370379646427 0.5359026081907883 0.4525065158926714
accel: 0.02168791
brake: 0.0
steer: 0.5862040948976276
linkid: A219BS010391
trafficlightid: C119BS010007
turn_signal_lamp: 0.0