position: 0.899662177291161 0.7646628549136265 0.8108036504085687
orientation: 0.8039944316521876 0.5292854043612361 0.9983389477192701
enu_velocity: 0.2535403557513107 0.4751078445175385 0.6362268877374511
velocity: 0.506115365493474 0.5516677475871857 0.4766298191749382
angularVelocity: 0.4205770699404187 0.4640978307124709 0.5540925294075825
acceleration: 0.5732929994054584 0.49747533858240656 0.45091070463878763
accel: 0.01650016
brake: 0.0
steer: 0.5855541111472214
linkid: A219BS010391
trafficlightid: C119BS010007
turn_signal_lamp: 0.0