position: 0.8988099194719644 0.7649859192704831 0.8130253082148791
orientation: 0.804634064565052 0.5286759710664932 0.9985313031631949
enu_velocity: 0.2538408864616115 0.47489345302911756 0.6329332315507192
velocity: 0.5056085747713853 0.5496351517826178 0.4728545281256785
angularVelocity: 0.42215795450677035 0.46775027721522117 0.5521833457299645
acceleration: 0.5569747955454292 0.522145798030769 0.44648905143965095
accel: 0.02676389
brake: 0.0
steer: 0.5850666233344167
linkid: A219BS010391
trafficlightid: C119BS010007
turn_signal_lamp: 0.0