position: 0.8979578337912894 0.7653089836273423 0.8146660068839278
orientation: 0.8046452671753905 0.5276358506708113 0.9987159863102112
enu_velocity: 0.25382008966827246 0.4747645565833533 0.6240099220095507
velocity: 0.5055684403364339 0.5485785821561723 0.46339027152971
angularVelocity: 0.414187218842026 0.4603754782926052 0.5511085424308377
acceleration: 0.593388646005647 0.5324799600090097 0.4348671861569346
accel: 0.0315181
brake: 0.0
steer: 0.5846603834904128
linkid: A219BS010391
trafficlightid: C119BS010007
turn_signal_lamp: 0.0