position: 0.8971050595565287 0.7656320479841998 0.8153447656749488
orientation: 0.8040056342625259 0.5255860067102518 0.9988951892451498
enu_velocity: 0.25361331499351636 0.4746826170228722 0.6148852943811365
velocity: 0.5057957857070905 0.5481194544669813 0.452942581917145
angularVelocity: 0.4084668554408622 0.45176526135668216 0.5503687803608802
acceleration: 0.5948422561522879 0.5363969259227663 0.4343739518871161
accel: 0.0196031
brake: 0.0
steer: 0.5797042573935652
linkid: A219BS010391
trafficlightid: C119BS010007
turn_signal_lamp: 0.0