position: 0.8953993389484862 0.7662720811440131 0.814739721548329
orientation: 0.7982930257390453 0.5202089748264351 0.9991861885064719
enu_velocity: 0.25393549482475214 0.47479729153993455 0.5961678468794036
velocity: 0.5054580083197662 0.5422413550944923 0.43065968840223956
angularVelocity: 0.3803525191716222 0.4441930321376063 0.5425119504946537
acceleration: 0.5929877985744704 0.5169128164495783 0.4347096501686443
accel: 0.02879005
brake: 0.0
steer: 0.5788917777055574
linkid: A219BS010391
trafficlightid: C119BS010007
turn_signal_lamp: 0.0