position: 0.18065196759192814 0.22932083338413012 0.944016996704006
orientation: 0.8228968490381763 0.5335610232948766 0.500519770714503
enu_velocity: 0.8890404137948198 0.9993107677369009 0.5866395687213074
velocity: 0.9996525006066938 0.5156520989438897 0.7232008399030693
angularVelocity: 0.4007355844203532 0.4804600033914724 0.5205813482940393
acceleration: 0.5901854284772502 0.5120462793219699 0.4531102241428912
accel: 0.02898815
brake: 0.0
steer: 0.5651608709782256
linkid: A219BS010380
trafficlightid: null
turn_signal_lamp: 0.0