position: 0.8885769729318803 0.7688261182293639 0.8098592268864384
orientation: 0.7782324029938867 0.5050496156101587 0.9998920398220708
enu_velocity: 0.2546098564185979 0.47516346533639875 0.5927899273990981
velocity: 0.5048056367901517 0.5280382591096336 0.41567537118536024
angularVelocity: 0.4039576409370983 0.4628547557154017 0.5287851146024846
acceleration: 0.5934979335681557 0.44497383032797405 0.46519953365785177
accel: 0.02152275
brake: 0.0
steer: 0.5687357816054599
linkid: A219BS010391
trafficlightid: C119BS010007
turn_signal_lamp: 0.0