position: 0.8877246290434231 0.7691430870323179 0.8103912861968197
orientation: 0.7768096714809223 0.5045581348476109 0.9999232770309133
enu_velocity: 0.2548800442664861 0.47524119553292493 0.5958971486924423
velocity: 0.5044990196784108 0.5257970736174891 0.4183668628940207
angularVelocity: 0.40514611130384626 0.4660815545132574 0.5267747184877253
acceleration: 0.573590924904291 0.5016898019292155 0.4650617683883827
accel: 0.02749808
brake: 0.0
steer: 0.5686545336366592
linkid: A219BS010391
trafficlightid: C119BS010007
turn_signal_lamp: 0.0