position: 0.8868725433627479 0.7694600558352729 0.8111875505419852
orientation: 0.7760489781014988 0.5043199491300305 0.9999501300700937
enu_velocity: 0.25496101538809296 0.4752722140498352 0.5985119050290653
velocity: 0.5044107737779586 0.524874283142993 0.420761702791858
angularVelocity: 0.41205119623502195 0.467210118203208 0.5262840191342771
acceleration: 0.5924054263914064 0.5097081627404999 0.4638575038799559
accel: 0.03147146
brake: 0.0
steer: 0.5685732856678584
linkid: A219BS010391
trafficlightid: C119BS010007
turn_signal_lamp: 0.0