position: 0.8860201994742907 0.7697770246382287 0.8120305251695437
orientation: 0.7759936877988611 0.5039600691836145 0.9999753390456508
enu_velocity: 0.2548773168181794 0.47536966286877147 0.6010429007614126
velocity: 0.5045735550576064 0.5242549324691151 0.4230687330560978
angularVelocity: 0.4182209786449032 0.4661548002777709 0.5261160790736171
acceleration: 0.5938931469370449 0.5115797607291667 0.4640649548900962
accel: 0.02154106
brake: 0.0
steer: 0.5649171270718233
linkid: A219BS010391
trafficlightid: C119BS010007
turn_signal_lamp: 0.0