position: 0.8843164584592438 0.7704109622441395 0.8143747974671349
orientation: 0.7765451453271274 0.503933520955069 0.9999989039575846
enu_velocity: 0.2553050148057827 0.4756713884423535 0.6043625890725042
velocity: 0.5041899097446233 0.5196322155419705 0.42659733745843864
angularVelocity: 0.41758522011650046 0.46917153959579816 0.521321835519824
acceleration: 0.5925146530533634 0.48430835410315787 0.46053301266346985
accel: 0.03139406
brake: 0.0
steer: 0.5647546311342218
linkid: A219BS010391
trafficlightid: C119BS010007
turn_signal_lamp: 0.0