position: 0.8834646309863505 0.7707279310470936 0.8155111710559735
orientation: 0.7769422959323466 0.5037184268510422 0.9999901356182603
enu_velocity: 0.2552564321328186 0.4758566208901742 0.6054241611506989
velocity: 0.5043574273861597 0.5185525658626867 0.42765680821137797
angularVelocity: 0.42278975264409463 0.4666459467782626 0.5206911856530799
acceleration: 0.5940195513608609 0.5042433886902091 0.4606625623977531
accel: 0.02134453
brake: 0.0
steer: 0.5648358791030225
linkid: A219BS010391
trafficlightid: C119BS010007
turn_signal_lamp: 0.0