position: 0.8826130617212394 0.7710509954039528 0.8167694292879308
orientation: 0.7780119645323911 0.5036355393616507 0.9999802712365206
enu_velocity: 0.25546508192828554 0.4758129538475937 0.6064461823530563
velocity: 0.5040622772558336 0.518000103881438 0.4284872065636611
angularVelocity: 0.4291224141881288 0.46887164531939174 0.5205851342162987
acceleration: 0.573871684060118 0.509102402957713 0.4592022629457894
accel: 0.02740171
brake: 0.0
steer: 0.5649171270718233
linkid: A219BS010391
trafficlightid: C119BS010007
turn_signal_lamp: 0.0