position: 0.18157772855974053 0.23050946639521097 0.9450446229166487
orientation: 0.8210440818380318 0.5348126030035631 0.5005100159370048
enu_velocity: 0.889094962760955 0.9993450965303194 0.5846044840603507
velocity: 0.999728033114708 0.5155105728513635 0.7234200587897268
angularVelocity: 0.39982778147735765 0.4801254091904599 0.5205175121711252
acceleration: 0.589632435481575 0.5122484513924733 0.45353175775080723
accel: 0.02790796
brake: 0.0
steer: 0.5652421189470264
linkid: A219BS010380
trafficlightid: null
turn_signal_lamp: 0.0