position: 0.8817619228024317 0.7713679642069069 0.8181072409695886
orientation: 0.7796659757426625 0.503639138517467 0.9999709548759886
enu_velocity: 0.25553224534283947 0.47582157691355953 0.6070400738522391
velocity: 0.5039800141282934 0.5177214295569899 0.4290581871801422
angularVelocity: 0.4340680902887878 0.46845723607909945 0.5207105069456998
acceleration: 0.5926575950219889 0.511551634775959 0.4585336588059294
accel: 0.03131384
brake: 0.0
steer: 0.5615859603509913
linkid: A219BS010391
trafficlightid: C119BS010007
turn_signal_lamp: 0.0