position: 0.8809105256758418 0.7716849330098619 0.8193136799820164
orientation: 0.7812650580248236 0.5033748321938144 0.9999523221549247
enu_velocity: 0.2555579856362345 0.47617436656735157 0.6072287259644947
velocity: 0.5041470332054205 0.5151142951988932 0.4294061993426921
angularVelocity: 0.42909715419649014 0.46606809940240534 0.5176265420716808
acceleration: 0.5940030282799325 0.45121814176916564 0.45856827553435575
accel: 0.02128099
brake: 0.0
steer: 0.5615859603509913
linkid: A219BS010391
trafficlightid: C119BS010007
turn_signal_lamp: 0.0