position: 0.8783578835427648 0.7726358394187285 0.82319574235776
orientation: 0.7851140581123486 0.5030487344227823 0.9998388817649179
enu_velocity: 0.2558363558290429 0.47642772532306366 0.6077365588511826
velocity: 0.5039311548161786 0.5131300501969949 0.4297442707920045
angularVelocity: 0.4322902022673558 0.4665875446206265 0.5161197341049025
acceleration: 0.5938632067033237 0.5102253175619735 0.45906996992885124
accel: 0.02138445
brake: 0.0
steer: 0.5589047773805655
linkid: A219BS010391
trafficlightid: C119BS010007
turn_signal_lamp: 0.0