position: 0.8775074331780424 0.7729528082216826 0.8245963209813834
orientation: 0.7867463868509975 0.5030720398475725 0.9998010683015821
enu_velocity: 0.25603955072789636 0.47636295015929175 0.6082355049092099
velocity: 0.5036312683239637 0.5130798426019544 0.43010074128073006
angularVelocity: 0.4330517083962698 0.4696361548877534 0.5161830526135109
acceleration: 0.5737032179090252 0.5105936124274029 0.4583453156739085
accel: 0.02749914
brake: 0.0
steer: 0.5589047773805655
linkid: A219BS010391
trafficlightid: C119BS010007
turn_signal_lamp: 0.0