position: 0.18250357559681352 0.2316920038523893 0.946028458239548
orientation: 0.8188827007917934 0.5361043079543195 0.500499658336178
enu_velocity: 0.8891411589166507 0.9993747255484486 0.5832585882222411
velocity: 0.9997916000768982 0.5154435145563865 0.7243611129762059
angularVelocity: 0.39728034345020735 0.4805605967557305 0.5204371540375551
acceleration: 0.5890832129913057 0.5138263310230292 0.45472732008955985
accel: 0.02691254
brake: 0.0
steer: 0.5652421189470264
linkid: A219BS010380
trafficlightid: null
turn_signal_lamp: 0.0