position: 0.87325767736299 0.7745437477903607 0.832092591457273
orientation: 0.789646778805037 0.5040857545555334 0.9994892442343649
enu_velocity: 0.25648992062954973 0.47716428227994684 0.6081351376049117
velocity: 0.503505879375016 0.5083161030892538 0.43137524535685856
angularVelocity: 0.4160930201869561 0.46960367060557856 0.5103401786998936
acceleration: 0.5941219701023966 0.4631933750959729 0.4586108473053888
accel: 0.0228201
brake: 0.0
steer: 0.5571985700357491
linkid: A219BS010391
trafficlightid: C119BS010007
turn_signal_lamp: 0.0