position: 0.8724082598293958 0.7748607165933166 0.8337311005818349
orientation: 0.7890291897383221 0.5045244952130514 0.9994092331380314
enu_velocity: 0.2567423800634439 0.47721736930691194 0.6084184209775116
velocity: 0.5032099813980758 0.5075927985429745 0.43195294031473697
angularVelocity: 0.41210581274329094 0.4726869491770302 0.509442375694974
acceleration: 0.5738500795894085 0.5021687210432028 0.4579731980489456
accel: 0.0292575
brake: 0.0
steer: 0.5574423139421515
linkid: A219BS010391
trafficlightid: C119BS010007
turn_signal_lamp: 0.0