position: 0.8698612121982624 0.7758177185560848 0.8387166933791093
orientation: 0.7870441594612801 0.5057490634355132 0.9991746800611089
enu_velocity: 0.25683068120237523 0.47741872402735597 0.6098685449532598
velocity: 0.5032112278090992 0.5082842584817516 0.4343255444066484
angularVelocity: 0.412839687409516 0.4715157952626222 0.5102098529370496
acceleration: 0.5737890420114843 0.5097524989765965 0.4583004414538158
accel: 0.02110708
brake: 0.0
steer: 0.5558986025349367
linkid: A219BS010391
trafficlightid: C119BS010007
turn_signal_lamp: 0.0