position: 0.86816444279333 0.7764577517158981 0.8425046053419045
orientation: 0.7844415401175233 0.507112751502594 0.9989921889989237
enu_velocity: 0.2571204725849682 0.4777823027305082 0.6121103776435398
velocity: 0.5030439594497673 0.5061734812948927 0.4378211002974366
angularVelocity: 0.4069191263347653 0.4737047138956079 0.5075935902690096
acceleration: 0.5931882869968949 0.5040701066733277 0.4614121353600865
accel: 0.02530315
brake: 0.0
steer: 0.5563860903477413
linkid: A219BS010391
trafficlightid: C119BS010007
turn_signal_lamp: 0.0