position: 0.8673159720216032 0.7767747205188531 0.8444328641869348
orientation: 0.7833827127532902 0.5076787098458933 0.9989017654996428
enu_velocity: 0.257075810618945 0.4779237046653035 0.6136333646377109
velocity: 0.5031823110733578 0.506339944232628 0.4398373210998614
angularVelocity: 0.40920499875497773 0.4729410841024196 0.5079129047493491
acceleration: 0.5907291706791249 0.5058981570757233 0.461726110023605
accel: 0.02128172
brake: 0.0
steer: 0.5566298342541437
linkid: A219BS010391
trafficlightid: C119BS010007
turn_signal_lamp: 0.0