position: 0.8664680176654403 0.7770977848757115 0.8465844565696554
orientation: 0.7826108167635282 0.5085291796747047 0.9988140821064008
enu_velocity: 0.2572955406731582 0.47787627780249137 0.6151093412059265
velocity: 0.5028709575997282 0.5066331089576717 0.4417970367954629
angularVelocity: 0.41186486363467717 0.47635701735422853 0.5083830809930538
acceleration: 0.5731740225651769 0.5081422478790844 0.46076958540809
accel: 0.02884709
brake: 0.0
steer: 0.5549236269093274
linkid: A219BS010391
trafficlightid: C119BS010007
turn_signal_lamp: 0.0