position: 0.8639253595666014 0.7780547868384797 0.8532713254334567
orientation: 0.7802615209632279 0.511046949526579 0.9985247269087019
enu_velocity: 0.2575289079689051 0.47839601164808654 0.6164965213002921
velocity: 0.5028677169310676 0.5048084208979067 0.44550422523912203
angularVelocity: 0.41490033433916856 0.4735530046616612 0.5066984546634817
acceleration: 0.5742420203149016 0.5041150673850643 0.4550887400253846
accel: 0.02111786
brake: 0.0
steer: 0.5557361065973352
linkid: A219BS010391
trafficlightid: C119BS010007
turn_signal_lamp: 0.0