position: 0.8622316886550533 0.778694819998293 0.8572249129291143
orientation: 0.7804490743427628 0.5120535015581137 0.9983362076132313
enu_velocity: 0.2576956232466556 0.47852609325457607 0.6141167811870685
velocity: 0.5027291160252725 0.5051302236860632 0.4439436204600806
angularVelocity: 0.4209553279878336 0.4698848351353667 0.5075181990512585
acceleration: 0.5938291907001813 0.5065367302148627 0.45443651145411956
accel: 0.02548997
brake: 0.0
steer: 0.5545986350341242
linkid: A219BS010391
trafficlightid: C119BS010007
turn_signal_lamp: 0.0