position: 0.8613848531992793 0.7790178843551514 0.8587926267819241
orientation: 0.7802835648093774 0.5119878971436813 0.9982331796261719
enu_velocity: 0.25772136354005065 0.47884772135481857 0.6124658687431564
velocity: 0.5028819260167335 0.5037036559376104 0.44252977200015
angularVelocity: 0.4166751796102449 0.46661532601334577 0.5057877212169013
acceleration: 0.5913534645181967 0.4948041325250849 0.45405897850968036
accel: 0.02157741
brake: 0.0
steer: 0.5549236269093274
linkid: A219BS010391
trafficlightid: C119BS010007
turn_signal_lamp: 0.0