position: 0.8596923872573806 0.7796579175149638 0.8617835445513915
orientation: 0.7799857921990948 0.5119730372627371 0.9980287677156762
enu_velocity: 0.25802990612975263 0.47890256568906575 0.6093994460723
velocity: 0.5025182232801239 0.5040716400317369 0.4392955522284201
angularVelocity: 0.41753819869943937 0.46707063762906686 0.5063382169218429
acceleration: 0.5931853637704141 0.5069666993378411 0.4540807625594239
accel: 0.03336227
brake: 0.0
steer: 0.5555736106597335
linkid: A219BS010391
trafficlightid: C119BS010007
turn_signal_lamp: 0.0