position: 0.8588463264249526 0.7799748863179197 0.862966628422623
orientation: 0.7798314852760478 0.5115960880525986 0.9979306719194866
enu_velocity: 0.2579487645426266 0.4790409842882426 0.6077212717105673
velocity: 0.5027044370870104 0.5045125531354439 0.4373911208502972
angularVelocity: 0.4168442934182881 0.4638599830999993 0.5067908617078356
acceleration: 0.5948025337674527 0.5087485661609693 0.45383423925273303
accel: 0.02359103
brake: 0.0
steer: 0.5542736431589211
linkid: A219BS010391
trafficlightid: C119BS010007
turn_signal_lamp: 0.0