position: 0.8537741788241577 0.7819071769051655 0.8683901301173302
orientation: 0.7764457673321908 0.509602191365618 0.9973146960819609
enu_velocity: 0.258556474118476 0.47967445269584225 0.5967877974327298
velocity: 0.5022963621179699 0.503594827764399 0.42492520485281204
angularVelocity: 0.41173952756471727 0.4665165187289221 0.5054321439872107
acceleration: 0.5932026024328247 0.495940095141242 0.45446916526441195
accel: 0.03313616
brake: 0.0
steer: 0.5547611309717257
linkid: A219BS010391
trafficlightid: C119BS010007
turn_signal_lamp: 0.0