position: 0.8512407301362109 0.7828702744218363 0.8705738358191961
orientation: 0.7749789481269271 0.509629630474316 0.9970078042056135
enu_velocity: 0.25876699903465383 0.47987586871770316 0.590423553435244
velocity: 0.5021470420773742 0.5044564606922708 0.418578146649936
angularVelocity: 0.41581146996398044 0.47261728094978434 0.506607247453055
acceleration: 0.5745861541073235 0.5077478539211854 0.4513567687597198
accel: 0.03012748
brake: 0.0
steer: 0.5544361390965227
linkid: A219BS010391
trafficlightid: C119BS010007
turn_signal_lamp: 0.0