position: 0.849552567657346 0.7835164031355522 0.8720984886304253
orientation: 0.7740086575218192 0.5108052002883885 0.9968033922951179
enu_velocity: 0.258823593587019 0.4802401421702459 0.5854037878715794
velocity: 0.5022883850874205 0.5036981085274824 0.41486546465422447
angularVelocity: 0.41330706227903724 0.47494440100539587 0.5056343209619216
acceleration: 0.5750524011184386 0.5022931558697336 0.45224764701887876
accel: 0.02021557
brake: 0.0
steer: 0.5550048748781281
linkid: A219BS010391
trafficlightid: C119BS010007
turn_signal_lamp: 0.0