position: 0.8487091749719989 0.7838394674924105 0.8730567792676411
orientation: 0.7735565779884896 0.5120166903902111 0.996700912329266
enu_velocity: 0.259028322675545 0.48021786932213506 0.5834258356446568
velocity: 0.5020131775334677 0.5040109718585537 0.41379413480479144
angularVelocity: 0.4147572562232947 0.4796141286013331 0.5060296017870187
acceleration: 0.5747949820990441 0.5072353834341803 0.4518940927503071
accel: 0.0305799
brake: 0.0
steer: 0.5553298667533313
linkid: A219BS010391
trafficlightid: C119BS010007
turn_signal_lamp: 0.0