position: 0.0009067224473512103 0.001158155241566483 0.33353404157799016
orientation: 0.36914960840372124 0.046642849995452956 0.5004923696541148
enu_velocity: 0.8808778428747714 0.9816535076364197 0.7216059091845105
velocity: 0.9751709938507205 0.5135325607357492 0.027609197426924872
angularVelocity: 0.8427603770026978 0.8974886254821466 0.5273025879029569
acceleration: 0.31364393122196194 0.4374430683817704 0.21182658573267196
accel: 0.5355678
brake: 0.0
steer: 0.55727981800455
linkid: A219BS010380
trafficlightid: null
turn_signal_lamp: 0.0