position: 0.8478657822866518 0.784162531849268 0.8739939043081475
orientation: 0.7730932958448217 0.5133947038101446 0.9966011724694533
enu_velocity: 0.2589490562091299 0.48036031338101637 0.5807898972377402
velocity: 0.5021991420581496 0.5044321863562331 0.4124644336104234
angularVelocity: 0.4140315585422491 0.48012764985665113 0.5065028420694299
acceleration: 0.5946075073632573 0.5087146526841406 0.45120807806889446
accel: 0.02443115
brake: 0.0
steer: 0.5548423789405266
linkid: A219BS010391
trafficlightid: C119BS010007
turn_signal_lamp: 0.0