position: 0.8470223896013047 0.7844855962061272 0.874917162233569
orientation: 0.7724316190858077 0.5149354632163424 0.9965047207368869
enu_velocity: 0.25899064979580794 0.48040526775335013 0.5786763077686502
velocity: 0.5021727181444549 0.5049656140073165 0.4116524342975534
angularVelocity: 0.4117868957864697 0.48270346951923193 0.5069867717813735
acceleration: 0.5753677441750525 0.5102216596997484 0.4519555088852938
accel: 0.02030254
brake: 0.0
steer: 0.5551673708157296
linkid: A219BS010391
trafficlightid: C119BS010007
turn_signal_lamp: 0.0