position: 0.8428590473239695 0.7860887268826113 0.8937275389228025
orientation: 0.7613591035772391 0.5517867919961617 0.9960602755373911
enu_velocity: 0.27046519528785584 0.47372159471140424 0.5606996609181153
velocity: 0.4835346355480894 0.504138014617249 0.4143896184074105
angularVelocity: 0.39106934219600514 0.6197956225628274 0.5094659757342016
acceleration: 0.27107787125166616 0.5022316964195298 0.4249112965517176
accel: 0.0
brake: 0.2317742
steer: 0.5556548586285344
linkid: A219BS010391
trafficlightid: C119BS010007
turn_signal_lamp: 0.0