position: 0.8420583449919168 0.7863996001316629 0.9036242800047876
orientation: 0.7585027993154988 0.5719171199227313 0.9959890327803819
enu_velocity: 0.27525459451452194 0.4707353983601054 0.5505021507023018
velocity: 0.47564011740847834 0.5039600911541952 0.41598571327669454
angularVelocity: 0.392484628468898 0.6527693379351239 0.5099256311200826
acceleration: 0.24485500720529646 0.5047636459434861 0.4179609474232784
accel: 0.0
brake: 0.2489769
steer: 0.5557361065973352
linkid: A219BS010391
trafficlightid: C119BS010007
turn_signal_lamp: 0.0