position: 0.8405003192351914 0.7869969644141568 0.9263429936036107
orientation: 0.7535732893921181 0.6204340966774589 0.9958575076905187
enu_velocity: 0.2858181722721128 0.4640758372087749 0.5262955963878901
velocity: 0.4581866238486922 0.503766762144544 0.4190851230250462
angularVelocity: 0.3977600040697503 0.6940255593688707 0.5108650316731366
acceleration: 0.20445228708215563 0.5067954180979485 0.4093942243483591
accel: 0.0
brake: 0.2670372
steer: 0.5556548586285344
linkid: A219BS010391
trafficlightid: C119BS010007
turn_signal_lamp: 0.0