position: 0.8397444589879499 0.7872956465554024 0.938023483594473
orientation: 0.7514447934278404 0.6468415661587555 0.9957972253576648
enu_velocity: 0.291380121231668 0.46054802240607656 0.5136842798823205
velocity: 0.44898437126339613 0.5037006348957891 0.42032989216070116
angularVelocity: 0.3988120115773687 0.7016290897983724 0.5112719042822073
acceleration: 0.19427116122888172 0.5072731726492559 0.4083514747808038
accel: 0.0
brake: 0.2729042
steer: 0.5556548586285344
linkid: A219BS010391
trafficlightid: C119BS010007
turn_signal_lamp: 0.0