position: 0.839004349415412 0.787582137588843 0.9492324916724326
orientation: 0.749404472848161 0.6734232917978873 0.9957385870884342
enu_velocity: 0.2970574753477028 0.45694221176737915 0.5012016518370331
velocity: 0.4395894235338922 0.503606523259637 0.42084218768938586
angularVelocity: 0.3998473767131488 0.7013142851611613 0.5116092261874364
acceleration: 0.18676113357241875 0.5075525081212521 0.4075350261534232
accel: 0.0
brake: 0.2773978
steer: 0.5560610984725383
linkid: A219BS010391
trafficlightid: C119BS010007
turn_signal_lamp: 0.0