position: 0.8382805069331415 0.7878625330683793 0.9595926863375344
orientation: 0.7474747328737564 0.6994202437048982 0.9956826889252423
enu_velocity: 0.30281273220599947 0.45326418805966917 0.48977223866036174
velocity: 0.4300528835121371 0.5036284302295692 0.42095886027106755
angularVelocity: 0.4009918907164941 0.6947193413230113 0.5120568534860975
acceleration: 0.1811872867053334 0.5101886791005342 0.4089918126132797
accel: 0.0
brake: 0.2808752
steer: 0.5561423464413391
linkid: A219BS010391
trafficlightid: C119BS010007
turn_signal_lamp: 0.0