position: 0.8342836226059502 0.7894168993136406 0.9957916954956691
orientation: 0.7409790257501756 0.8188434408556782 0.9953905936215046
enu_velocity: 0.3382424561762982 0.4304344983122699 0.4671737604803986
velocity: 0.3712255238792977 0.5042229394595585 0.42353472578891327
angularVelocity: 0.41583750259618707 0.5918973566950568 0.5142884632794792
acceleration: 0.16447647982631158 0.5141759130999953 0.4379599232644205
accel: 0.0
brake: 0.2894948
steer: 0.5564673383165422
linkid: A219BS010391
trafficlightid: C119BS010007
turn_signal_lamp: 0.0