position: 0.8325108540438424 0.790111792458581 0.9997007622534209
orientation: 0.7432506260271619 0.8525999588912262 0.9952777012527054
enu_velocity: 0.3559744499461244 0.4186548180563733 0.47118414388691215
velocity: 0.34157864056041165 0.5066380786598023 0.415102210587906
angularVelocity: 0.4309217219480793 0.5556625578226317 0.5175992562616208
acceleration: 0.16476393043025478 0.5228752438830541 0.43047219289427774
accel: 0.0
brake: 0.2926026
steer: 0.5562235944101398
linkid: A219BS010391
trafficlightid: C119BS010007
turn_signal_lamp: 0.0