position: 0.8308879320645686 0.7907457300644909 0.9997547710174375
orientation: 0.7459746672120049 0.8789308126794053 0.9952009782836185
enu_velocity: 0.37364303054281855 0.40715888162512515 0.4721379968298258
velocity: 0.31218527724367234 0.5067621675109389 0.3968664953492286
angularVelocity: 0.42596387484599785 0.5416261285339339 0.5180351033726339
acceleration: 0.1685128161404732 0.5210022358375983 0.42853139595555856
accel: 0.0
brake: 0.2980577
steer: 0.5568735781605461
linkid: A219BS010391
trafficlightid: C119BS010007
turn_signal_lamp: 0.0