position: 0.8298889261559226 0.7911358455142814 0.9990358705774851
orientation: 0.7474306451814573 0.8951156105864498 0.9951593286718285
enu_velocity: 0.3855229430394582 0.3993146501599661 0.47108953057975694
velocity: 0.2923586170954528 0.5075747694600585 0.3805578832907946
angularVelocity: 0.42333408174919707 0.5394105936546485 0.5186520916923002
acceleration: 0.16510885592984864 0.5184327533330428 0.42507802452478793
accel: 0.0
brake: 0.2988863
steer: 0.5568735781605461
linkid: A219BS010391
trafficlightid: C119BS010007
turn_signal_lamp: 0.0