position: 0.8294145984603466 0.7913248076852728 0.9985797154759926
orientation: 0.7479156097967478 0.9030964713448754 0.9951417919931802
enu_velocity: 0.39150386215203514 0.39537820011275376 0.4709880950607006
velocity: 0.28238433752230185 0.5078524332371841 0.3722867738810376
angularVelocity: 0.4226880509606179 0.538800236184142 0.519018540805608
acceleration: 0.16244491354786056 0.5166364560593163 0.4277203384749607
accel: 0.0
brake: 0.2991659
steer: 0.5562235944101398
linkid: A219BS010391
trafficlightid: C119BS010007
turn_signal_lamp: 0.0