position: 0.8289570542706023 0.7915015787484609 0.9981016649296282
orientation: 0.7485111550173131 0.9109943020730851 0.9951264473993627
enu_velocity: 0.3975021687475677 0.3914426082853769 0.4715578395203913
velocity: 0.2723876225507309 0.5080178856275968 0.364341964023338
angularVelocity: 0.42398969787076324 0.5381847879200488 0.5193837246395019
acceleration: 0.16269909722544695 0.5177224501907797 0.4279028900204466
accel: 0.0
brake: 0.2987847
steer: 0.5568735781605461
linkid: A219BS010391
trafficlightid: C119BS010007
turn_signal_lamp: 0.0