position: 0.82851637965595 0.7916783498116473 0.9976009890902298
orientation: 0.7494265166943106 0.91877774378971 0.9951111028055454
enu_velocity: 0.4034979354068646 0.3875107762782316 0.4725628590525635
velocity: 0.2623961425054579 0.5081586538096309 0.3565086819922235
angularVelocity: 0.42806606153355387 0.5371038905493719 0.5195821841122353
acceleration: 0.16222072339197802 0.524362755597726 0.42865079633917286
accel: 0.0
brake: 0.2989993
steer: 0.5570360740981476
linkid: A219BS010391
trafficlightid: C119BS010007
turn_signal_lamp: 0.0