position: 0.1880600349274224 0.23881161081107471 0.9503776234392196
orientation: 0.8172503720531443 0.5465741453180897 0.5004374031269762
enu_velocity: 0.8892800883147762 0.9990005825677979 0.5547996325341231
velocity: 0.9994954528177534 0.51395950107936 0.7146066573130949
angularVelocity: 0.439188425232299 0.49001231828645325 0.5202525898316156
acceleration: 0.595055035067299 0.5067933283293451 0.44054013565652006
accel: 0.03132298
brake: 0.0
steer: 0.5652421189470264
linkid: A219BS010380
trafficlightid: null
turn_signal_lamp: 0.0