position: 0.82809257461639 0.7918429297670269 0.9970798775022844
orientation: 0.7507831166688264 0.926358064831558 0.9950984983177669
enu_velocity: 0.4094929008782213 0.38355744790758856 0.4749306154119871
velocity: 0.2523921983499515 0.5084496278376813 0.3496161053506325
angularVelocity: 0.4310368568675698 0.5350931704852996 0.519880216910142
acceleration: 0.16226967221039312 0.5190773917110142 0.43193017208572343
accel: 0.0
brake: 0.298748
steer: 0.5570360740981476
linkid: A219BS010391
trafficlightid: C119BS010007
turn_signal_lamp: 0.0