position: 0.8276857252211828 0.7920014141685048 0.9965689837886127
orientation: 0.752360155104838 0.9337035498651991 0.9950886339360271
enu_velocity: 0.4155305509155789 0.3795790881250778 0.47821901131427935
velocity: 0.24231820589493358 0.5087035331525773 0.3431773135484073
angularVelocity: 0.43244689912947887 0.533121312535649 0.5202136388593089
acceleration: 0.15828936440377978 0.5181484051782073 0.4335683332625646
accel: 0.0
brake: 0.2981632
steer: 0.5569548261293469
linkid: A219BS010391
trafficlightid: C119BS010007
turn_signal_lamp: 0.0