position: 0.8272952289855037 0.7921538030160802 0.9961223167132311
orientation: 0.755315837361515 0.9408202568756704 0.995061232875639
enu_velocity: 0.42147476880187806 0.37536643432748573 0.4825775070596428
velocity: 0.23222638976228197 0.5112857730660518 0.33716231004735786
angularVelocity: 0.4466278217158664 0.5306699161704039 0.5171890122183749
acceleration: 0.15899550630054265 0.5330853484819565 0.4348561971232269
accel: 0.0
brake: 0.296953
steer: 0.5571173220669484
linkid: A219BS010391
trafficlightid: C119BS010007
turn_signal_lamp: 0.0