position: 0.8265645009623792 0.7924402940495208 0.995186651369049
orientation: 0.7604108568182808 0.9537561930424682 0.9950025946064082
enu_velocity: 0.43334588527772844 0.36744351227693695 0.49303527568288996
velocity: 0.2123572768546076 0.5127138513354154 0.3264295661227469
angularVelocity: 0.4375922569175237 0.5217813905681935 0.5172930298870698
acceleration: 0.16969192694674318 0.5212438189186354 0.4390245554808641
accel: 0.0
brake: 0.2988004
steer: 0.5575235619109523
linkid: A219BS010391
trafficlightid: C119BS010007
turn_signal_lamp: 0.0