position: 0.8259000462699738 0.7927024028673477 0.9941028268479026
orientation: 0.7631677830850847 0.9644620780114528 0.9949494365492553
enu_velocity: 0.44516777131164187 0.35953532300023033 0.5053864145703775
velocity: 0.19255903487772016 0.5141934851851466 0.3160079490826204
angularVelocity: 0.4268364308442705 0.51261057687654 0.5179494748941691
acceleration: 0.1648623609469122 0.5242771916946888 0.43921456557455396
accel: 0.0
brake: 0.3001813
steer: 0.5584172895677609
linkid: A219BS010391
trafficlightid: C119BS010007
turn_signal_lamp: 0.0