position: 0.8253024673931125 0.7929340339156612 0.9931686212000457
orientation: 0.763685994156863 0.9733085179260764 0.9949044988102186
enu_velocity: 0.4570648496860622 0.35160353267804845 0.5185978613083817
velocity: 0.17265026117128318 0.5153929695233415 0.30503008809739107
angularVelocity: 0.41651510225438926 0.5050589151805672 0.5183609891748205
acceleration: 0.164247493751984 0.5158706961046836 0.4399110254040697
accel: 0.0
brake: 0.3006719
steer: 0.5578485537861554
linkid: A219BS010391
trafficlightid: C119BS010007
turn_signal_lamp: 0.0