position: 0.824771764331795 0.7931412827483619 0.9925796337329982
orientation: 0.7624179309414725 0.9805599260156103 0.9948628491984287
enu_velocity: 0.4689645020898221 0.3436858825493462 0.5320454283909221
velocity: 0.15274679717580564 0.5164151240067 0.2932900185647179
angularVelocity: 0.41050121805638057 0.4983352997419828 0.5188981984543164
acceleration: 0.1644730541702794 0.5219005294694198 0.43938740033336054
accel: 0.0
brake: 0.3013875
steer: 0.5584985375365616
linkid: A219BS010391
trafficlightid: C119BS010007
turn_signal_lamp: 0.0