position: 0.8245316310945138 0.7932327160569077 0.9924351237968454
orientation: 0.7614913666541365 0.9836473602722186 0.9948447644985725
enu_velocity: 0.4749151806192979 0.3397293869388341 0.5384968440986341
velocity: 0.1427959002734525 0.5168782055506255 0.28684608200739625
angularVelocity: 0.409075053616283 0.4953808648541291 0.5192126104727256
acceleration: 0.16454780959747017 0.5208546662599648 0.43901903710937845
accel: 0.0
brake: 0.3017307
steer: 0.5586610334741632
linkid: A219BS010391
trafficlightid: C119BS010007
turn_signal_lamp: 0.0