position: 0.8243081092245427 0.7933241493654526 0.9924000910850508
orientation: 0.7604657857463912 0.9864105141533059 0.9948283238623397
enu_velocity: 0.4808826329558602 0.3357614688309881 0.5448659982933698
velocity: 0.13281690926663334 0.5173302929756891 0.28010723762403
angularVelocity: 0.4081804238124763 0.49259295627761174 0.5194101358598728
acceleration: 0.16209717139775137 0.5209866883888038 0.43880593573212334
accel: 0.0
brake: 0.3021061
steer: 0.5589860253493664
linkid: A219BS010391
trafficlightid: C119BS010007
turn_signal_lamp: 0.0