position: 0.8239114160020952 0.7934765382130271 0.9926840020202199
orientation: 0.758083966238657 0.9911418004673628 0.9947976346747048
enu_velocity: 0.4928235550618117 0.32783370396851075 0.5560812927588863
velocity: 0.1128579799806173 0.5181067537244941 0.2647273846593867
angularVelocity: 0.4057665072553627 0.48786498211589874 0.519786879746595
acceleration: 0.16409760226915454 0.5207928431716121 0.43598989645022407
accel: 0.0
brake: 0.3020382
steer: 0.559473513162171
linkid: A219BS010391
trafficlightid: C119BS010007
turn_signal_lamp: 0.0