position: 0.8234420803236384 0.793659404830116 0.9936758656729054
orientation: 0.7529557003254033 0.9960680113587931 0.9947620132962003
enu_velocity: 0.5106986375884311 0.31594129040708435 0.5705861025080425
velocity: 0.08296884421523551 0.5193733387582529 0.23855296350973448
angularVelocity: 0.4002851043695884 0.48058566712161155 0.520480108092146
acceleration: 0.1640036631681837 0.5247700901638489 0.4329520249958374
accel: 0.0
brake: 0.3028134
steer: 0.5600422489437765
linkid: A219BS010391
trafficlightid: C119BS010007
turn_signal_lamp: 0.0