position: 0.8231231937128402 0.7937874114620795 0.9951399410866564
orientation: 0.7476619248787642 0.9988261763110261 0.9947379003630588
enu_velocity: 0.5285216769920473 0.3039242796725933 0.5810066173660122
velocity: 0.05307851189527131 0.5217636326278877 0.20759385908079794
angularVelocity: 0.40230000179772807 0.4749832595347517 0.5210889474570908
acceleration: 0.16382994434450832 0.5250843256921246 0.42908636601242955
accel: 0.0
brake: 0.3035795
steer: 0.5605297367565811
linkid: A219BS010391
trafficlightid: C119BS010007
turn_signal_lamp: 0.0