position: 0.8229285911144557 0.7938605581089151 0.9961807045662221
orientation: 0.7411445352835608 0.9979431359038383 0.9947192676419948
enu_velocity: 0.5506242038194845 0.2892268604009399 0.5883022405041543
velocity: 0.016137803272539143 0.5231045188602228 0.16359101289763944
angularVelocity: 0.40264388039983 0.4448987846268072 0.5216494416458786
acceleration: 0.2904325233306207 0.5179609796319675 0.4358028920401388
accel: 0.0
brake: 0.2260897
steer: 0.5604484887877804
linkid: A219BS010391
trafficlightid: C119BS010007
turn_signal_lamp: 0.0