position: 0.822909741946368 0.7938666536628185 0.9910272466915984
orientation: 0.7381335627242465 0.9862950560855381 0.9947110473238784
enu_velocity: 0.5579449650366697 0.2843986565998843 0.5922767085556462
velocity: 0.003924219909885754 0.5232474132550241 0.15058836814472285
angularVelocity: 0.4043406832361094 0.39623969607245274 0.5220016312783416
acceleration: 0.42949634482501364 0.5164620538466779 0.44946409297454065
accel: 0.0
brake: 1.0
steer: 0.5605297367565811
linkid: A219BS010391
trafficlightid: C119BS010007
turn_signal_lamp: 0.0