position: 0.8229108608467568 0.7938666536628185 0.9764149566324223
orientation: 0.735431565385553 0.9563247786982428 0.9947000868997231
enu_velocity: 0.5594365874234972 0.28343019883523224 0.6002241455673306
velocity: 0.001437723399155456 0.5231898277811826 0.15499393529293276
angularVelocity: 0.406030471108024 0.30620130360166475 0.5220394121646699
acceleration: 0.5603594122183254 0.5159730212714508 0.46860404285118834
accel: 0.0
brake: 1.0
steer: 0.560610984725382
linkid: A219BS010391
trafficlightid: C119BS010007
turn_signal_lamp: 0.0