position: 0.19084024418572237 0.24236531873651312 0.949197458960638
orientation: 0.8278046764899345 0.5531216868167127 0.5004061659181337
enu_velocity: 0.8895477191798767 0.9991364673750796 0.5326149215059638
velocity: 0.9998349751805102 0.5128094240251266 0.7046214724637883
angularVelocity: 0.4611415343647193 0.4905187518664749 0.520513653862191
acceleration: 0.5903499421825388 0.5085158515546222 0.43865447472339364
accel: 0.02583347
brake: 0.0
steer: 0.565404614884628
linkid: A219BS010380
trafficlightid: null
turn_signal_lamp: 0.0