position: 0.8229190374265208 0.7938605581089151 0.9440841427349456
orientation: 0.7326746391187492 0.8883178386705843 0.9946748779241659
enu_velocity: 0.5599262624122338 0.28315277988643306 0.6223222593873187
velocity: 0.000628695952226232 0.5229440190350368 0.17564615944032042
angularVelocity: 0.41193562527085453 0.25904804310970053 0.5219659174778023
acceleration: 0.5817577071551296 0.5151465814638446 0.47626346454812096
accel: 0.0
brake: 1.0
steer: 0.5603672408189796
linkid: A219BS010391
trafficlightid: C119BS010007
turn_signal_lamp: 0.0