position: 0.8229390054949973 0.7938483670011092 0.8918678858050373
orientation: 0.7330497458778188 0.7504338229990759 0.994618979760974
enu_velocity: 0.5594321159424638 0.2835745309777515 0.6405003392255102
velocity: 0.0015036366054559656 0.5222844319708199 0.19461725202062435
angularVelocity: 0.4209669294537087 0.3909183110467711 0.52193704124325
acceleration: 0.5938804118704311 0.5160246759938062 0.4464626300494889
accel: 0.0
brake: 1.0
steer: 0.5604484887877804
linkid: A219BS010391
trafficlightid: C119BS010007
turn_signal_lamp: 0.0