position: 0.822942792542467 0.7938483670011092 0.8927064813436212
orientation: 0.7348804692318138 0.7324284224123209 0.9946047312095723
enu_velocity: 0.5589115489605099 0.2838752432389135 0.5807084768316786
velocity: 0.0023925007915862927 0.5223508496282617 0.13733940298169078
angularVelocity: 0.41883108355954746 0.48018861390238365 0.5220001647044754
acceleration: 0.5897862893065483 0.5167802416521263 0.43377876292106016
accel: 0.0
brake: 1.0
steer: 0.5608547286317843
linkid: A219BS010391
trafficlightid: C119BS010007
turn_signal_lamp: 0.0