position: 0.19269486461473131 0.2447364892047741 0.9474991022867603
orientation: 0.838799857849716 0.5584277690051818 0.5003875879991906
enu_velocity: 0.8896234058703893 0.9989954741163964 0.5247644227394377
velocity: 0.9997375058384854 0.5120219267568727 0.7061393496157565
angularVelocity: 0.467836503135888 0.4928244619084955 0.5205231603149673
acceleration: 0.5709611096689522 0.510215319814382 0.4530567659130671
accel: 0.02446587
brake: 0.0
steer: 0.5654858628534287
linkid: A219BS010380
trafficlightid: null
turn_signal_lamp: 0.0