position: 0.8229408990187322 0.7938483670011092 0.894777790428479
orientation: 0.7349906884625617 0.7473068336636953 0.99460527923078
enu_velocity: 0.558795344450299 0.2839108013300773 0.5390344074666595
velocity: 0.0025935730144255784 0.5224867592770276 0.09701020841490096
angularVelocity: 0.41713021288542623 0.4940925570805231 0.5220540146393621
acceleration: 0.5867532603490971 0.5166775981101864 0.4479314805917921
accel: 0.0
brake: 1.0
steer: 0.5606922326941828
linkid: A219BS010391
trafficlightid: C119BS010007
turn_signal_lamp: 0.0