position: 0.8229400383261254 0.7938483670011092 0.8939807962351514
orientation: 0.7348804692318138 0.7527130507813089 0.9946058272519878
enu_velocity: 0.5587988485906508 0.28390288758280546 0.5346502925202884
velocity: 0.002588052111582369 0.522511071923939 0.09274298285924562
angularVelocity: 0.4169738973711479 0.4920554473463163 0.5220571786311758
acceleration: 0.5862355434651043 0.516635004115095 0.4540601982765188
accel: 0.0
brake: 1.0
steer: 0.5607734806629835
linkid: A219BS010391
trafficlightid: C119BS010007
turn_signal_lamp: 0.0