position: 0.8229396940490827 0.7938483670011092 0.8933808610456679
orientation: 0.7348031350830269 0.755175443522902 0.9946058272519878
enu_velocity: 0.5588047518456728 0.28389703023242846 0.5343262733613631
velocity: 0.0025774416887511275 0.5225247373327805 0.09241725010224111
angularVelocity: 0.4169382675485989 0.490396436587892 0.5220571024764274
acceleration: 0.5860297923976319 0.516646013298416 0.4571296833202213
accel: 0.0
brake: 1.0
steer: 0.5607734806629835
linkid: A219BS010391
trafficlightid: C119BS010007
turn_signal_lamp: 0.0