position: 0.8229390054949973 0.7938483670011092 0.8919598466734979
orientation: 0.7346267843138303 0.7594598643524497 0.9946058272519878
enu_velocity: 0.5588223694911724 0.2838846072346706 0.5371673206714277
velocity: 0.0025456442478525763 0.5225430140704581 0.09514742339328863
angularVelocity: 0.4167515157333717 0.4865192774371368 0.522056513467045
acceleration: 0.5857673244941257 0.5165544276396908 0.4627715837901098
accel: 0.0
brake: 1.0
steer: 0.5606922326941828
linkid: A219BS010391
trafficlightid: C119BS010007
turn_signal_lamp: 0.0