position: 0.8229380587331299 0.7938483670011092 0.8898352586727858
orientation: 0.7343730993958468 0.7641042007636195 0.9946058272519878
enu_velocity: 0.5588551789555544 0.28386810464805734 0.5480264777225159
velocity: 0.0024857556938744675 0.5225498807395157 0.10564461601379144
angularVelocity: 0.41691334759530924 0.48013858072259874 0.5220535992588398
acceleration: 0.5856309038327001 0.5164522307919273 0.4681510640676569
accel: 0.0
brake: 1.0
steer: 0.560610984725382
linkid: A219BS010391
trafficlightid: C119BS010007
turn_signal_lamp: 0.0