position: 0.8229379726638693 0.7938483670011092 0.889253569687362
orientation: 0.7342957652470599 0.7651718315384116 0.99460527923078
enu_velocity: 0.5588665317886657 0.2838634603893744 0.5528584888333856
velocity: 0.0024647731370714262 0.5225486299752009 0.11032115479696095
angularVelocity: 0.4168832918772144 0.4781152197161417 0.522051784435655
acceleration: 0.5856333969490346 0.516447250209744 0.46957346805157124
accel: 0.0
brake: 1.0
steer: 0.560610984725382
linkid: A219BS010391
trafficlightid: C119BS010007
turn_signal_lamp: 0.0