position: 0.8229374562483052 0.7938483670011092 0.888169015318053
orientation: 0.7340973706317138 0.7670433925628468 0.9946036351671567
enu_velocity: 0.5588981356697565 0.2838517831233522 0.5683110411575067
velocity: 0.002405447287813913 0.5225439406999525 0.1252836983638807
angularVelocity: 0.4171444864636815 0.4724116157569383 0.5220454699377642
acceleration: 0.585728898910413 0.5164291155859914 0.4698818464184736
accel: 0.0
brake: 1.0
steer: 0.560610984725382
linkid: A219BS010391
trafficlightid: C119BS010007
turn_signal_lamp: 0.0