position: 0.8229374562483052 0.7938483670011092 0.8880558888528829
orientation: 0.7339979926367771 0.767315289185399 0.9946025391247413
enu_velocity: 0.5589164975302103 0.28384603316843937 0.5780493303370657
velocity: 0.002370956786444967 0.5225365066227067 0.1347163051240889
angularVelocity: 0.4171522300816513 0.4693028097237026 0.5220408832007285
acceleration: 0.5858447397529113 0.5164508629163964 0.4685985721889663
accel: 0.0
brake: 1.0
steer: 0.560610984725382
linkid: A219BS010391
trafficlightid: C119BS010007
turn_signal_lamp: 0.0