position: 0.8229374562483052 0.7938483670011092 0.8887368371883912
orientation: 0.7339430637086668 0.7666243225390966 0.9945997990187023
enu_velocity: 0.5589385038258429 0.283842183926319 0.5896436309894307
velocity: 0.002331470001618178 0.5225042040711984 0.14595065918264666
angularVelocity: 0.4176907265537056 0.4659265936245339 0.5220378867890252
acceleration: 0.5860582121729545 0.5162723059016171 0.4650959107276983
accel: 0.0
brake: 1.0
steer: 0.5604484887877804
linkid: A219BS010391
trafficlightid: C119BS010007
turn_signal_lamp: 0.0