position: 0.19454896862817622 0.24710765967303416 0.9457569547231395
orientation: 0.8490780721478461 0.5645192511361216 0.5003702705290252
enu_velocity: 0.8895511284902602 0.9986812021861722 0.5177499321818277
velocity: 0.999349622728023 0.5118305269739284 0.7095500606470706
angularVelocity: 0.46628139186990875 0.4965462801535412 0.5206849147855137
acceleration: 0.5944042213217399 0.5125083207159591 0.44544811005318474
accel: 0.03536784
brake: 0.0
steer: 0.5655671108222295
linkid: A219BS010380
trafficlightid: null
turn_signal_lamp: 0.0