position: 0.8229375423175659 0.7938483670011092 0.8901228188487669
orientation: 0.7340420803290764 0.7650848816355247 0.9945970589126636
enu_velocity: 0.5589520942626591 0.28384075874193965 0.5959905142529471
velocity: 0.0023083131555695865 0.5224736755337483 0.15210044654730254
angularVelocity: 0.4179778041784555 0.464057946854266 0.5220340802415215
acceleration: 0.5862981441318131 0.5164032974308428 0.46054206470107684
accel: 0.0
brake: 1.0
steer: 0.5605297367565811
linkid: A219BS010391
trafficlightid: C119BS010007
turn_signal_lamp: 0.0