position: 0.8229378865946085 0.7938483670011092 0.89173432359132
orientation: 0.7342075898624616 0.7631869505585747 0.9945943188066247
enu_velocity: 0.5589574461980991 0.28384010822356465 0.5968523660777362
velocity: 0.0023004521658865035 0.5224555478429673 0.15293251040504918
angularVelocity: 0.4181367149235526 0.46356351248983185 0.5220330328162511
acceleration: 0.586507230798627 0.5164113025027511 0.4562152414557878
accel: 0.0
brake: 1.0
steer: 0.5605297367565811
linkid: A219BS010391
trafficlightid: C119BS010007
turn_signal_lamp: 0.0