position: 0.8229381448023906 0.7938483670011092 0.892716699217895
orientation: 0.734262880165099 0.7619443509218257 0.9945937707854171
enu_velocity: 0.5589560450908573 0.28383903577571123 0.5948512856548094
velocity: 0.002303196862672773 0.522462348013771 0.15098951952347361
angularVelocity: 0.4178869396586841 0.4639244461700562 0.5221533874038657
acceleration: 0.5866436601383813 0.5164675938232455 0.4539361526009421
accel: 0.0
brake: 1.0
steer: 0.560610984725382
linkid: A219BS010391
trafficlightid: C119BS010007
turn_signal_lamp: 0.0