position: 0.8229384030101726 0.7938483670011092 0.8935063949295992
orientation: 0.7343290117035477 0.7608417976450543 0.9945932227642093
enu_velocity: 0.5589516161409709 0.2838398528214284 0.5913907725275271
velocity: 0.0023120444863937092 0.522463842952466 0.14763442416674588
angularVelocity: 0.41789034922206186 0.46470940710538555 0.5221539079751175
acceleration: 0.5867369195130696 0.5163691609839896 0.4524538687203279
accel: 0.0
brake: 1.0
steer: 0.560610984725382
linkid: A219BS010391
trafficlightid: C119BS010007
turn_signal_lamp: 0.0