position: 0.1954762788426807 0.2482901971302125 0.9446512347571214
orientation: 0.8547245491328781 0.5676954170559219 0.5003623242215126
enu_velocity: 0.8896448845258049 0.9988025789914732 0.5135309057868694
velocity: 0.9995448106942775 0.511705512376643 0.7110381156593264
angularVelocity: 0.4712692074811497 0.4973508657396403 0.5207105119036911
acceleration: 0.5938956552785173 0.5118980162234782 0.44805763819743594
accel: 0.02921459
brake: 0.0
steer: 0.5655671108222295
linkid: A219BS010380
trafficlightid: null
turn_signal_lamp: 0.0