position: 0.8229384890794333 0.7938483670011092 0.8938100117651524
orientation: 0.7343510555496973 0.7603678494039084 0.9945932227642093
enu_velocity: 0.5589488272739376 0.2838401379567952 0.5892880321706788
velocity: 0.00231741380072826 0.5224668369462461 0.14559548796258107
angularVelocity: 0.41784900465152575 0.46518501270368107 0.5221540569320207
acceleration: 0.5867539128985084 0.5164864652346587 0.4519517287213107
accel: 0.0
brake: 1.0
steer: 0.560610984725382
linkid: A219BS010391
trafficlightid: C119BS010007
turn_signal_lamp: 0.0