position: 0.822938575148694 0.7938483670011092 0.8940501318105782
orientation: 0.7343730993958468 0.7599562627734395 0.9945932227642093
enu_velocity: 0.5589454741148961 0.2838403849892447 0.5870702836837287
velocity: 0.002323569126782348 0.5224724512521335 0.14344525064985233
angularVelocity: 0.4177656614816875 0.46574631715142134 0.5221540683423421
acceleration: 0.5867782969465225 0.5164915092793705 0.45153456051101076
accel: 0.0
brake: 1.0
steer: 0.560610984725382
linkid: A219BS010391
trafficlightid: C119BS010007
turn_signal_lamp: 0.0