position: 0.822938575148694 0.7938483670011092 0.8942223759769019
orientation: 0.7343839406316581 0.7596102449221969 0.9945932227642093
enu_velocity: 0.55894206462041 0.28384102355997354 0.584807042712971
velocity: 0.002330057892713399 0.5224751886834953 0.14125140238176
angularVelocity: 0.4177335115634076 0.4663438831067751 0.5221543300330628
acceleration: 0.5868055855702233 0.5165164774111665 0.45178097726701305
accel: 0.0
brake: 1.0
steer: 0.560610984725382
linkid: A219BS010391
trafficlightid: C119BS010007
turn_signal_lamp: 0.0