position: 0.822938575148694 0.7938483670011092 0.8943274741122855
orientation: 0.7344059844778077 0.7593340720749125 0.9945926747430015
enu_velocity: 0.5589385510993407 0.28384168344111826 0.5824799530200945
velocity: 0.0023367389175447994 0.522478016475808 0.13899566358184826
angularVelocity: 0.4177014465208416 0.46695850859824284 0.5221546053295035
acceleration: 0.5868122213704603 0.5165097878808151 0.4516228401420019
accel: 0.0
brake: 1.0
steer: 0.560610984725382
linkid: A219BS010391
trafficlightid: C119BS010007
turn_signal_lamp: 0.0