position: 0.822938575148694 0.7938483670011092 0.894358127735106
orientation: 0.7344059844778077 0.758995537616951 0.9945926747430015
enu_velocity: 0.5589314987515958 0.28384320323401757 0.5781295143069862
velocity: 0.002350012115551391 0.5224835437491906 0.13477933125159683
angularVelocity: 0.41763934630018007 0.4682011196877838 0.5221551734667337
acceleration: 0.5868031651539224 0.5164480288526158 0.4519853383071831
accel: 0.0
brake: 1.0
steer: 0.560610984725382
linkid: A219BS010391
trafficlightid: C119BS010007
turn_signal_lamp: 0.0