position: 0.822938575148694 0.7938483670011092 0.8942873324633542
orientation: 0.7344059844778077 0.7589260489650538 0.9945926747430015
enu_velocity: 0.5589283486578994 0.28384391889536487 0.5761813333151408
velocity: 0.002355965104225594 0.5224857128953788 0.13289124074925074
angularVelocity: 0.4176135051986853 0.46875809445142935 0.5221554493581334
acceleration: 0.5867752137038421 0.5165150862881107 0.4526766137300582
accel: 0.0
brake: 1.0
steer: 0.560610984725382
linkid: A219BS010391
trafficlightid: C119BS010007
turn_signal_lamp: 0.0