position: 0.822938575148694 0.7938483670011092 0.8940063409208348
orientation: 0.734417187088146 0.7589670294520701 0.9945926747430015
enu_velocity: 0.558922700182347 0.2838456044701811 0.5728355006722572
velocity: 0.0023667621297439614 0.5224871664470375 0.12964940063603125
angularVelocity: 0.41761566899772073 0.46978332112618393 0.5221561551125469
acceleration: 0.5867462314357991 0.5164735340165844 0.4535617923225299
accel: 0.0
brake: 1.0
steer: 0.560610984725382
linkid: A219BS010391
trafficlightid: C119BS010007
turn_signal_lamp: 0.0