position: 0.822938575148694 0.7938483670011092 0.8938122013096397
orientation: 0.734417187088146 0.7590678770853365 0.9945926747430015
enu_velocity: 0.5589202621708546 0.2838462447914741 0.5715484006311623
velocity: 0.0023712515377237657 0.5224891079393509 0.1284024863990987
angularVelocity: 0.4175902062032328 0.4702174313791498 0.5221563471928695
acceleration: 0.5867030309443315 0.516502578884929 0.4543375878864272
accel: 0.0
brake: 1.0
steer: 0.560610984725382
linkid: A219BS010391
trafficlightid: C119BS010007
turn_signal_lamp: 0.0