position: 0.822938575148694 0.7938483670011092 0.8935910573164361
orientation: 0.734417187088146 0.7592121996700464 0.9945926747430015
enu_velocity: 0.5589182771919352 0.28384716202495747 0.5704912881251681
velocity: 0.0023751465322865407 0.52248764989217 0.12737890074895428
angularVelocity: 0.41762666899351325 0.47059937139454405 0.5221567607544337
acceleration: 0.5867018920278894 0.5164540095839366 0.45480090844799065
accel: 0.0
brake: 1.0
steer: 0.560610984725382
linkid: A219BS010391
trafficlightid: C119BS010007
turn_signal_lamp: 0.0