position: 0.822938575148694 0.7938483670011092 0.8928466121907996
orientation: 0.734417187088146 0.7598301141438413 0.9945926747430015
enu_velocity: 0.5589145081549852 0.2838483730542675 0.56892959854335
velocity: 0.0023818942949497745 0.522490756749776 0.1258671685273531
angularVelocity: 0.41758548742336227 0.471280766228966 0.5221570607243883
acceleration: 0.5865871889751731 0.5164018041975811 0.4568024613845197
accel: 0.0
brake: 1.0
steer: 0.560610984725382
linkid: A219BS010391
trafficlightid: C119BS010007
turn_signal_lamp: 0.0