position: 0.8229384890794333 0.7938483670011092 0.8923605333146494
orientation: 0.7343951432419964 0.7603229490442209 0.9945932227642093
enu_velocity: 0.558913736595657 0.2838487486746123 0.569159350891672
velocity: 0.0023829324556193326 0.5224927112719664 0.12609130370710125
angularVelocity: 0.4175491955166957 0.47142305355120495 0.5221570113262339
acceleration: 0.5865322631124598 0.5163944378706578 0.45786008320177507
accel: 0.0
brake: 1.0
steer: 0.560610984725382
linkid: A219BS010391
trafficlightid: C119BS010007
turn_signal_lamp: 0.0