position: 0.8229384890794333 0.7938483670011092 0.8921393893214458
orientation: 0.7343951432419964 0.7605713264307462 0.9945932227642093
enu_velocity: 0.5589139292233983 0.2838488955405467 0.5695769250172485
velocity: 0.0023824529313847902 0.5224923757826221 0.12649676185626252
angularVelocity: 0.41755293142508965 0.4713982603109184 0.5221570144431248
acceleration: 0.5864965268263124 0.5163680522558761 0.4582636639728427
accel: 0.0
brake: 1.0
steer: 0.560610984725382
linkid: A219BS010391
trafficlightid: C119BS010007
turn_signal_lamp: 0.0