position: 0.8229384890794333 0.7938483670011092 0.8919386810767889
orientation: 0.7343839406316581 0.7608129331281124 0.9945932227642093
enu_velocity: 0.5589142664979513 0.2838488705254819 0.5701718209973679
velocity: 0.0023815503852202156 0.522493359645842 0.12707402692189304
angularVelocity: 0.4175276170808645 0.471338353142615 0.5221568711981254
acceleration: 0.5864922836717247 0.5164478055649833 0.458785657227707
accel: 0.0
brake: 1.0
steer: 0.560610984725382
linkid: A219BS010391
trafficlightid: C119BS010007
turn_signal_lamp: 0.0