position: 0.8229384890794333 0.7938483670011092 0.8917635175178156
orientation: 0.7343730993958468 0.7610438492636483 0.9945932227642093
enu_velocity: 0.558914900425124 0.2838486666022321 0.5708936451275672
velocity: 0.00238006444640488 0.5224947492544122 0.12777405805202133
angularVelocity: 0.4174967001745326 0.4712174292281102 0.5221566624623328
acceleration: 0.5864505135058392 0.5164556017091301 0.45905317944869406
accel: 0.0
brake: 1.0
steer: 0.560610984725382
linkid: A219BS010391
trafficlightid: C119BS010007
turn_signal_lamp: 0.0