position: 0.8229384890794333 0.7938483670011092 0.8916153583408508
orientation: 0.7343618967855085 0.7612551660358283 0.9945932227642093
enu_velocity: 0.5589158134452633 0.2838483640797401 0.5717497860428675
velocity: 0.0023780588239918302 0.5224960540141077 0.12860414771899872
angularVelocity: 0.41746415223161165 0.47104619536673253 0.5221564127472339
acceleration: 0.5864458820950095 0.5165264470343391 0.4593071660745152
accel: 0.0
brake: 1.0
steer: 0.560610984725382
linkid: A219BS010391
trafficlightid: C119BS010007
turn_signal_lamp: 0.0