position: 0.19733150175651437 0.25066136759847346 0.9421515048009412
orientation: 0.8652235632670309 0.5736464964748227 0.5003459383874005
enu_velocity: 0.8897473343028275 0.9989016829486637 0.5147061664357587
velocity: 0.9997183111087259 0.5116815860787566 0.7225050771756863
angularVelocity: 0.4615594105134962 0.4936547093963502 0.5206790544396384
acceleration: 0.5896876052913445 0.5147956461006022 0.4616759373717317
accel: 0.02759546
brake: 0.0
steer: 0.5654858628534287
linkid: A219BS010380
trafficlightid: null
turn_signal_lamp: 0.0