position: 0.8229384890794333 0.7938483670011092 0.8914051620700831
orientation: 0.7343510555496973 0.7616108053927184 0.9945937707854171
enu_velocity: 0.5589183102213342 0.2838481832385171 0.5736174240010082
velocity: 0.0023733145374218636 0.522492751547224 0.13041523143986
angularVelocity: 0.4175071565641363 0.47062673942916433 0.5221563231029807
acceleration: 0.5864265806547875 0.5165599105664961 0.4597624317220802
accel: 0.0
brake: 1.0
steer: 0.560610984725382
linkid: A219BS010391
trafficlightid: C119BS010007
turn_signal_lamp: 0.0