position: 0.8229384890794333 0.7938483670011092 0.891313201201622
orientation: 0.734339852939359 0.7618623899477929 0.9945937707854171
enu_velocity: 0.5589212610016315 0.2838478801109801 0.5755300535489775
velocity: 0.002367879761580367 0.5224883003565712 0.13226949186387502
angularVelocity: 0.41757936589541583 0.4701267051917849 0.5221562891054384
acceleration: 0.5863886197422841 0.5163521978934151 0.4593123441199208
accel: 0.0
brake: 1.0
steer: 0.560610984725382
linkid: A219BS010391
trafficlightid: C119BS010007
turn_signal_lamp: 0.0