position: 0.8229384890794333 0.7938483670011092 0.891308822112648
orientation: 0.734339852939359 0.7619461326821307 0.9945937707854171
enu_velocity: 0.5589224217064656 0.2838474319414302 0.5764954459940241
velocity: 0.0023653845314675964 0.5224899282546734 0.13320525645732165
angularVelocity: 0.41753647720270454 0.4699066348456217 0.5221559590762428
acceleration: 0.5864177790025555 0.5165129967650014 0.45956610969282075
accel: 0.0
brake: 1.0
steer: 0.560610984725382
linkid: A219BS010391
trafficlightid: C119BS010007
turn_signal_lamp: 0.0