position: 0.8229384890794333 0.7938483670011092 0.8913708592064506
orientation: 0.7343290117035477 0.7620263118958585 0.9945937707854171
enu_velocity: 0.5589254630354897 0.28384718825501637 0.5781684489396038
velocity: 0.0023600517671391757 0.5224835782032009 0.13482689102449513
angularVelocity: 0.41764452976215294 0.46940037714893335 0.5221560730509466
acceleration: 0.5864229668921763 0.5163035017740019 0.4590898328855819
accel: 0.0
brake: 1.0
steer: 0.560610984725382
linkid: A219BS010391
trafficlightid: C119BS010007
turn_signal_lamp: 0.0