position: 0.8229384890794333 0.7938483670011092 0.8914336261484161
orientation: 0.7343290117035477 0.7620288063602856 0.9945937707854171
enu_velocity: 0.5589265020052712 0.28384657601161134 0.5788872038823413
velocity: 0.0023578064743447064 0.5224860303215431 0.13552308033055488
angularVelocity: 0.41759159344112307 0.4691892526177255 0.522155703137883
acceleration: 0.5864217643346576 0.5163896161668918 0.458845907507323
accel: 0.0
brake: 1.0
steer: 0.560610984725382
linkid: A219BS010391
trafficlightid: C119BS010007
turn_signal_lamp: 0.0