position: 0.8229384890794333 0.7938483670011092 0.8915109900536291
orientation: 0.7343290117035477 0.7620059998283807 0.9945937707854171
enu_velocity: 0.5589275422278037 0.28384621528097204 0.5795118482969874
velocity: 0.0023557795983801685 0.5224861786902132 0.136128248280649
angularVelocity: 0.4175795302574844 0.4689978796844712 0.5221555252292848
acceleration: 0.5864678564223819 0.5165151125099502 0.45870599532099354
accel: 0.0
brake: 1.0
steer: 0.560610984725382
linkid: A219BS010391
trafficlightid: C119BS010007
turn_signal_lamp: 0.0