position: 0.19825924231732223 0.2518439050556518 0.9403750543736882
orientation: 0.8695907744263343 0.5755686594919217 0.5003382660904918
enu_velocity: 0.8897669378375324 0.9989572628999126 0.5143714471760621
velocity: 0.9997901043836702 0.5119525099292458 0.7254907791164799
angularVelocity: 0.45810926438115507 0.48235203626365863 0.5208717090960004
acceleration: 0.5894580284816655 0.5176223197413474 0.4528748425395514
accel: 0.02643485
brake: 0.0
steer: 0.5655671108222295
linkid: A219BS010380
trafficlightid: null
turn_signal_lamp: 0.0