position: 0.8229384890794333 0.7938483670011092 0.8922262412527697
orientation: 0.734339852939359 0.7614333420663344 0.9945932227642093
enu_velocity: 0.5589311324280137 0.2838445359184414 0.5808088692704416
velocity: 0.002349194811436702 0.5224864113812715 0.13738252998127834
angularVelocity: 0.41756619597683764 0.46831285902194386 0.5221549880507448
acceleration: 0.5865216172887531 0.5164768267216656 0.45702901804634705
accel: 0.0
brake: 1.0
steer: 0.560610984725382
linkid: A219BS010391
trafficlightid: C119BS010007
turn_signal_lamp: 0.0