position: 0.8229384890794333 0.7938483670011092 0.8923152827285812
orientation: 0.734339852939359 0.7613275055042138 0.9945932227642093
enu_velocity: 0.5589311530134298 0.2838444206785209 0.5805784840721998
velocity: 0.0023492789466735995 0.522486224051998 0.13715869912687403
angularVelocity: 0.4175698285961924 0.4683047083746064 0.5221550023733904
acceleration: 0.5865376727158678 0.5165225987147156 0.4568631206915554
accel: 0.0
brake: 1.0
steer: 0.560610984725382
linkid: A219BS010391
trafficlightid: C119BS010007
turn_signal_lamp: 0.0