position: 0.8229384890794333 0.7938483670011092 0.8923955660264438
orientation: 0.734339852939359 0.7612255888147643 0.9945932227642093
enu_velocity: 0.5589311294619137 0.28384467454178725 0.5803041530574012
velocity: 0.0023496696716011948 0.522483276503591 0.1368927379601831
angularVelocity: 0.4176305165752439 0.46832843649181227 0.5221552710905766
acceleration: 0.5865312416244614 0.516372850330834 0.456451040197122
accel: 0.0
brake: 1.0
steer: 0.560610984725382
linkid: A219BS010391
trafficlightid: C119BS010007
turn_signal_lamp: 0.0