position: 0.8229384890794333 0.7938483670011092 0.8926028429045623
orientation: 0.734339852939359 0.7608945377500842 0.9945932227642093
enu_velocity: 0.558929085593976 0.28384466940963266 0.5788377141209553
velocity: 0.002353417622069903 0.5224874009659207 0.13547057418082856
angularVelocity: 0.41756493716175463 0.4686615206630651 0.5221552115698894
acceleration: 0.5865642872618122 0.5164576088290729 0.4562389898549432
accel: 0.0
brake: 1.0
steer: 0.560610984725382
linkid: A219BS010391
trafficlightid: C119BS010007
turn_signal_lamp: 0.0