position: 0.8229384890794333 0.7938483670011092 0.8926327666792202
orientation: 0.734339852939359 0.7607954718771228 0.9945926747430015
enu_velocity: 0.5589280716480215 0.2838452386276166 0.5779832904282033
velocity: 0.002355709071458824 0.5224845859026175 0.13464259499703088
angularVelocity: 0.41762393539883363 0.4688668911634937 0.5221556036349613
acceleration: 0.5865614505369525 0.5164157938635066 0.4561052008345305
accel: 0.0
brake: 1.0
steer: 0.560610984725382
linkid: A219BS010391
trafficlightid: C119BS010007
turn_signal_lamp: 0.0