position: 0.8229384890794333 0.7938483670011092 0.8925955444229381
orientation: 0.7343510555496973 0.7607338229705678 0.9945926747430015
enu_velocity: 0.5589263175966953 0.2838454484717659 0.5769168048314186
velocity: 0.0023589019038615534 0.5224873003348409 0.13360878881129126
angularVelocity: 0.4175811013149807 0.4691644536413335 0.5221556251367785
acceleration: 0.5865568325546944 0.5164890434751656 0.45634573790089106
accel: 0.0
brake: 1.0
steer: 0.560610984725382
linkid: A219BS010391
trafficlightid: C119BS010007
turn_signal_lamp: 0.0