position: 0.8229384890794333 0.7938483670011092 0.8923992152672557
orientation: 0.7343618967855085 0.7608289689708579 0.9945926747430015
enu_velocity: 0.5589242890727 0.2838463482750088 0.5759378979436597
velocity: 0.002362783538393851 0.5224865173539419 0.1326611428855449
angularVelocity: 0.4176019768735673 0.46955180205130304 0.5221559786916435
acceleration: 0.586564302030196 0.5165090672328579 0.45727100829075684
accel: 0.0
brake: 1.0
steer: 0.560610984725382
linkid: A219BS010391
trafficlightid: C119BS010007
turn_signal_lamp: 0.0