position: 0.8229384890794333 0.7938483670011092 0.8923065245506325
orientation: 0.7343618967855085 0.7609095045366467 0.9945926747430015
enu_velocity: 0.5589241813316732 0.2838467816572266 0.5758276088093427
velocity: 0.002363260639605364 0.5224833108940005 0.132554738886239
angularVelocity: 0.4176629893310578 0.46959892899741124 0.5221562766498732
acceleration: 0.5865433824090279 0.5164449407453938 0.4572673232208779
accel: 0.0
brake: 1.0
steer: 0.560610984725382
linkid: A219BS010391
trafficlightid: C119BS010007
turn_signal_lamp: 0.0