position: 0.8229384890794333 0.7938483670011092 0.8922627336608893
orientation: 0.7343730993958468 0.7609544048963343 0.9945932227642093
enu_velocity: 0.5589240589101561 0.28384675724659375 0.5758636866407267
velocity: 0.0023633756035725127 0.5224842558953158 0.13258982001205094
angularVelocity: 0.4176463287906913 0.46961503741554034 0.5221562144301547
acceleration: 0.5865183002884402 0.5164258063254012 0.45727055541216277
accel: 0.0
brake: 1.0
steer: 0.560610984725382
linkid: A219BS010391
trafficlightid: C119BS010007
turn_signal_lamp: 0.0