position: 0.8229384890794333 0.7938483670011092 0.8921839100593512
orientation: 0.7343730993958468 0.7610427802074652 0.9945932227642093
enu_velocity: 0.5589238666983506 0.2838466230373585 0.5760576995752814
velocity: 0.002363394157647006 0.522487037758076 0.13277812851249435
angularVelocity: 0.41759158490765225 0.46963441971585485 0.5221559941202187
acceleration: 0.5865421804757399 0.5165161801791739 0.4576685445032806
accel: 0.0
brake: 1.0
steer: 0.560610984725382
linkid: A219BS010391
trafficlightid: C119BS010007
turn_signal_lamp: 0.0