position: 0.8229384890794333 0.7938483670011092 0.8921510668920438
orientation: 0.7343618967855085 0.7610851861027257 0.9945932227642093
enu_velocity: 0.5589239989949353 0.28384629851869214 0.5761722642616096
velocity: 0.00236294625984577 0.5224893145662446 0.13288881312243908
angularVelocity: 0.4175522402942766 0.4695889756355336 0.5221557938498892
acceleration: 0.5865024308302953 0.5164470461120791 0.4575452085825149
accel: 0.0
brake: 1.0
steer: 0.560610984725382
linkid: A219BS010391
trafficlightid: C119BS010007
turn_signal_lamp: 0.0