position: 0.8229384890794333 0.7938483670011092 0.8920999775206764
orientation: 0.7343618967855085 0.7611596636834772 0.9945932227642093
enu_velocity: 0.5589242262425189 0.2838462886765454 0.5764648500792005
velocity: 0.0023624238565792027 0.5224894737610151 0.13317268239682806
angularVelocity: 0.41754833524644747 0.469550460304537 0.5221557426560495
acceleration: 0.5865188963602024 0.5164087736832771 0.4575564057876426
accel: 0.0
brake: 1.0
steer: 0.560610984725382
linkid: A219BS010391
trafficlightid: C119BS010007
turn_signal_lamp: 0.0