position: 0.8229384890794333 0.7938483670011092 0.8920656746570443
orientation: 0.7343510555496973 0.7612426937136929 0.9945932227642093
enu_velocity: 0.558925117506485 0.2838463431996602 0.5769843467040907
velocity: 0.002360912941182653 0.522486780084409 0.13367644617757776
angularVelocity: 0.41759045898292196 0.46941003452776975 0.5221558416611889
acceleration: 0.5864982963527421 0.5164735539783242 0.4575910113839074
accel: 0.0
brake: 1.0
steer: 0.560610984725382
linkid: A219BS010391
trafficlightid: C119BS010007
turn_signal_lamp: 0.0