position: 0.8229384890794333 0.7938483670011092 0.8920758925313177
orientation: 0.734339852939359 0.7612815360883433 0.9945932227642093
enu_velocity: 0.5589258719889184 0.2838464474760266 0.5774894251227235
velocity: 0.002359617538976915 0.5224843308842873 0.13416637902544387
angularVelocity: 0.4176349149387759 0.46929502930612127 0.5221559454052755
acceleration: 0.5865037111730436 0.5163440766414197 0.4576169019289969
accel: 0.0
brake: 1.0
steer: 0.560610984725382
linkid: A219BS010391
trafficlightid: C119BS010007
turn_signal_lamp: 0.0