position: 0.8229384890794333 0.7938483670011092 0.8921014372170013
orientation: 0.734339852939359 0.7612833178486483 0.9945932227642093
enu_velocity: 0.5589261430163772 0.2838460088477255 0.5777330087875475
velocity: 0.002358825403889303 0.5224873177277384 0.13440206077961353
angularVelocity: 0.417574771330904 0.46922069870424965 0.5221556390112218
acceleration: 0.5865198848066064 0.5164685255792587 0.4575262928136968
accel: 0.0
brake: 1.0
steer: 0.560610984725382
linkid: A219BS010391
trafficlightid: C119BS010007
turn_signal_lamp: 0.0