position: 0.8229384890794333 0.7938483670011092 0.8921167640284116
orientation: 0.734339852939359 0.761276190807428 0.9945932227642093
enu_velocity: 0.5589264688413749 0.283845790600143 0.5778420112167936
velocity: 0.0023581958259766365 0.5224878015781499 0.13450734906465736
angularVelocity: 0.417563929883251 0.46915360580551235 0.5221555556485453
acceleration: 0.5865058235239039 0.5165100397117408 0.4575819218150131
accel: 0.0
brake: 1.0
steer: 0.560610984725382
linkid: A219BS010391
trafficlightid: C119BS010007
turn_signal_lamp: 0.0