position: 0.8229384890794333 0.7938483670011092 0.8921350102324712
orientation: 0.734339852939359 0.7612647875414756 0.9945932227642093
enu_velocity: 0.5589265985639303 0.283845840950266 0.577943391619559
velocity: 0.0023579808953583365 0.5224871952128324 0.13460574503465733
angularVelocity: 0.41757486835466956 0.46913661219876035 0.5221555843860554
acceleration: 0.5865291335845989 0.516481970329582 0.45764708439943663
accel: 0.0
brake: 1.0
steer: 0.560610984725382
linkid: A219BS010391
trafficlightid: C119BS010007
turn_signal_lamp: 0.0