position: 0.20197020456055365 0.25658624599217283 0.9271874279274941
orientation: 0.8798028571860155 0.5715229945432521 0.5003073028922532
enu_velocity: 0.8896614196811647 0.9987727456352882 0.5232813546614827
velocity: 0.999517389651764 0.5129027636172576 0.7269581679091104
angularVelocity: 0.42300277959356813 0.4541447448849176 0.5208780136779084
acceleration: 0.5664586862076237 0.5186782627854867 0.469907086209208
accel: 0.03247896
brake: 0.0
steer: 0.5657296067598311
linkid: A219BS010380
trafficlightid: null
turn_signal_lamp: 0.0