position: 0.8229384890794333 0.7938483670011092 0.8921547161328556
orientation: 0.734339852939359 0.7612530279234623 0.9945932227642093
enu_velocity: 0.5589267181901539 0.2838460734216878 0.5779837405146568
velocity: 0.0023579326288393045 0.5224850050723469 0.13464514583636714
angularVelocity: 0.4176159892113367 0.4691337800683959 0.522155754192304
acceleration: 0.5865348916860851 0.5164181021525538 0.45750731534089784
accel: 0.0
brake: 1.0
steer: 0.560610984725382
linkid: A219BS010391
trafficlightid: C119BS010007
turn_signal_lamp: 0.0