position: 0.8229384890794333 0.7938483670011092 0.8921941279336247
orientation: 0.7343510555496973 0.7612209562379713 0.9945932227642093
enu_velocity: 0.5589268362956548 0.2838458644067423 0.5780365950627653
velocity: 0.002357618066355854 0.5224862204993764 0.13469608806774336
angularVelocity: 0.4175924537959028 0.4691003722015424 0.5221556309505193
acceleration: 0.5865317237155122 0.5164543729544971 0.4573781306778994
accel: 0.0
brake: 1.0
steer: 0.560610984725382
linkid: A219BS010391
trafficlightid: C119BS010007
turn_signal_lamp: 0.0