position: 0.8229384890794333 0.7938483670011092 0.8922488665458039
orientation: 0.7343618967855085 0.7611675034288194 0.9945932227642093
enu_velocity: 0.5589270898716378 0.2838459269793257 0.577956234253931
velocity: 0.002357391575275313 0.5224841485811969 0.13461797394312344
angularVelocity: 0.41762964642131634 0.46906633730666186 0.5221557744874452
acceleration: 0.586534883474407 0.5164775034568639 0.45718007428968466
accel: 0.0
brake: 1.0
steer: 0.560610984725382
linkid: A219BS010391
trafficlightid: C119BS010007
turn_signal_lamp: 0.0