position: 0.8229384890794333 0.7938483670011092 0.8922649232053765
orientation: 0.7343618967855085 0.7611493294737078 0.9945932227642093
enu_velocity: 0.5589270026323285 0.2838458068046821 0.5779369917564341
velocity: 0.002357447862199998 0.5224854140602819 0.1345991928838445
angularVelocity: 0.4176057050326058 0.4690717333686104 0.5221556756160726
acceleration: 0.5865327541490404 0.5165185899646918 0.45719063279499794
accel: 0.0
brake: 1.0
steer: 0.560610984725382
linkid: A219BS010391
trafficlightid: C119BS010007
turn_signal_lamp: 0.0