position: 0.8229384890794333 0.7938483670011092 0.8922780604722995
orientation: 0.7343618967855085 0.7611318682227182 0.9945932227642093
enu_velocity: 0.558926996641318 0.28384573918147493 0.577866800262332
velocity: 0.002357470014912398 0.5224856644910454 0.13453096235696055
angularVelocity: 0.41760524627918105 0.469068206488324 0.5221556665875701
acceleration: 0.5865189609680752 0.5164175835615917 0.45712845367756527
accel: 0.0
brake: 1.0
steer: 0.560610984725382
linkid: A219BS010391
trafficlightid: C119BS010007
turn_signal_lamp: 0.0