position: 0.8229384890794333 0.7938483670011092 0.8922890081947352
orientation: 0.7343618967855085 0.7611151196758507 0.9945932227642093
enu_velocity: 0.5589268379104746 0.28384553182105465 0.5777956396550762
velocity: 0.002357606875579122 0.522487731020923 0.13446171159898118
angularVelocity: 0.41756543814648883 0.4690794656387566 0.5221555074767006
acceleration: 0.5865246696190747 0.5165129426028636 0.45708616976832545
accel: 0.0
brake: 1.0
steer: 0.560610984725382
linkid: A219BS010391
trafficlightid: C119BS010007
turn_signal_lamp: 0.0