position: 0.8229384890794333 0.7938483670011092 0.8922984962208462
orientation: 0.7343618967855085 0.7611008655934102 0.9945932227642093
enu_velocity: 0.5589266756223569 0.2838457585406667 0.5777391434820677
velocity: 0.0023579912876841667 0.5224865864328015 0.13440729011797187
angularVelocity: 0.4175882552054746 0.4691216763122865 0.5221556249939884
acceleration: 0.5865511509671388 0.5164625591870954 0.4570946270304467
accel: 0.0
brake: 1.0
steer: 0.560610984725382
linkid: A219BS010391
trafficlightid: C119BS010007
turn_signal_lamp: 0.0