position: 0.2028973426365368 0.25776878344935206 0.9234973156184587
orientation: 0.8802769805654949 0.5690085744007511 0.5002993565847407
enu_velocity: 0.8895412414901482 0.9986119315851667 0.5270715960618603
velocity: 0.9992608782631613 0.5134961686652949 0.7260979474171149
angularVelocity: 0.4215767681516028 0.44386792043591533 0.5212064409465043
acceleration: 0.5856222323553973 0.522949622460747 0.4668423957874629
accel: 0.04215797
brake: 0.0
steer: 0.5658108547286319
linkid: A219BS010380
trafficlightid: null
turn_signal_lamp: 0.0