position: 0.8229384890794333 0.7938483670011092 0.8923043350061455
orientation: 0.7343618967855085 0.7610876805671527 0.9945932227642093
enu_velocity: 0.5589267537565913 0.28384569595498516 0.5776372433344745
velocity: 0.002357932950164066 0.522486247621124 0.13430822219063673
angularVelocity: 0.41759739415723085 0.46910521623504264 0.5221556576185636
acceleration: 0.5865183615467827 0.5163992086190528 0.4569407702215316
accel: 0.0
brake: 1.0
steer: 0.560610984725382
linkid: A219BS010391
trafficlightid: C119BS010007
turn_signal_lamp: 0.0