position: 0.8229384890794333 0.7938483670011092 0.8923094439432822
orientation: 0.7343510555496973 0.7610670121476141 0.9945932227642093
enu_velocity: 0.5589264418546376 0.28384595658408895 0.5775017535777565
velocity: 0.002358589888294388 0.5224852630149043 0.13417726698401378
angularVelocity: 0.4176160386488582 0.46917427213303176 0.522155776842987
acceleration: 0.5865585011841351 0.5164010229432657 0.4570460450054206
accel: 0.0
brake: 1.0
steer: 0.560610984725382
linkid: A219BS010391
trafficlightid: C119BS010007
turn_signal_lamp: 0.0