position: 0.8229384890794333 0.7938483670011092 0.8923094439432822
orientation: 0.7343618967855085 0.7610613105146379 0.9945932227642093
enu_velocity: 0.5589263694645797 0.28384593297202965 0.5774332191989251
velocity: 0.0023587216571227996 0.5224855176454459 0.13411075312238677
angularVelocity: 0.4176101912132408 0.4691839124828051 0.5221557664050268
acceleration: 0.5865352973591237 0.5164508765244418 0.4570996782169204
accel: 0.0
brake: 1.0
steer: 0.560610984725382
linkid: A219BS010391
trafficlightid: C119BS010007
turn_signal_lamp: 0.0