position: 0.8229384890794333 0.7938483670011092 0.8923079842469575
orientation: 0.7343618967855085 0.7610581033460887 0.9945932227642093
enu_velocity: 0.5589262331047107 0.28384591107262974 0.577362755480615
velocity: 0.0023589379291784995 0.5224860700223434 0.1340424148608431
angularVelocity: 0.41760072737607057 0.46920427603358345 0.5221557388405776
acceleration: 0.586535501755839 0.516453353378582 0.4570953008442791
accel: 0.0
brake: 1.0
steer: 0.560610984725382
linkid: A219BS010391
trafficlightid: C119BS010007
turn_signal_lamp: 0.0