position: 0.8229384890794333 0.7938483670011092 0.8922948469800345
orientation: 0.7343618967855085 0.7610495508966244 0.9945932227642093
enu_velocity: 0.5589262951216689 0.28384599108642666 0.5772113488033571
velocity: 0.002359021913400237 0.5224845248909996 0.1338954907529567
angularVelocity: 0.4176316989180355 0.4692011832294919 0.5221558701870918
acceleration: 0.5865172706656506 0.5164056492950944 0.45696714183502873
accel: 0.0
brake: 1.0
steer: 0.560610984725382
linkid: A219BS010391
trafficlightid: C119BS010007
turn_signal_lamp: 0.0