position: 0.8229384890794333 0.7938483670011092 0.8922897380428976
orientation: 0.7343510555496973 0.7610531144172346 0.9945932227642093
enu_velocity: 0.5589258077687616 0.2838458859203928 0.5772157397943749
velocity: 0.0023595817517743306 0.5224877686076301 0.13389996372511662
angularVelocity: 0.41757268256980257 0.4692702380017703 0.5221556546665755
acceleration: 0.586544358827573 0.5164184510457129 0.4570764334208481
accel: 0.0
brake: 1.0
steer: 0.560610984725382
linkid: A219BS010391
trafficlightid: C119BS010007
turn_signal_lamp: 0.0