position: 0.8229384890794333 0.7938483670011092 0.8922824395612736
orientation: 0.7343510555496973 0.7610556088816617 0.9945932227642093
enu_velocity: 0.5589260221994348 0.28384583053883333 0.577158142552272
velocity: 0.002359318755708025 0.5224868803193965 0.13384381665836823
angularVelocity: 0.4175886417705556 0.46923243093245054 0.5221557123458647
acceleration: 0.5864987122349969 0.5164368632880131 0.45710484355575876
accel: 0.0
brake: 1.0
steer: 0.560610984725382
linkid: A219BS010391
trafficlightid: C119BS010007
turn_signal_lamp: 0.0