position: 0.8229384890794333 0.7938483670011092 0.892273681383325
orientation: 0.7343510555496973 0.7610588160502108 0.9945932227642093
enu_velocity: 0.5589260085422488 0.2838460554141718 0.5771084876215453
velocity: 0.0023595062496787455 0.5224850375563199 0.13379592657475287
angularVelocity: 0.41762208386133626 0.46925122592762686 0.5221558647159482
acceleration: 0.5865193468644209 0.5164415355825299 0.4569851345886277
accel: 0.0
brake: 1.0
steer: 0.560610984725382
linkid: A219BS010391
trafficlightid: C119BS010007
turn_signal_lamp: 0.0