position: 0.20382456678178057 0.2589574164604329 0.9192101875125898
orientation: 0.8805086216373286 0.565003177234976 0.5002931639450929
enu_velocity: 0.8895616973524489 0.9987510858013455 0.5322841339947049
velocity: 0.9994244073894232 0.514022513651664 0.7243496898759068
angularVelocity: 0.41929962886478067 0.43078797239069044 0.521549316992058
acceleration: 0.594452218569035 0.5214037552620129 0.4712813754008175
accel: 0.03249323
brake: 0.0
steer: 0.5659733506662334
linkid: A219BS010380
trafficlightid: null
turn_signal_lamp: 0.0