position: 0.8229384890794333 0.7938483670011092 0.8922656530535389
orientation: 0.7343618967855085 0.76106558673937 0.9945932227642093
enu_velocity: 0.558925821324691 0.2838461668469678 0.57710948195893
velocity: 0.002359810793759672 0.5224851300284666 0.13379717910462077
angularVelocity: 0.41761940787045343 0.4692882845782296 0.5221558770836578
acceleration: 0.5865291781599964 0.5164636321359768 0.4571808640370275
accel: 0.0
brake: 1.0
steer: 0.560610984725382
linkid: A219BS010391
trafficlightid: C119BS010007
turn_signal_lamp: 0.0