position: 0.8229384890794333 0.7938483670011092 0.8922503262421286
orientation: 0.7343510555496973 0.7610809098779935 0.9945932227642093
enu_velocity: 0.55892568568988 0.28384579259025255 0.5771105984677671
velocity: 0.002359764589053755 0.5224886469760697 0.13379785245714376
angularVelocity: 0.4175554825924463 0.4692829258726678 0.5221556030945402
acceleration: 0.586510835875297 0.5164848793580575 0.45730809782052956
accel: 0.0
brake: 1.0
steer: 0.560610984725382
linkid: A219BS010391
trafficlightid: C119BS010007
turn_signal_lamp: 0.0