position: 0.8229384890794333 0.7938483670011092 0.892230620341744
orientation: 0.7343510555496973 0.7611083489866914 0.9945932227642093
enu_velocity: 0.5589257965635516 0.28384610854596926 0.5771230746775472
velocity: 0.002359797930548629 0.5224857518094008 0.1338103138387808
angularVelocity: 0.41760970880247983 0.46928713793075016 0.5221558380766602
acceleration: 0.5865039445135074 0.5164234554124394 0.45715951762435864
accel: 0.0
brake: 1.0
steer: 0.560610984725382
linkid: A219BS010391
trafficlightid: C119BS010007
turn_signal_lamp: 0.0