position: 0.8229384890794333 0.7938483670011092 0.8922109144413599
orientation: 0.7343618967855085 0.7611361444474504 0.9945932227642093
enu_velocity: 0.5589259092598404 0.28384609604763206 0.5772112619099213
velocity: 0.0023595781950158344 0.5224856517353589 0.1338958287372068
angularVelocity: 0.41761116342074756 0.4692681375833573 0.522155827193274
acceleration: 0.5865135122413915 0.5164079989038688 0.45710125203420376
accel: 0.0
brake: 1.0
steer: 0.560610984725382
linkid: A219BS010391
trafficlightid: C119BS010007
turn_signal_lamp: 0.0