position: 0.20475187699628505 0.260139953917613 0.9149770681707379
orientation: 0.8800232956475111 0.5604661027941706 0.5002894374008802
enu_velocity: 0.8895732890077526 0.9988612240135633 0.5411906842337426
velocity: 0.9995497963383707 0.5144656298192021 0.7252663282754866
angularVelocity: 0.4095734565070297 0.43005400184774295 0.5219153248441282
acceleration: 0.5909526764650579 0.5210214350112652 0.48390392817402184
accel: 0.02985975
brake: 0.0
steer: 0.5659733506662334
linkid: A219BS010380
trafficlightid: null
turn_signal_lamp: 0.0