position: 0.8229384890794333 0.7938483670011092 0.8922079950487103
orientation: 0.7343618967855085 0.7611407770242434 0.9945932227642093
enu_velocity: 0.5589259920678644 0.2838461316418706 0.5772450870648888
velocity: 0.0023594668224574083 0.5224851100296999 0.13392865515229785
angularVelocity: 0.4176215362312965 0.469257259607887 0.522155864706528
acceleration: 0.5865079871910914 0.5163839740218135 0.4572309669379575
accel: 0.0
brake: 1.0
steer: 0.560610984725382
linkid: A219BS010391
trafficlightid: C119BS010007
turn_signal_lamp: 0.0