position: 0.8229384890794333 0.7938483670011092 0.892205805504223
orientation: 0.7343618967855085 0.7611439841927926 0.9945932227642093
enu_velocity: 0.5589258303695914 0.2838458169982699 0.5773184262288195
velocity: 0.0023594333112013526 0.5224886054058275 0.13399954330270605
angularVelocity: 0.41755236280753105 0.46926067832314994 0.5221555740962399
acceleration: 0.5865290902819467 0.5165437799004153 0.4575720113287237
accel: 0.0
brake: 1.0
steer: 0.560610984725382
linkid: A219BS010391
trafficlightid: C119BS010007
turn_signal_lamp: 0.0