position: 0.8229384890794333 0.7938483670011092 0.8922043458078981
orientation: 0.7343618967855085 0.7611464786572197 0.9945932227642093
enu_velocity: 0.558925973814894 0.28384575217594493 0.5773911536198746
velocity: 0.0023591553999886966 0.5224886843910542 0.13406995607774336
angularVelocity: 0.41754884262650366 0.46923310860060896 0.5221555449928302
acceleration: 0.5865274568371146 0.5165844388495655 0.45739628333704674
accel: 0.0
brake: 1.0
steer: 0.560610984725382
linkid: A219BS010391
trafficlightid: C119BS010007
turn_signal_lamp: 0.0