position: 0.8229384890794333 0.7938483670011092 0.8922079950487103
orientation: 0.7343618967855085 0.7611457659530977 0.9945932227642093
enu_velocity: 0.5589260024162124 0.28384599104754726 0.577443276009997
velocity: 0.002359218511256785 0.5224869482757006 0.13412086139768173
angularVelocity: 0.41758192667488014 0.4692452394734399 0.5221556870759739
acceleration: 0.5865486331784683 0.5165254429480897 0.4573681964164936
accel: 0.0
brake: 1.0
steer: 0.560610984725382
linkid: A219BS010391
trafficlightid: C119BS010007
turn_signal_lamp: 0.0