position: 0.8229384890794333 0.7938483670011092 0.8922116442895218
orientation: 0.7343618967855085 0.7611450532489756 0.9945932227642093
enu_velocity: 0.5589260174630674 0.28384575303355175 0.5774854842181593
velocity: 0.0023590272709235233 0.5224888527160845 0.13416150319280015
angularVelocity: 0.41754617590730764 0.46922540408174096 0.5221555256060921
acceleration: 0.5865269980321509 0.5165550477271236 0.4575010662225253
accel: 0.0
brake: 1.0
steer: 0.560610984725382
linkid: A219BS010391
trafficlightid: C119BS010007
turn_signal_lamp: 0.0