position: 0.8229384890794333 0.7938483670011092 0.8922138338340091
orientation: 0.7343618967855085 0.7611422024324875 0.9945932227642093
enu_velocity: 0.5589262179630939 0.2838458894010668 0.5774524242011863
velocity: 0.002358875568443041 0.5224866826469767 0.13412944815961647
angularVelocity: 0.417589109072751 0.4692039462469558 0.5221556914945359
acceleration: 0.5865270705799331 0.516454131837548 0.45720209292587716
accel: 0.0
brake: 1.0
steer: 0.560610984725382
linkid: A219BS010391
trafficlightid: C119BS010007
turn_signal_lamp: 0.0