position: 0.8229384890794333 0.7938483670011092 0.8922196726193083
orientation: 0.7343510555496973 0.7611432714886706 0.9945932227642093
enu_velocity: 0.5589259470140493 0.28384585858560063 0.5774986591660636
velocity: 0.0023591692771413966 0.5224884585796616 0.13417448820586694
angularVelocity: 0.4175561974379698 0.46924350942101545 0.5221555702736285
acceleration: 0.5865329796782471 0.5164699473323077 0.4572866779037886
accel: 0.0
brake: 1.0
steer: 0.560610984725382
linkid: A219BS010391
trafficlightid: C119BS010007
turn_signal_lamp: 0.0