position: 0.8229384890794333 0.7938483670011092 0.8922277009490944
orientation: 0.7343510555496973 0.7611307991665351 0.9945932227642093
enu_velocity: 0.5589263779590471 0.2838460358182544 0.5774838980538922
velocity: 0.0023587319684319134 0.5224849066298441 0.13416008655396455
angularVelocity: 0.41762089052180396 0.4691889573158468 0.5221558191737229
acceleration: 0.5865267196481166 0.516451715239722 0.4572766573045189
accel: 0.0
brake: 1.0
steer: 0.560610984725382
linkid: A219BS010391
trafficlightid: C119BS010007
turn_signal_lamp: 0.0