position: 0.8229384890794333 0.7938483670011092 0.8922401083678551
orientation: 0.734339852939359 0.7611172577882167 0.9945932227642093
enu_velocity: 0.558926245353323 0.28384574172160126 0.5774618080100308
velocity: 0.002358746712726473 0.5224877044217983 0.13413833745931067
angularVelocity: 0.4175705160932998 0.46918937192871885 0.5221556016686218
acceleration: 0.5865258991052947 0.516457329502807 0.45720602175192554
accel: 0.0
brake: 1.0
steer: 0.560610984725382
linkid: A219BS010391
trafficlightid: C119BS010007
turn_signal_lamp: 0.0