position: 0.8229384890794333 0.7938483670011092 0.8922422979123423
orientation: 0.734339852939359 0.7611136942676066 0.9945932227642093
enu_velocity: 0.55892623762832 0.2838459582501797 0.5774632478917121
velocity: 0.002358882353904652 0.5224861078617579 0.13414003534185154
angularVelocity: 0.41760084324920604 0.4692058795690321 0.5221557366759185
acceleration: 0.5865384379312996 0.5164119511442173 0.45723093007459986
accel: 0.0
brake: 1.0
steer: 0.560610984725382
linkid: A219BS010391
trafficlightid: C119BS010007
turn_signal_lamp: 0.0