position: 0.8229384890794333 0.7938483670011092 0.8922422979123423
orientation: 0.734339852939359 0.7611083489866914 0.9945932227642093
enu_velocity: 0.5589261931327625 0.28384575357239117 0.5774399675873122
velocity: 0.002358837431755678 0.5224877839827896 0.13411718840005965
angularVelocity: 0.41756728421812794 0.46919926861428957 0.5221555939559704
acceleration: 0.5865477139836041 0.516511588257894 0.4572894923368586
accel: 0.0
brake: 1.0
steer: 0.560610984725382
linkid: A219BS010391
trafficlightid: C119BS010007
turn_signal_lamp: 0.0