position: 0.8229384890794333 0.7938483670011092 0.8922444874568294
orientation: 0.734339852939359 0.7611065672263864 0.9945932227642093
enu_velocity: 0.5589261651226526 0.28384590841576507 0.5774225419974467
velocity: 0.0023589774766286436 0.5224866775458328 0.13410050219785682
angularVelocity: 0.4175896031878691 0.4692138041564537 0.5221556975532015
acceleration: 0.586529634493159 0.5164515430133297 0.4570939435157307
accel: 0.0
brake: 1.0
steer: 0.560610984725382
linkid: A219BS010391
trafficlightid: C119BS010007
turn_signal_lamp: 0.0