position: 0.8229384890794333 0.7938483670011092 0.892245217304992
orientation: 0.734339852939359 0.7611044291140203 0.9945932227642093
enu_velocity: 0.5589261587060577 0.2838459316011665 0.5774343149987585
velocity: 0.0023589902166444208 0.522486582760734 0.13411196779906506
angularVelocity: 0.41759188938158537 0.4692164769593192 0.522155707072545
acceleration: 0.5865341706151793 0.5164285094917229 0.4572968148818552
accel: 0.0
brake: 1.0
steer: 0.560610984725382
linkid: A219BS010391
trafficlightid: C119BS010007
turn_signal_lamp: 0.0