position: 0.8229384890794333 0.7938483670011092 0.8922481366976416
orientation: 0.734339852939359 0.7611015782975322 0.9945932227642093
enu_velocity: 0.5589260643928555 0.2838459453963556 0.5773908760007332
velocity: 0.0023591526780800433 0.5224867675046848 0.1340698836413356
angularVelocity: 0.4175879200745407 0.46923229536354183 0.5221557035305558
acceleration: 0.5865283116041814 0.5164567840333086 0.4571910311514456
accel: 0.0
brake: 1.0
steer: 0.560610984725382
linkid: A219BS010391
trafficlightid: C119BS010007
turn_signal_lamp: 0.0