position: 0.8229384890794333 0.7938483670011092 0.8922481366976416
orientation: 0.734339852939359 0.7611019346495932 0.9945932227642093
enu_velocity: 0.5589260334839112 0.2838459244445121 0.5773585958613231
velocity: 0.002359204898304583 0.5224869460630966 0.13403853949122732
angularVelocity: 0.4175855172006238 0.46923609066846783 0.522155694083599
acceleration: 0.5865331796665239 0.5164409702049938 0.45710491003066595
accel: 0.0
brake: 1.0
steer: 0.560610984725382
linkid: A219BS010391
trafficlightid: C119BS010007
turn_signal_lamp: 0.0