position: 0.8229384890794333 0.7938483670011092 0.892245217304992
orientation: 0.734339852939359 0.7611026473537152 0.9945932227642093
enu_velocity: 0.5589260111055899 0.2838458207745598 0.5773313971387284
velocity: 0.0023591938096587705 0.5224877301557744 0.1340120097854986
angularVelocity: 0.4175693801051174 0.4692321198899815 0.522155629307441
acceleration: 0.5865125090266037 0.5165073654216638 0.4571857297616907
accel: 0.0
brake: 1.0
steer: 0.560610984725382
linkid: A219BS010391
trafficlightid: C119BS010007
turn_signal_lamp: 0.0