position: 0.8229384890794333 0.7938483670011092 0.892243757608667
orientation: 0.734339852939359 0.7611026473537152 0.9945932227642093
enu_velocity: 0.5589260433754969 0.28384581698349626 0.5773253151368185
velocity: 0.0023591549011348707 0.522487572798716 0.13400607674056222
angularVelocity: 0.41757455684282235 0.4692272178192833 0.5221556429151442
acceleration: 0.5865228769717505 0.5164432909451954 0.45721328963800917
accel: 0.0
brake: 1.0
steer: 0.560610984725382
linkid: A219BS010391
trafficlightid: C119BS010007
turn_signal_lamp: 0.0