position: 0.8229384890794333 0.7938483670011092 0.8922393785196925
orientation: 0.734339852939359 0.7611033600578372 0.9945932227642093
enu_velocity: 0.5589258453628861 0.28384584403728275 0.5773472938170473
velocity: 0.0023594076879820997 0.5224884458347518 0.13402759430379693
angularVelocity: 0.4175536071030913 0.4692605543085501 0.5221555789530883
acceleration: 0.5865507790855325 0.5165807460811469 0.45742610813113754
accel: 0.0
brake: 1.0
steer: 0.560610984725382
linkid: A219BS010391
trafficlightid: C119BS010007
turn_signal_lamp: 0.0