position: 0.8229384890794333 0.7938483670011092 0.8922379188233682
orientation: 0.734339852939359 0.7611044291140203 0.9945932227642093
enu_velocity: 0.5589258092071495 0.2838456244902021 0.5773340321642156
velocity: 0.0023593356442034676 0.5224902347596831 0.13401444736174342
angularVelocity: 0.417523948147403 0.46925073043208293 0.5221554415572297
acceleration: 0.5865405713689759 0.5165159004386366 0.4573032736029257
accel: 0.0
brake: 1.0
steer: 0.560610984725382
linkid: A219BS010391
trafficlightid: C119BS010007
turn_signal_lamp: 0.0