position: 0.8229384890794333 0.7938483670011092 0.8922379188233682
orientation: 0.734339852939359 0.7611079926346304 0.9945932227642093
enu_velocity: 0.5589257853448748 0.28384601685999433 0.5773352820024126
velocity: 0.002359595131498102 0.522487385143435 0.13401621152442583
angularVelocity: 0.41757700994220115 0.46928188903575707 0.5221556852107775
acceleration: 0.5865543299454864 0.5164639376641359 0.4572794442729562
accel: 0.0
brake: 1.0
steer: 0.560610984725382
linkid: A219BS010391
trafficlightid: C119BS010007
turn_signal_lamp: 0.0