position: 0.8229384890794333 0.7938483670011092 0.8922349994307186
orientation: 0.734339852939359 0.7611111998031795 0.9945932227642093
enu_velocity: 0.5589258752835055 0.2838459933161282 0.5773424830804657
velocity: 0.0023594604832109438 0.5224871453746525 0.13402310525209737
angularVelocity: 0.4175807936892861 0.46926621845455696 0.5221556915094099
acceleration: 0.5865515760529896 0.516471583412454 0.4573871796462104
accel: 0.0
brake: 1.0
steer: 0.560610984725382
linkid: A219BS010391
trafficlightid: C119BS010007
turn_signal_lamp: 0.0