position: 0.8229384890794333 0.7938483670011092 0.892235729278881
orientation: 0.734339852939359 0.7611154760279116 0.9945932227642093
enu_velocity: 0.5589258406498555 0.2838460538883796 0.5773403075848095
velocity: 0.0023595420468526178 0.5224868498333746 0.13402110071599296
angularVelocity: 0.41758775570482226 0.4692752005216988 0.5221557275927791
acceleration: 0.5865356848320324 0.516428102140279 0.4572197512693448
accel: 0.0
brake: 1.0
steer: 0.560610984725382
linkid: A219BS010391
trafficlightid: C119BS010007
turn_signal_lamp: 0.0