position: 0.8229384890794333 0.7938483670011092 0.892235729278881
orientation: 0.734339852939359 0.7611215340129488 0.9945932227642093
enu_velocity: 0.558925917943354 0.2838461743514464 0.5773447300657212
velocity: 0.002359510112555789 0.5224855701096356 0.13402550190573936
angularVelocity: 0.4176124411961241 0.46927168841188394 0.5221558272219312
acceleration: 0.58654225417302 0.5163750964178113 0.4572707692848398
accel: 0.0
brake: 1.0
steer: 0.560610984725382
linkid: A219BS010391
trafficlightid: C119BS010007
turn_signal_lamp: 0.0