position: 0.8229384890794333 0.7938483670011092 0.8922349994307186
orientation: 0.734339852939359 0.7611233157732539 0.9945932227642093
enu_velocity: 0.5589261389031805 0.28384634132996694 0.5773273451128995
velocity: 0.0023593380347948826 0.5224831312904141 0.13400869120918313
angularVelocity: 0.41765822512221684 0.46924877120790554 0.522156011501251
acceleration: 0.5865312263193915 0.5163279109310549 0.45714134807613194
accel: 0.0
brake: 1.0
steer: 0.560610984725382
linkid: A219BS010391
trafficlightid: C119BS010007
turn_signal_lamp: 0.0