position: 0.8229384890794333 0.7938483670011092 0.8922349994307186
orientation: 0.734339852939359 0.761125810237681 0.9945932227642093
enu_velocity: 0.5589261559614094 0.2838463182783865 0.5773467735605536
velocity: 0.002359287693948769 0.5224833017955411 0.13402750894446194
angularVelocity: 0.41765455794823386 0.46924423407755717 0.5221559918821814
acceleration: 0.5865281722381029 0.516342301550234 0.45712594956144853
accel: 0.0
brake: 1.0
steer: 0.560610984725382
linkid: A219BS010391
trafficlightid: C119BS010007
turn_signal_lamp: 0.0