position: 0.8229384890794333 0.7938483670011092 0.892235729278881
orientation: 0.734339852939359 0.7611275919979861 0.9945932227642093
enu_velocity: 0.5589262707050403 0.28384628280203056 0.5773663724019267
velocity: 0.0023591047021143774 0.5224830804238433 0.1340464044030384
angularVelocity: 0.41766002189403273 0.4692236130114948 0.5221560019131897
acceleration: 0.5865222456530328 0.5162964516281476 0.4572027160247624
accel: 0.0
brake: 1.0
steer: 0.560610984725382
linkid: A219BS010391
trafficlightid: C119BS010007
turn_signal_lamp: 0.0