position: 0.8229384890794333 0.7938483670011092 0.8922349994307186
orientation: 0.734339852939359 0.761126879293864 0.9945932227642093
enu_velocity: 0.5589262116074405 0.2838460926632421 0.5773498626670791
velocity: 0.002359081802377995 0.5224847472735981 0.13403016078667665
angularVelocity: 0.41762730965789235 0.4692196623118871 0.5221558623115207
acceleration: 0.5865161187012653 0.5163808836345649 0.45714054026288126
accel: 0.0
brake: 1.0
steer: 0.560610984725382
linkid: A219BS010391
trafficlightid: C119BS010007
turn_signal_lamp: 0.0