position: 0.8229384890794333 0.7938483670011092 0.8922371889752059
orientation: 0.734339852939359 0.761126879293864 0.9945932227642093
enu_velocity: 0.5589260466524237 0.2838457636160153 0.5773907447090605
velocity: 0.0023590690334454817 0.5224882330438728 0.13406952186913312
angularVelocity: 0.41755971289517985 0.4692219972187059 0.5221555814013444
acceleration: 0.5865106458199003 0.5165132208550929 0.4572297497792254
accel: 0.0
brake: 1.0
steer: 0.560610984725382
linkid: A219BS010391
trafficlightid: C119BS010007
turn_signal_lamp: 0.0