position: 0.8229384890794333 0.7938483670011092 0.8922371889752059
orientation: 0.734339852939359 0.761125810237681 0.9945932227642093
enu_velocity: 0.5589260417300103 0.28384586764674696 0.5773837402004761
velocity: 0.0023591416833313584 0.5224874400073212 0.13406286680577853
angularVelocity: 0.41757405493627436 0.46923095877625925 0.5221556455309805
acceleration: 0.5865410506563177 0.5165113900981179 0.4572184509851725
accel: 0.0
brake: 1.0
steer: 0.560610984725382
linkid: A219BS010391
trafficlightid: C119BS010007
turn_signal_lamp: 0.0