position: 0.2093886002073288 0.2660648323113124 0.8973453962637612
orientation: 0.8705281799494813 0.5342149649620398 0.500294588800233
enu_velocity: 0.8894795329722078 0.9992370016986623 0.577799844202224
velocity: 0.9998885708545138 0.5166636815475649 0.7158399161492117
angularVelocity: 0.39374711933204076 0.419427364592957 0.52326308718856
acceleration: 0.5886264953940151 0.5225844545765319 0.475744530888329
accel: 0.02566224
brake: 0.0
steer: 0.5662170945726358
linkid: A219BS010380
trafficlightid: null
turn_signal_lamp: 0.0