position: 0.8229384890794333 0.7938483670011092 0.8922371889752059
orientation: 0.734339852939359 0.7611243848294369 0.9945932227642093
enu_velocity: 0.5589260587393666 0.28384565407079215 0.5774021990233106
velocity: 0.0023589805398083743 0.5224890506808916 0.13408048418249408
angularVelocity: 0.4175425806424468 0.4692128007502826 0.5221555054558233
acceleration: 0.5865193483412593 0.5165807138907318 0.4573508881317959
accel: 0.0
brake: 1.0
steer: 0.560610984725382
linkid: A219BS010391
trafficlightid: C119BS010007
turn_signal_lamp: 0.0