position: 0.8229384890794333 0.7938483670011092 0.892235729278881
orientation: 0.734339852939359 0.7611208213088269 0.9945932227642093
enu_velocity: 0.5589260605171856 0.28384573494370796 0.5774024517503552
velocity: 0.0023590254425133366 0.5224884299486653 0.134080838220124
angularVelocity: 0.41755408705823227 0.46921915392803126 0.5221555535423906
acceleration: 0.5865520086067705 0.516567041756093 0.45746442916581787
accel: 0.0
brake: 1.0
steer: 0.560610984725382
linkid: A219BS010391
trafficlightid: C119BS010007
turn_signal_lamp: 0.0