position: 0.8229384890794333 0.7938483670011092 0.8922371889752059
orientation: 0.734339852939359 0.7611204649567658 0.9945932227642093
enu_velocity: 0.5589260557563905 0.28384593671758707 0.5774055196182577
velocity: 0.002359147385385087 0.5224869372149775 0.13408409435306448
angularVelocity: 0.4175823599005665 0.4692329975940623 0.5221556839712796
acceleration: 0.5865286273340707 0.5165214155712003 0.4573945185872906
accel: 0.0
brake: 1.0
steer: 0.560610984725382
linkid: A219BS010391
trafficlightid: C119BS010007
turn_signal_lamp: 0.0