position: 0.8229384890794333 0.7938483670011092 0.8922364591270433
orientation: 0.734339852939359 0.7611176141402777 0.9945932227642093
enu_velocity: 0.5589263907724288 0.2838459537756667 0.5773537959325613
velocity: 0.002358767704780928 0.5224849234872575 0.1340336605542907
angularVelocity: 0.41762356536137585 0.4691821126721683 0.5221558271398269
acceleration: 0.5865107634417033 0.5163985873348362 0.45710099411792493
accel: 0.0
brake: 1.0
steer: 0.560610984725382
linkid: A219BS010391
trafficlightid: C119BS010007
turn_signal_lamp: 0.0