position: 0.8229384890794333 0.7938483670011092 0.8922386486715306
orientation: 0.734339852939359 0.7611186831964607 0.9945932227642093
enu_velocity: 0.5589259383023919 0.28384599485975137 0.5773979047191933
velocity: 0.0023593378981882343 0.5224870501492942 0.13407686588495457
angularVelocity: 0.41758506731726575 0.46925574989719826 0.5221556945139527
acceleration: 0.5865480718504709 0.5163899778257446 0.4572422827387726
accel: 0.0
brake: 1.0
steer: 0.560610984725382
linkid: A219BS010391
trafficlightid: C119BS010007
turn_signal_lamp: 0.0