position: 0.8229384890794333 0.7938483670011092 0.8922393785196925
orientation: 0.734339852939359 0.7611193959005828 0.9945932227642093
enu_velocity: 0.5589259777304187 0.28384603679676806 0.5773894870971327
velocity: 0.0023593184000321754 0.5224865008440367 0.1340687223654712
angularVelocity: 0.4175886935757232 0.4692529049609784 0.5221557266833843
acceleration: 0.5865513914025169 0.5165674957514176 0.45737873831898324
accel: 0.0
brake: 1.0
steer: 0.560610984725382
linkid: A219BS010391
trafficlightid: C119BS010007
turn_signal_lamp: 0.0