position: 0.8229384890794333 0.7938483670011092 0.8922393785196925
orientation: 0.7343510555496973 0.7611190395485218 0.9945932227642093
enu_velocity: 0.5589259984686912 0.28384593837188754 0.5773969067373113
velocity: 0.0023592284372005385 0.5224871743144665 0.13407577660950176
angularVelocity: 0.41757579821994323 0.46924268398468605 0.5221556662672838
acceleration: 0.5865456408146362 0.5165881160751384 0.45745874969605227
accel: 0.0
brake: 1.0
steer: 0.560610984725382
linkid: A219BS010391
trafficlightid: C119BS010007
turn_signal_lamp: 0.0