position: 0.8229384890794333 0.7938483670011092 0.8922393785196925
orientation: 0.7343510555496973 0.7611186831964607 0.9945932227642093
enu_velocity: 0.5589260998007889 0.28384586640666015 0.5773981644120753
velocity: 0.0023590553936455863 0.5224872200364327 0.13407682627906023
angularVelocity: 0.41757703849547756 0.4692210119995741 0.5221556578833203
acceleration: 0.5865161883029832 0.5165332253721845 0.45736979466092
accel: 0.0
brake: 1.0
steer: 0.560610984725382
linkid: A219BS010391
trafficlightid: C119BS010007
turn_signal_lamp: 0.0