position: 0.21031591042183329 0.26725346532239413 0.8948478558520685
orientation: 0.8675837003031426 0.5291372331742672 0.5002999594080693
enu_velocity: 0.889458054316792 0.9992974857632568 0.5856270088496656
velocity: 0.9999384272954472 0.5169683032645449 0.7147443449113575
angularVelocity: 0.3883403374603305 0.4275996657284549 0.5233570371598483
acceleration: 0.5883284047024361 0.5222500378981532 0.47842222920897887
accel: 0.02486396
brake: 0.0
steer: 0.5659733506662334
linkid: A219BS010380
trafficlightid: null
turn_signal_lamp: 0.0