position: 0.8229384890794333 0.7938483670011092 0.8922401083678551
orientation: 0.7343510555496973 0.7611190395485218 0.9945932227642093
enu_velocity: 0.5589261011009499 0.28384617779515564 0.5773996834762976
velocity: 0.002359234972956165 0.5224848599063406 0.13407872347290153
angularVelocity: 0.4176222400915541 0.46924298967967076 0.5221558577557215
acceleration: 0.5865411034647086 0.5164507185136927 0.4573186926007863
accel: 0.0
brake: 1.0
steer: 0.560610984725382
linkid: A219BS010391
trafficlightid: C119BS010007
turn_signal_lamp: 0.0