position: 0.8229384890794333 0.7938483670011092 0.8922393785196925
orientation: 0.7343510555496973 0.7611176141402777 0.9945932227642093
enu_velocity: 0.5589263482850914 0.28384625704624034 0.5773670483852812
velocity: 0.0023589896290862646 0.522482891863133 0.13404696941922692
angularVelocity: 0.41765858707754827 0.46920965357866656 0.5221559985036781
acceleration: 0.5865142303502466 0.5164308193764818 0.4572306137303762
accel: 0.0
brake: 1.0
steer: 0.560610984725382
linkid: A219BS010391
trafficlightid: C119BS010007
turn_signal_lamp: 0.0