position: 0.8229384890794333 0.7938483670011092 0.8922393785196925
orientation: 0.7343618967855085 0.7611161887320337 0.9945932227642093
enu_velocity: 0.5589262562968855 0.28384617335317325 0.5773563446211617
velocity: 0.0023590667824770297 0.5224839400091762 0.13403653090907824
angularVelocity: 0.41764147098524296 0.46921873263259634 0.522155920963072
acceleration: 0.5865326634353849 0.5163870711908367 0.45703307031216334
accel: 0.0
brake: 1.0
steer: 0.560610984725382
linkid: A219BS010391
trafficlightid: C119BS010007
turn_signal_lamp: 0.0