position: 0.8229384890794333 0.7938483670011092 0.8922393785196925
orientation: 0.7343618967855085 0.7611169014361556 0.9945932227642093
enu_velocity: 0.5589262483195254 0.2838462771040639 0.5773581853616517
velocity: 0.002359136371127577 0.5224832010994472 0.13403846478763934
angularVelocity: 0.4176543888087986 0.4692265538518127 0.5221559856397727
acceleration: 0.5865139545468733 0.5163977586848144 0.4571079453735294
accel: 0.0
brake: 1.0
steer: 0.560610984725382
linkid: A219BS010391
trafficlightid: C119BS010007
turn_signal_lamp: 0.0