position: 0.8229384890794333 0.7938483670011092 0.8922393785196925
orientation: 0.7343618967855085 0.7611172577882167 0.9945932227642093
enu_velocity: 0.5589262288854675 0.2838460939708218 0.5773760751832886
velocity: 0.0023590402234025237 0.5224847602828049 0.13405559757725635
angularVelocity: 0.41762631706720943 0.46921656367130826 0.522155858202734
acceleration: 0.586506943507887 0.5163919340762395 0.457290081069171
accel: 0.0
brake: 1.0
steer: 0.560610984725382
linkid: A219BS010391
trafficlightid: C119BS010007
turn_signal_lamp: 0.0