position: 0.8229384890794333 0.7938483670011092 0.8922393785196925
orientation: 0.7343618967855085 0.7611169014361556 0.9945932227642093
enu_velocity: 0.5589262174978423 0.2838460523090916 0.5773653151951664
velocity: 0.002359038706096529 0.5224850880232652 0.13404510321337915
angularVelocity: 0.41761998686128543 0.46921581756173214 0.5221558297138177
acceleration: 0.5865154992360787 0.5164099818058179 0.45718763239121857
accel: 0.0
brake: 1.0
steer: 0.560610984725382
linkid: A219BS010391
trafficlightid: C119BS010007
turn_signal_lamp: 0.0