position: 0.8229384890794333 0.7938483670011092 0.8922379188233682
orientation: 0.7343618967855085 0.7611176141402777 0.9945932227642093
enu_velocity: 0.5589261403831792 0.2838461587693618 0.5773504420434248
velocity: 0.0023592113973160125 0.5224846035691754 0.13403086477229229
angularVelocity: 0.41763083739320256 0.46923549746553767 0.5221558851656797
acceleration: 0.5865243022098526 0.5163524855971675 0.4571807887359065
accel: 0.0
brake: 1.0
steer: 0.560610984725382
linkid: A219BS010391
trafficlightid: C119BS010007
turn_signal_lamp: 0.0