position: 0.8229384890794333 0.7938483670011092 0.8922371889752059
orientation: 0.7343510555496973 0.7611176141402777 0.9945932227642093
enu_velocity: 0.5589261199257146 0.28384577914448156 0.5773491827079908
velocity: 0.0023590162051867454 0.5224875773940564 0.13402914082589887
angularVelocity: 0.4175742033521126 0.46921268126362103 0.5221556324508075
acceleration: 0.5865284603420176 0.5164455208847977 0.45722999622937793
accel: 0.0
brake: 1.0
steer: 0.560610984725382
linkid: A219BS010391
trafficlightid: C119BS010007
turn_signal_lamp: 0.0