position: 0.8229384890794333 0.7938483670011092 0.8922401083678551
orientation: 0.7343510555496973 0.7611226030691318 0.9945932227642093
enu_velocity: 0.558925884698657 0.28384580809734505 0.5773848731813643
velocity: 0.0023593072530293984 0.5224886785009061 0.1340639995674918
angularVelocity: 0.4175529999682529 0.4692505700720849 0.522155565476276
acceleration: 0.586522639791507 0.5164709010922647 0.4572965814563317
accel: 0.0
brake: 1.0
steer: 0.560610984725382
linkid: A219BS010391
trafficlightid: C119BS010007
turn_signal_lamp: 0.0