position: 0.8229384890794333 0.7938483670011092 0.8922408382160174
orientation: 0.7343510555496973 0.761124741181498 0.9945932227642093
enu_velocity: 0.5589258857369626 0.28384598610911327 0.5773726892730233
velocity: 0.0023594195899609613 0.5224872735293665 0.13405241253253622
angularVelocity: 0.4175777417666924 0.4692635587945431 0.5221556799493571
acceleration: 0.5865449684649331 0.5164888481999451 0.457332443396537
accel: 0.0
brake: 1.0
steer: 0.560610984725382
linkid: A219BS010391
trafficlightid: C119BS010007
turn_signal_lamp: 0.0