position: 0.8229384890794333 0.7938483670011092 0.8922371889752059
orientation: 0.734339852939359 0.7611208213088269 0.9945932227642093
enu_velocity: 0.5589260128949836 0.28384604724953827 0.5773775082930269
velocity: 0.0023592886673708497 0.5224861965860673 0.13405708188095736
angularVelocity: 0.4175964524720865 0.46924805687993865 0.5221557508757052
acceleration: 0.586545422988588 0.5165080826940769 0.4572901479575585
accel: 0.0
brake: 1.0
steer: 0.560610984725382
linkid: A219BS010391
trafficlightid: C119BS010007
turn_signal_lamp: 0.0