position: 0.8229384890794333 0.7938483670011092 0.8922371889752059
orientation: 0.734339852939359 0.7611211776608878 0.9945932227642093
enu_velocity: 0.558926000882841 0.28384590691220474 0.5773687541985777
velocity: 0.0023592285997823923 0.5224872836311297 0.13404840115312275
angularVelocity: 0.4175785161284894 0.4692393421655017 0.5221556695901297
acceleration: 0.5865166723177304 0.5164642422793637 0.45719184923809103
accel: 0.0
brake: 1.0
steer: 0.560610984725382
linkid: A219BS010391
trafficlightid: C119BS010007
turn_signal_lamp: 0.0