position: 0.8229384890794333 0.7938483670011092 0.8922335397343937
orientation: 0.734339852939359 0.7611158323799726 0.9945932227642093
enu_velocity: 0.5589262321330913 0.2838461205269225 0.5773530017911896
velocity: 0.002359069391140517 0.522484446876923 0.1340332313160371
angularVelocity: 0.4176309187155348 0.4692186413317229 0.5221558801277654
acceleration: 0.5865229892929218 0.5164291976884275 0.45722877843452236
accel: 0.0
brake: 1.0
steer: 0.560610984725382
linkid: A219BS010391
trafficlightid: C119BS010007
turn_signal_lamp: 0.0