position: 0.020324274718654868 0.02581467077913402 0.5371368640468037
orientation: 0.6564582578813435 0.5080533427676353 0.49840835460523325
enu_velocity: 0.8930988568752749 0.9950656446222004 0.8116613504281207
velocity: 0.9979456653513363 0.5082091158081932 0.8975959169828365
angularVelocity: 0.3982653645505623 0.5274138159118849 0.5078251978808751
acceleration: 0.594382502662496 0.49870874701647944 0.5376964409048413
accel: 0.05526756
brake: 0.0
steer: 0.5613422164445889
linkid: A219BS010380
trafficlightid: null
turn_signal_lamp: 0.0