position: 0.21309629181865458 0.27080717324783343 0.8948529647892052
orientation: 0.856544069876535 0.523763907351885 0.5003114130513114
enu_velocity: 0.8892042311587445 0.998893305088365 0.6056238544743208
velocity: 0.9993229495321235 0.517314707226597 0.7245732687245104
angularVelocity: 0.38958959780998476 0.4642327403275818 0.5225509703830414
acceleration: 0.5930890579217535 0.5171631622894044 0.4650633809614912
accel: 0.03673423
brake: 0.0
steer: 0.5656483587910303
linkid: A219BS010380
trafficlightid: null
turn_signal_lamp: 0.0