position: 0.8229384890794333 0.7938483670011092 0.8922349994307186
orientation: 0.734339852939359 0.7611169014361556 0.9945932227642093
enu_velocity: 0.5589261457413708 0.28384580764702483 0.577369644008904
velocity: 0.0023589840422482784 0.5224873178393933 0.13404902502530958
angularVelocity: 0.4175791702490542 0.46920962787015896 0.5221556541360705
acceleration: 0.5865042473415006 0.5164332928370343 0.4571220883712328
accel: 0.0
brake: 1.0
steer: 0.560610984725382
linkid: A219BS010391
trafficlightid: C119BS010007
turn_signal_lamp: 0.0