position: 0.8229384890794333 0.7938483670011092 0.892234269582556
orientation: 0.734339852939359 0.7611154760279116 0.9945932227642093
enu_velocity: 0.5589262138173213 0.2838460092842263 0.5773826516088482
velocity: 0.0023590048651149008 0.5224855045427812 0.13406187783561024
angularVelocity: 0.41761156584026005 0.46921345821910415 0.5221557930394559
acceleration: 0.5865201940976708 0.5164334326459294 0.45739018157668626
accel: 0.0
brake: 1.0
steer: 0.560610984725382
linkid: A219BS010391
trafficlightid: C119BS010007
turn_signal_lamp: 0.0