position: 0.8229384890794333 0.7938483670011092 0.8922349994307186
orientation: 0.734339852939359 0.7611169014361556 0.9945932227642093
enu_velocity: 0.558926139039553 0.2838460468715946 0.5773522090322136
velocity: 0.0023591462072075887 0.5224854656752231 0.13403242901327958
angularVelocity: 0.41761297331597824 0.469227419586434 0.5221558084885572
acceleration: 0.586507221191565 0.5164199494036642 0.45706127523362833
accel: 0.0
brake: 1.0
steer: 0.560610984725382
linkid: A219BS010391
trafficlightid: C119BS010007
turn_signal_lamp: 0.0