position: 0.8229384890794333 0.7938483670011092 0.8922349994307186
orientation: 0.7343510555496973 0.7611176141402777 0.9945932227642093
enu_velocity: 0.5589261788284894 0.28384604636833044 0.5773657121949372
velocity: 0.0023590844974676222 0.5224853273835888 0.13404550857473715
angularVelocity: 0.4176122424706751 0.4692222285092328 0.5221558073181738
acceleration: 0.5865389425304331 0.5165066889012727 0.457306065819382
accel: 0.0
brake: 1.0
steer: 0.560610984725382
linkid: A219BS010391
trafficlightid: C119BS010007
turn_signal_lamp: 0.0