position: 0.8229384890794333 0.7938483670011092 0.8922349994307186
orientation: 0.7343510555496973 0.7611183268443997 0.9945932227642093
enu_velocity: 0.558926158189496 0.2838461106455836 0.5773700443964416
velocity: 0.0023591452757696168 0.522484961093398 0.13404981670371183
angularVelocity: 0.4176230987935715 0.4692289843827359 0.5221558493647176
acceleration: 0.5865158017138937 0.5163837460651898 0.45724076383644185
accel: 0.0
brake: 1.0
steer: 0.560610984725382
linkid: A219BS010391
trafficlightid: C119BS010007
turn_signal_lamp: 0.0