position: 0.8229384890794333 0.7938483670011092 0.8922379188233682
orientation: 0.734339852939359 0.7611211776608878 0.9945932227642093
enu_velocity: 0.5589259154663195 0.2838460805452802 0.5773827083768324
velocity: 0.0023594290783895177 0.5224864513418814 0.13406224609543607
angularVelocity: 0.41759493082265947 0.4692651267984035 0.5221557490557257
acceleration: 0.5865403741197016 0.5164169641799546 0.4571957916771826
accel: 0.0
brake: 1.0
steer: 0.560610984725382
linkid: A219BS010391
trafficlightid: C119BS010007
turn_signal_lamp: 0.0