position: 0.21402291347907365 0.27198971070501177 0.8958842402426601
orientation: 0.8540740749842024 0.5231753206527114 0.5003114678534322
enu_velocity: 0.8892995213839618 0.9989989478633494 0.6077695657895517
velocity: 0.9995021834372794 0.5168827123796818 0.7258062659629106
angularVelocity: 0.3964294328626983 0.4640606822595523 0.5221160580616494
acceleration: 0.5931812628795151 0.5115672267205609 0.462079654750324
accel: 0.03062852
brake: 0.0
steer: 0.5654858628534287
linkid: A219BS010380
trafficlightid: null
turn_signal_lamp: 0.0