position: 0.8229384890794333 0.7938483670011092 0.8922386486715306
orientation: 0.734339852939359 0.7611226030691318 0.9945932227642093
enu_velocity: 0.5589259773942266 0.28384590324576703 0.5773957800490158
velocity: 0.002359235746827841 0.5224875408551739 0.13407465031797203
angularVelocity: 0.4175724528048574 0.4692431200362522 0.5221556463282255
acceleration: 0.5865359202925967 0.5164978545962942 0.457347218955463
accel: 0.0
brake: 1.0
steer: 0.560610984725382
linkid: A219BS010391
trafficlightid: C119BS010007
turn_signal_lamp: 0.0