position: 0.8229384890794333 0.7938483670011092 0.8922386486715306
orientation: 0.7343510555496973 0.7611226030691318 0.9945932227642093
enu_velocity: 0.5589262042484952 0.2838460735091649 0.577374064043604
velocity: 0.0023590613725546243 0.5224850297570852 0.13405363515916913
angularVelocity: 0.4176207705024191 0.46921966281379635 0.5221558373795666
acceleration: 0.5865280929059231 0.5164128711640779 0.4572879025687781
accel: 0.0
brake: 1.0
steer: 0.560610984725382
linkid: A219BS010391
trafficlightid: C119BS010007
turn_signal_lamp: 0.0