position: 0.8229384890794333 0.7938483670011092 0.8922401083678551
orientation: 0.7343510555496973 0.7611243848294369 0.9945932227642093
enu_velocity: 0.5589259886581449 0.28384579937380605 0.5774009814110883
velocity: 0.002359156448663342 0.522488293591911 0.13407955047920342
angularVelocity: 0.4175596834047898 0.46923435091126997 0.5221555822898165
acceleration: 0.5865418025040784 0.516474089723187 0.45744526403658226
accel: 0.0
brake: 1.0
steer: 0.560610984725382
linkid: A219BS010391
trafficlightid: C119BS010007
turn_signal_lamp: 0.0