position: 0.2149497072780141 0.2731783437160935 0.8975227493672215
orientation: 0.8517359817942405 0.5234494979284541 0.5003100978004128
enu_velocity: 0.8893619117639788 0.9990535061243182 0.6113156258634362
velocity: 0.9996028934479649 0.5165855054653473 0.7298123733976049
angularVelocity: 0.3955884633288339 0.4746501495510243 0.5218447445637855
acceleration: 0.5902786915820973 0.513490812689836 0.46706023469459
accel: 0.02971131
brake: 0.0
steer: 0.5654858628534287
linkid: A219BS010380
trafficlightid: null
turn_signal_lamp: 0.0