position: 0.8229384890794333 0.7938483670011092 0.8922401083678551
orientation: 0.734339852939359 0.7611233157732539 0.9945932227642093
enu_velocity: 0.5589261408262702 0.2838459570422966 0.5773721292832494
velocity: 0.0023590759474868537 0.5224862204205113 0.1340516444686471
angularVelocity: 0.4175983782354802 0.4692215138944607 0.5221557417645035
acceleration: 0.5865294346152645 0.5164435034142094 0.45723622197021135
accel: 0.0
brake: 1.0
steer: 0.560610984725382
linkid: A219BS010391
trafficlightid: C119BS010007
turn_signal_lamp: 0.0