position: 0.8229384890794333 0.7938483670011092 0.8922401083678551
orientation: 0.7343510555496973 0.7611229594211929 0.9945932227642093
enu_velocity: 0.5589261410035885 0.2838461101526385 0.5773599585532674
velocity: 0.0023591747904934818 0.5224850085184546 0.13404003698991715
angularVelocity: 0.4176209636816859 0.46923232661922193 0.5221558438525219
acceleration: 0.5865353609385384 0.5164236338406265 0.45715652267533835
accel: 0.0
brake: 1.0
steer: 0.560610984725382
linkid: A219BS010391
trafficlightid: C119BS010007
turn_signal_lamp: 0.0