position: 0.8229384890794333 0.7938483670011092 0.8922379188233682
orientation: 0.7343510555496973 0.7611211776608878 0.9945932227642093
enu_velocity: 0.5589261733281297 0.28384600950325833 0.5773626341080793
velocity: 0.0023590723244691475 0.5224856213846654 0.13404247418248535
angularVelocity: 0.4176079439039998 0.4692198942082902 0.5221557839023735
acceleration: 0.5865187783653835 0.5164791397825045 0.4572605474574382
accel: 0.0
brake: 1.0
steer: 0.560610984725382
linkid: A219BS010391
trafficlightid: C119BS010007
turn_signal_lamp: 0.0