position: 0.8229384890794333 0.7938483670011092 0.8922401083678551
orientation: 0.734339852939359 0.761123672125315 0.9945932227642093
enu_velocity: 0.5589259807682336 0.283846019633577 0.577379356759672
velocity: 0.0023593122547023375 0.5224865736543246 0.13405886213887525
angularVelocity: 0.4175913195323918 0.4692510591288505 0.5221557289039694
acceleration: 0.5865442387545228 0.5164588056082516 0.4573840256822147
accel: 0.0
brake: 1.0
steer: 0.560610984725382
linkid: A219BS010391
trafficlightid: C119BS010007
turn_signal_lamp: 0.0