position: 0.8229384890794333 0.7938483670011092 0.8922401083678551
orientation: 0.734339852939359 0.7611240284773759 0.9945932227642093
enu_velocity: 0.5589259841955793 0.283845875119737 0.5773923605409726
velocity: 0.002359213184445066 0.5224877059070554 0.13407128742700333
angularVelocity: 0.4175695200716337 0.46924016425696463 0.5221556321939835
acceleration: 0.5865359029762861 0.5164980170366775 0.4573471917770858
accel: 0.0
brake: 1.0
steer: 0.560610984725382
linkid: A219BS010391
trafficlightid: C119BS010007
turn_signal_lamp: 0.0