position: 0.21587658714621522 0.27436088117327184 0.9000378061348118
orientation: 0.8492876693735305 0.5250697238442575 0.5003062068498377
enu_velocity: 0.8894287342474945 0.9990884479319047 0.6140433077602122
velocity: 0.999684658011096 0.5162262947593405 0.735321795711367
angularVelocity: 0.3950043164598068 0.4862340567637825 0.5213323176061547
acceleration: 0.5900465531429633 0.5114099463165758 0.4632051274099739
accel: 0.02876361
brake: 0.0
steer: 0.5654858628534287
linkid: A219BS010380
trafficlightid: null
turn_signal_lamp: 0.0