position: 0.8229384890794333 0.7938483670011092 0.8922393785196925
orientation: 0.734339852939359 0.7611229594211929 0.9945932227642093
enu_velocity: 0.5589261956931375 0.28384616505819243 0.5773609595961682
velocity: 0.00235913606725257 0.522484324050726 0.1340410438359294
angularVelocity: 0.4176347338272368 0.46922769670163184 0.5221558986273205
acceleration: 0.5865375351339089 0.5163794617326852 0.4572313557048432
accel: 0.0
brake: 1.0
steer: 0.560610984725382
linkid: A219BS010391
trafficlightid: C119BS010007
turn_signal_lamp: 0.0