position: 0.8229384890794333 0.7938483670011092 0.8922393785196925
orientation: 0.734339852939359 0.761123672125315 0.9945932227642093
enu_velocity: 0.558926005724897 0.2838460747953708 0.5773778365679894
velocity: 0.0023593137439142284 0.5224860249129418 0.1340574432284995
angularVelocity: 0.4176009480491017 0.4692510262251156 0.5221557697722963
acceleration: 0.5865444714935937 0.5164624108089215 0.457384267393247
accel: 0.0
brake: 1.0
steer: 0.560610984725382
linkid: A219BS010391
trafficlightid: C119BS010007
turn_signal_lamp: 0.0