position: 0.8229384890794333 0.7938483670011092 0.8922386486715306
orientation: 0.7343510555496973 0.7611226030691318 0.9945932227642093
enu_velocity: 0.5589262282300788 0.2838460880928537 0.5773693002627808
velocity: 0.002359042839320123 0.5224847799206367 0.13404901285316784
angularVelocity: 0.41762442279350875 0.4692167975574229 0.5221558544146302
acceleration: 0.5865213270671741 0.5164397521184607 0.45724151417275244
accel: 0.0
brake: 1.0
steer: 0.560610984725382
linkid: A219BS010391
trafficlightid: C119BS010007
turn_signal_lamp: 0.0