position: 0.8229384890794333 0.7938483670011092 0.8922386486715306
orientation: 0.7343510555496973 0.761123672125315 0.9945932227642093
enu_velocity: 0.5589259601161143 0.2838460520379963 0.5773706560086362
velocity: 0.002359364418200219 0.5224863947869185 0.13405047434205994
angularVelocity: 0.4175937611159837 0.4692567370594357 0.5221557419765072
acceleration: 0.586549018899725 0.5164789192827645 0.45735599690335077
accel: 0.0
brake: 1.0
steer: 0.560610984725382
linkid: A219BS010391
trafficlightid: C119BS010007
turn_signal_lamp: 0.0