position: 0.8229384890794333 0.7938483670011092 0.8922401083678551
orientation: 0.7343510555496973 0.761126879293864 0.9945932227642093
enu_velocity: 0.5589259980436013 0.2838459057307017 0.5773706596396687
velocity: 0.0023592300799702673 0.5224873146572292 0.13405025143638946
angularVelocity: 0.41757751069743815 0.4692395619909879 0.5221556674998405
acceleration: 0.5865119115617413 0.5164806562763331 0.45722027553053896
accel: 0.0
brake: 1.0
steer: 0.560610984725382
linkid: A219BS010391
trafficlightid: C119BS010007
turn_signal_lamp: 0.0