position: 0.8229384890794333 0.7938483670011092 0.8922401083678551
orientation: 0.7343510555496973 0.761126879293864 0.9945932227642093
enu_velocity: 0.558926024861305 0.2838459004356488 0.5773945938548747
velocity: 0.0023591741574662513 0.5224873206993129 0.13407346051051666
angularVelocity: 0.41757626022457833 0.4692358044475611 0.5221556579814886
acceleration: 0.5865422968643067 0.5165024948952569 0.45735226233352055
accel: 0.0
brake: 1.0
steer: 0.560610984725382
linkid: A219BS010391
trafficlightid: C119BS010007
turn_signal_lamp: 0.0