position: 0.8229384890794333 0.7938483670011092 0.8922408382160174
orientation: 0.7343510555496973 0.7611275919979861 0.9945932227642093
enu_velocity: 0.5589260059024027 0.2838457125995459 0.5773876719130074
velocity: 0.002359093759348511 0.5224888099639259 0.13406649890695754
angularVelocity: 0.4175502959175126 0.46922479789728716 0.5221555403065367
acceleration: 0.5865102973469436 0.5164861924293299 0.4572768382657556
accel: 0.0
brake: 1.0
steer: 0.560610984725382
linkid: A219BS010391
trafficlightid: C119BS010007
turn_signal_lamp: 0.0