position: 0.8229384890794333 0.7938483670011092 0.8922401083678551
orientation: 0.7343510555496973 0.761127235645925 0.9945932227642093
enu_velocity: 0.558926137912418 0.28384612912992246 0.5773977751869331
velocity: 0.0023591607384032555 0.5224850373706407 0.13407677802300141
angularVelocity: 0.4176193708334306 0.46923392070300274 0.5221558392759983
acceleration: 0.5865383032649547 0.5164437813365559 0.45746873063302085
accel: 0.0
brake: 1.0
steer: 0.560610984725382
linkid: A219BS010391
trafficlightid: C119BS010007
turn_signal_lamp: 0.0