position: 0.8229384890794333 0.7938483670011092 0.8922371889752059
orientation: 0.7343618967855085 0.761123672125315 0.9945932227642093
enu_velocity: 0.5589262687849167 0.2838461077811319 0.5773495227503711
velocity: 0.002359017614005125 0.5224843463711016 0.13402980991437907
angularVelocity: 0.4176297717688611 0.4692130609722914 0.5221558763474953
acceleration: 0.5865500303817627 0.5165119678224734 0.4572706777752916
accel: 0.0
brake: 1.0
steer: 0.560610984725382
linkid: A219BS010391
trafficlightid: C119BS010007
turn_signal_lamp: 0.0