position: 0.8229384890794333 0.7938483670011092 0.8922379188233682
orientation: 0.7343618967855085 0.7611229594211929 0.9945932227642093
enu_velocity: 0.5589262326597445 0.28384604066832037 0.5773728842504929
velocity: 0.002359006617120092 0.5224851321772931 0.13405242455234093
angularVelocity: 0.41761924566565856 0.4692124676402989 0.5221558251815195
acceleration: 0.5865124769700758 0.5164097497064811 0.457125406057518
accel: 0.0
brake: 1.0
steer: 0.560610984725382
linkid: A219BS010391
trafficlightid: C119BS010007
turn_signal_lamp: 0.0