position: 0.8229384890794333 0.7938483670011092 0.8922371889752059
orientation: 0.7343618967855085 0.7611218903650099 0.9945932227642093
enu_velocity: 0.5589260120805505 0.28384568739812477 0.5773829653408297
velocity: 0.002359074700926261 0.5224889506049062 0.1340618909503758
angularVelocity: 0.41754518375266936 0.4692227877329083 0.522155518543929
acceleration: 0.5865282677504325 0.516557664326085 0.4573414141375589
accel: 0.0
brake: 1.0
steer: 0.560610984725382
linkid: A219BS010391
trafficlightid: C119BS010007
turn_signal_lamp: 0.0