position: 0.8229384890794333 0.7938483670011092 0.8922371889752059
orientation: 0.7343510555496973 0.7611193959005828 0.9945932227642093
enu_velocity: 0.5589260461917407 0.2838460003717196 0.5773905456081921
velocity: 0.002359208473011398 0.5224864401749801 0.1340696508368075
angularVelocity: 0.41759507244385063 0.4692396659399738 0.5221557349121627
acceleration: 0.5865515267083176 0.5164176201709008 0.45734148999528795
accel: 0.0
brake: 1.0
steer: 0.560610984725382
linkid: A219BS010391
trafficlightid: C119BS010007
turn_signal_lamp: 0.0