position: 0.21773069115966015 0.2767320516415328 0.9061510143429761
orientation: 0.8461885214296179 0.5304521010089893 0.5002933283514552
enu_velocity: 0.8895547082661628 0.9991501580248359 0.6093849039890371
velocity: 0.999837468002557 0.5156389582953127 0.7401544647318318
angularVelocity: 0.4115638015598925 0.4932680349429204 0.5208376298460771
acceleration: 0.5898348369425792 0.50821019451112 0.44558390015914223
accel: 0.02625658
brake: 0.0
steer: 0.565404614884628
linkid: A219BS010380
trafficlightid: null
turn_signal_lamp: 0.0