position: 0.8229384890794333 0.7938483670011092 0.8922379188233682
orientation: 0.7343510555496973 0.7611204649567658 0.9945932227642093
enu_velocity: 0.5589261778485854 0.28384605905420907 0.5773485450466164
velocity: 0.0023591064101711155 0.5224851647239837 0.1340288603931465
angularVelocity: 0.41761846227697175 0.4692222788399731 0.5221558313013666
acceleration: 0.5865064410098225 0.5164220987506192 0.45705804515745413
accel: 0.0
brake: 1.0
steer: 0.560610984725382
linkid: A219BS010391
trafficlightid: C119BS010007
turn_signal_lamp: 0.0