position: 0.8229384890794333 0.7938483670011092 0.8922386486715306
orientation: 0.7343510555496973 0.7611215340129488 0.9945932227642093
enu_velocity: 0.5589259212563513 0.2838459753914494 0.5773786371132636
velocity: 0.002359363190535217 0.52248720250538 0.13405814646943362
angularVelocity: 0.4175803059388903 0.46925668633433826 0.5221556834665562
acceleration: 0.5865290112226775 0.5164524259081902 0.4572166426609556
accel: 0.0
brake: 1.0
steer: 0.560610984725382
linkid: A219BS010391
trafficlightid: C119BS010007
turn_signal_lamp: 0.0