position: 0.8229384890794333 0.7938483670011092 0.8922386486715306
orientation: 0.7343510555496973 0.7611229594211929 0.9945932227642093
enu_velocity: 0.5589261774532247 0.2838460094871851 0.5773702204220759
velocity: 0.002359061182202733 0.5224856325024526 0.1340498360793827
angularVelocity: 0.41761055894807664 0.4692195432590185 0.5221557910849165
acceleration: 0.5865315962384774 0.5163980877543243 0.45731108828487904
accel: 0.0
brake: 1.0
steer: 0.560610984725382
linkid: A219BS010391
trafficlightid: C119BS010007
turn_signal_lamp: 0.0