position: 0.8229384890794333 0.7938483670011092 0.8922393785196925
orientation: 0.734339852939359 0.7611243848294369 0.9945932227642093
enu_velocity: 0.5589259624069152 0.2838458592124485 0.5773879972607023
velocity: 0.002359235161912076 0.5224879168895494 0.1340670456461856
angularVelocity: 0.41756772819958304 0.46924201662108256 0.5221556200677281
acceleration: 0.5865222301119732 0.5164415646843222 0.4573481945462905
accel: 0.0
brake: 1.0
steer: 0.560610984725382
linkid: A219BS010391
trafficlightid: C119BS010007
turn_signal_lamp: 0.0