position: 0.2186580874434253 0.27792068465261455 0.9090251564064611
orientation: 0.8460121706604213 0.533367096503274 0.5002856560545466
enu_velocity: 0.8896338042670588 0.9991581272090222 0.6048223433184783
velocity: 0.9999017828113611 0.5151291230374933 0.7408086334222473
angularVelocity: 0.41608406635376 0.49625625907693877 0.5207072594613102
acceleration: 0.5887460233842894 0.5078796811890753 0.4483878944423002
accel: 0.02502554
brake: 0.0
steer: 0.5652421189470264
linkid: A219BS010380
trafficlightid: null
turn_signal_lamp: 0.0