position: 0.8229384890794333 0.7938483670011092 0.8922393785196925
orientation: 0.734339852939359 0.761125097533559 0.9945932227642093
enu_velocity: 0.5589259715821877 0.28384586008188645 0.5773706535553329
velocity: 0.0023592372686458444 0.5224877924516002 0.13405020264056736
angularVelocity: 0.4175696954113183 0.46924097997418035 0.5221556292697602
acceleration: 0.5865285329804654 0.5164584087087194 0.457120926459828
accel: 0.0
brake: 1.0
steer: 0.560610984725382
linkid: A219BS010391
trafficlightid: C119BS010007
turn_signal_lamp: 0.0