position: 0.8229384890794333 0.7938483670011092 0.8922371889752059
orientation: 0.734339852939359 0.7611204649567658 0.9945932227642093
enu_velocity: 0.558926213249944 0.2838459914751573 0.5773743054828501
velocity: 0.0023590015890980237 0.5224856076323883 0.13405375148269227
angularVelocity: 0.417609631293626 0.46921239673486537 0.5221557862804245
acceleration: 0.5865216192482283 0.5164378450803288 0.4572415811979065
accel: 0.0
brake: 1.0
steer: 0.560610984725382
linkid: A219BS010391
trafficlightid: C119BS010007
turn_signal_lamp: 0.0