position: 0.8229384890794333 0.7938483670011092 0.892235729278881
orientation: 0.734339852939359 0.7611186831964607 0.9945932227642093
enu_velocity: 0.5589262192806219 0.2838462179672001 0.5773670566688827
velocity: 0.0023591321240568 0.5224838308841989 0.13404701781742048
angularVelocity: 0.41764396060910086 0.4692277661816431 0.5221559354047094
acceleration: 0.5865418307390967 0.5163665305146109 0.45725777850719945
accel: 0.0
brake: 1.0
steer: 0.560610984725382
linkid: A219BS010391
trafficlightid: C119BS010007
turn_signal_lamp: 0.0