position: 0.8229384890794333 0.7938483670011092 0.8922379188233682
orientation: 0.734339852939359 0.7611208213088269 0.9945932227642093
enu_velocity: 0.5589259558777279 0.28384585088230113 0.5773907300772113
velocity: 0.0023592365477217085 0.5224880239224111 0.1340696921169272
angularVelocity: 0.4175613620084983 0.469243516250566 0.5221556012670245
acceleration: 0.586553637749816 0.5165663129761435 0.4574116031155422
accel: 0.0
brake: 1.0
steer: 0.560610984725382
linkid: A219BS010391
trafficlightid: C119BS010007
turn_signal_lamp: 0.0