position: 0.8229384890794333 0.7938483670011092 0.8922386486715306
orientation: 0.734339852939359 0.7611208213088269 0.9945932227642093
enu_velocity: 0.5589259776519875 0.2838457702482156 0.5774035843721796
velocity: 0.002359151492227146 0.522488579995509 0.1340820458511038
angularVelocity: 0.41755512572430276 0.4692332193450873 0.5221555642278537
acceleration: 0.5865181375317159 0.5164616094916001 0.4572826953094002
accel: 0.0
brake: 1.0
steer: 0.560610984725382
linkid: A219BS010391
trafficlightid: C119BS010007
turn_signal_lamp: 0.0