position: 0.8229384890794333 0.7938483670011092 0.8922364591270433
orientation: 0.734339852939359 0.7611183268443997 0.9945932227642093
enu_velocity: 0.5589264197981041 0.28384616981806354 0.5773332028345931
velocity: 0.002358872916578948 0.5224830558580033 0.13401394117016147
angularVelocity: 0.41765828620672113 0.4691926387124738 0.5221559827245729
acceleration: 0.5865076546284038 0.5163695407326895 0.4571199201442347
accel: 0.0
brake: 1.0
steer: 0.560610984725382
linkid: A219BS010391
trafficlightid: C119BS010007
turn_signal_lamp: 0.0