position: 0.8229384890794333 0.7938483670011092 0.8922379188233682
orientation: 0.734339852939359 0.7611204649567658 0.9945932227642093
enu_velocity: 0.5589259556526281 0.2838461096311065 0.5773821801949034
velocity: 0.002359395002010704 0.522486028465051 0.13406174375108454
angularVelocity: 0.41760060939156085 0.4692614008394073 0.5221557734255426
acceleration: 0.5865537815664688 0.5164695530687685 0.4572886433505135
accel: 0.0
brake: 1.0
steer: 0.560610984725382
linkid: A219BS010391
trafficlightid: C119BS010007
turn_signal_lamp: 0.0