position: 0.8229384890794333 0.7938483670011092 0.8922386486715306
orientation: 0.734339852939359 0.7611204649567658 0.9945932227642093
enu_velocity: 0.5589259156340576 0.2838457837075547 0.5773915464446312
velocity: 0.002359248162602255 0.5224887369518819 0.13407042248903253
angularVelocity: 0.4175507789326162 0.46924473221887975 0.5221555525101368
acceleration: 0.5865442838437688 0.5165059500714081 0.45729505371029383
accel: 0.0
brake: 1.0
steer: 0.560610984725382
linkid: A219BS010391
trafficlightid: C119BS010007
turn_signal_lamp: 0.0