position: 0.8229384890794333 0.7938483670011092 0.8922386486715306
orientation: 0.734339852939359 0.7611211776608878 0.9945932227642093
enu_velocity: 0.558925937289554 0.28384600017430245 0.5773773946430556
velocity: 0.0023593581100392453 0.5224869296210324 0.13405696233864872
angularVelocity: 0.41758161125775556 0.46925687461124443 0.5221556961510815
acceleration: 0.5865549015732896 0.5165531316456022 0.4574020756392207
accel: 0.0
brake: 1.0
steer: 0.560610984725382
linkid: A219BS010391
trafficlightid: C119BS010007
turn_signal_lamp: 0.0