position: 0.8229384890794333 0.7938483670011092 0.8922386486715306
orientation: 0.734339852939359 0.7611218903650099 0.9945932227642093
enu_velocity: 0.5589259243582443 0.2838459816673761 0.5773773531307939
velocity: 0.0023593638794016615 0.5224871341446803 0.13405690624686628
angularVelocity: 0.4175805000858702 0.46925733532447894 0.5221556867675868
acceleration: 0.5865495535228304 0.5164811380278354 0.4572620957709396
accel: 0.0
brake: 1.0
steer: 0.560610984725382
linkid: A219BS010391
trafficlightid: C119BS010007
turn_signal_lamp: 0.0