position: 0.8229384890794333 0.7938483670011092 0.8922393785196925
orientation: 0.734339852939359 0.7611226030691318 0.9945932227642093
enu_velocity: 0.558925919466293 0.28384582746955317 0.5773893989559502
velocity: 0.002359270540192132 0.5224883772606359 0.1340683944091336
angularVelocity: 0.4175569457900843 0.46924707153891465 0.5221555824098
acceleration: 0.5865401799915805 0.5165139374830839 0.4573187058639615
accel: 0.0
brake: 1.0
steer: 0.560610984725382
linkid: A219BS010391
trafficlightid: C119BS010007
turn_signal_lamp: 0.0