position: 0.8229384890794333 0.7938483670011092 0.8922386486715306
orientation: 0.734339852939359 0.7611218903650099 0.9945932227642093
enu_velocity: 0.5589261985298714 0.28384613021428323 0.577377831454921
velocity: 0.002359099020848292 0.522484644159964 0.13405737387022487
angularVelocity: 0.4176275763910112 0.46922433186739987 0.5221558697465246
acceleration: 0.5865241953271007 0.5164170062361642 0.45736163450028605
accel: 0.0
brake: 1.0
steer: 0.560610984725382
linkid: A219BS010391
trafficlightid: C119BS010007
turn_signal_lamp: 0.0