position: 0.8229384890794333 0.7938483670011092 0.8922371889752059
orientation: 0.734339852939359 0.7611190395485218 0.9945932227642093
enu_velocity: 0.5589261942920815 0.2838458131416956 0.5773638682641654
velocity: 0.0023589294643525317 0.5224870102549353 0.134043390123291
angularVelocity: 0.41758449311145035 0.469203110779612 0.5221556715346539
acceleration: 0.5865209455838346 0.516440674174388 0.4572350537293775
accel: 0.0
brake: 1.0
steer: 0.560610984725382
linkid: A219BS010391
trafficlightid: C119BS010007
turn_signal_lamp: 0.0