position: 0.8229384890794333 0.7938483670011092 0.8922371889752059
orientation: 0.734339852939359 0.7611186831964607 0.9945932227642093
enu_velocity: 0.5589259912001268 0.28384590228893364 0.5773884404441547
velocity: 0.0023592231401780434 0.5224874487897194 0.1340675136009013
angularVelocity: 0.41757123793083795 0.4692418703324683 0.5221556424917317
acceleration: 0.5865603288705916 0.51658071438172 0.4574577204482063
accel: 0.0
brake: 1.0
steer: 0.560610984725382
linkid: A219BS010391
trafficlightid: C119BS010007
turn_signal_lamp: 0.0