position: 0.8229384890794333 0.7938483670011092 0.8922393785196925
orientation: 0.734339852939359 0.7611208213088269 0.9945932227642093
enu_velocity: 0.5589259373861738 0.2838460034218635 0.5773815454266854
velocity: 0.0023593566910501515 0.5224869217891139 0.13406099633152802
angularVelocity: 0.4175861418040239 0.4692562970499568 0.5221557077726133
acceleration: 0.5865364550702373 0.5164293186556498 0.45716928976968674
accel: 0.0
brake: 1.0
steer: 0.560610984725382
linkid: A219BS010391
trafficlightid: C119BS010007
turn_signal_lamp: 0.0