position: 0.8229384890794333 0.7938483670011092 0.8922379188233682
orientation: 0.734339852939359 0.7611193959005828 0.9945932227642093
enu_velocity: 0.5589261586111254 0.2838457662993827 0.5773673584566074
velocity: 0.0023589450806860996 0.5224875575742554 0.13404674062411984
angularVelocity: 0.41757249894144416 0.46920516511200283 0.5221556274581101
acceleration: 0.5865134553222134 0.516501141578294 0.4571883857841026
accel: 0.0
brake: 1.0
steer: 0.560610984725382
linkid: A219BS010391
trafficlightid: C119BS010007
turn_signal_lamp: 0.0