position: 0.8229384890794333 0.7938483670011092 0.8922393785196925
orientation: 0.734339852939359 0.7611204649567658 0.9945932227642093
enu_velocity: 0.5589259460630392 0.28384602699542755 0.5773800008617531
velocity: 0.002359360566241736 0.5224866934691966 0.1340595226068387
angularVelocity: 0.41759028775506224 0.469256601952642 0.5221557261350305
acceleration: 0.5865364434610697 0.5164299522912886 0.4571693080423347
accel: 0.0
brake: 1.0
steer: 0.560610984725382
linkid: A219BS010391
trafficlightid: C119BS010007
turn_signal_lamp: 0.0