position: 0.8229384890794333 0.7938483670011092 0.8922408382160174
orientation: 0.734339852939359 0.7611218903650099 0.9945932227642093
enu_velocity: 0.5589259383743965 0.28384587316266885 0.577391035478913
velocity: 0.0023592718054239615 0.5224879435489185 0.13407003159228426
angularVelocity: 0.4175647035795061 0.4692472805733524 0.5221556162411503
acceleration: 0.5865401687706538 0.5165142049796025 0.457318711557267
accel: 0.0
brake: 1.0
steer: 0.560610984725382
linkid: A219BS010391
trafficlightid: C119BS010007
turn_signal_lamp: 0.0