position: 0.8229384890794333 0.7938483670011092 0.8922408382160174
orientation: 0.7343510555496973 0.7611226030691318 0.9945932227642093
enu_velocity: 0.55892615622125 0.28384622395369213 0.5773579683794069
velocity: 0.002359223479825047 0.522484061932064 0.1340382486120061
angularVelocity: 0.4176372960487085 0.4692376194301968 0.5221559218989423
acceleration: 0.5865270618483165 0.5164429529458373 0.45720360099979535
accel: 0.0
brake: 1.0
steer: 0.560610984725382
linkid: A219BS010391
trafficlightid: C119BS010007
turn_signal_lamp: 0.0