position: 0.8229384890794333 0.7938483670011092 0.8922408382160174
orientation: 0.7343510555496973 0.761123672125315 0.9945932227642093
enu_velocity: 0.558925956430752 0.28384601639516616 0.5773903122526387
velocity: 0.0023593331206698534 0.5224867650300805 0.1340695111349068
angularVelocity: 0.4175867851917698 0.469254615170063 0.5221557116755442
acceleration: 0.5865467036739019 0.5164831584750398 0.45746248485429675
accel: 0.0
brake: 1.0
steer: 0.560610984725382
linkid: A219BS010391
trafficlightid: C119BS010007
turn_signal_lamp: 0.0