position: 0.8229384890794333 0.7938483670011092 0.8922401083678551
orientation: 0.734339852939359 0.7611229594211929 0.9945932227642093
enu_velocity: 0.558926138104345 0.28384599733323107 0.5773667001948459
velocity: 0.0023591072226566054 0.5224859060454227 0.1340464305802499
angularVelocity: 0.41760430309924496 0.4692247676214056 0.5221557699258949
acceleration: 0.5865292985893148 0.5164400853644391 0.45723624563400606
accel: 0.0
brake: 1.0
steer: 0.560610984725382
linkid: A219BS010391
trafficlightid: C119BS010007
turn_signal_lamp: 0.0