position: 0.8229384890794333 0.7938483670011092 0.8922408382160174
orientation: 0.734339852939359 0.7611243848294369 0.9945932227642093
enu_velocity: 0.5589259168484539 0.2838459826811871 0.5773760718323259
velocity: 0.002359375088525564 0.5224871585524016 0.13405566916434353
angularVelocity: 0.4175799806189616 0.4692585903879364 0.5221556841636498
acceleration: 0.5865498117944576 0.5164830158736491 0.4572621712374527
accel: 0.0
brake: 1.0
steer: 0.560610984725382
linkid: A219BS010391
trafficlightid: C119BS010007
turn_signal_lamp: 0.0