position: 0.8229384890794333 0.7938483670011092 0.8922386486715306
orientation: 0.7343510555496973 0.7611215340129488 0.9945932227642093
enu_velocity: 0.5589264173128873 0.2838461933248683 0.5773494804436807
velocity: 0.002358877334108897 0.5224829577819122 0.13402977749370204
angularVelocity: 0.4176604946582615 0.46919467958294214 0.5221559926705021
acceleration: 0.5865134918320941 0.5163527456674893 0.45718229051220194
accel: 0.0
brake: 1.0
steer: 0.560610984725382
linkid: A219BS010391
trafficlightid: C119BS010007
turn_signal_lamp: 0.0