position: 0.8229384890794333 0.7938483670011092 0.8922386486715306
orientation: 0.734339852939359 0.7611211776608878 0.9945932227642093
enu_velocity: 0.5589259355866887 0.28384564496651005 0.5773742477633468
velocity: 0.0023591546309515996 0.5224896170891326 0.13405342554231386
angularVelocity: 0.4175335766641129 0.46923192284149456 0.5221554715312627
acceleration: 0.5865335406065847 0.516547908758432 0.45726602430278085
accel: 0.0
brake: 1.0
steer: 0.560610984725382
linkid: A219BS010391
trafficlightid: C119BS010007
turn_signal_lamp: 0.0