position: 0.8229384890794333 0.7938483670011092 0.8922386486715306
orientation: 0.734339852939359 0.7611215340129488 0.9945932227642093
enu_velocity: 0.558925914369033 0.2838459139067986 0.5773727418840364
velocity: 0.0023593405433964924 0.5224876782899631 0.13405234467932045
angularVelocity: 0.41757178591659844 0.4692544743881099 0.5221556435358847
acceleration: 0.5865566572372313 0.5164536905766166 0.45730866759636124
accel: 0.0
brake: 1.0
steer: 0.560610984725382
linkid: A219BS010391
trafficlightid: C119BS010007
turn_signal_lamp: 0.0