position: 0.8229384890794333 0.7938483670011092 0.8922371889752059
orientation: 0.734339852939359 0.7611204649567658 0.9945932227642093
enu_velocity: 0.558925932894288 0.2838459398357449 0.5773691291087444
velocity: 0.002359334765184558 0.5224873744447069 0.1340488591679972
angularVelocity: 0.41757524006363195 0.46925390903038666 0.5221556619240834
acceleration: 0.5865695255542521 0.5165075429752781 0.45740148307426415
accel: 0.0
brake: 1.0
steer: 0.560610984725382
linkid: A219BS010391
trafficlightid: C119BS010007
turn_signal_lamp: 0.0