position: 0.8229384890794333 0.7938483670011092 0.8922371889752059
orientation: 0.734339852939359 0.7611204649567658 0.9945932227642093
enu_velocity: 0.558925982459439 0.283845837302893 0.5773869497818778
velocity: 0.0023591974248490153 0.522487978663318 0.13406598441400805
angularVelocity: 0.41756473354036533 0.46923788523056814 0.5221556098959128
acceleration: 0.5865358918337689 0.5164978883210474 0.4573471674453614
accel: 0.0
brake: 1.0
steer: 0.560610984725382
linkid: A219BS010391
trafficlightid: C119BS010007
turn_signal_lamp: 0.0