position: 0.8229384890794333 0.7938483670011092 0.8922371889752059
orientation: 0.734339852939359 0.7611215340129488 0.9945932227642093
enu_velocity: 0.5589260110412904 0.28384607714932475 0.577378155893287
velocity: 0.0023593080608533107 0.5224859819097896 0.13405775258175148
angularVelocity: 0.41760251925194625 0.46925056672363336 0.5221557754062602
acceleration: 0.5865519688767731 0.5164402443939886 0.45733708351999586
accel: 0.0
brake: 1.0
steer: 0.560610984725382
linkid: A219BS010391
trafficlightid: C119BS010007
turn_signal_lamp: 0.0