position: 0.8229384890794333 0.7938483670011092 0.892235729278881
orientation: 0.734339852939359 0.7611186831964607 0.9945932227642093
enu_velocity: 0.5589261942471808 0.28384630006164885 0.5773710905673765
velocity: 0.002359209203782181 0.5224833502170115 0.13405106375921153
angularVelocity: 0.41765512377357655 0.46923689544764746 0.5221559860510877
acceleration: 0.586532161751104 0.5162963147651819 0.45719147549962336
accel: 0.0
brake: 1.0
steer: 0.560610984725382
linkid: A219BS010391
trafficlightid: C119BS010007
turn_signal_lamp: 0.0