position: 0.8229384890794333 0.7938483670011092 0.8922371889752059
orientation: 0.734339852939359 0.7611204649567658 0.9945932227642093
enu_velocity: 0.5589259869386421 0.2838461774830701 0.5773794457940256
velocity: 0.0023593967459640797 0.5224853469588797 0.13405915873487856
angularVelocity: 0.41761135145162714 0.4692617420767355 0.5221558228614769
acceleration: 0.5865658628199848 0.5165126546843039 0.4574750487707947
accel: 0.0
brake: 1.0
steer: 0.560610984725382
linkid: A219BS010391
trafficlightid: C119BS010007
turn_signal_lamp: 0.0