position: 0.8229384890794333 0.7938483670011092 0.8922379188233682
orientation: 0.734339852939359 0.7611204649567658 0.9945932227642093
enu_velocity: 0.5589260052392067 0.28384568764087836 0.577389334656603
velocity: 0.0023590787075892803 0.522489009342086 0.13406807968092055
angularVelocity: 0.4175472431075298 0.4692233707076454 0.5221555248980909
acceleration: 0.5865172672323821 0.5164670670511923 0.45727623060876865
accel: 0.0
brake: 1.0
steer: 0.560610984725382
linkid: A219BS010391
trafficlightid: C119BS010007
turn_signal_lamp: 0.0