position: 0.8229384890794333 0.7938483670011092 0.892234269582556
orientation: 0.7343510555496973 0.7611172577882167 0.9945932227642093
enu_velocity: 0.558926197492367 0.28384606398842144 0.5773417823854439
velocity: 0.0023590893252163673 0.5224850013223683 0.13402228756739412
angularVelocity: 0.41762206651517303 0.4692198772616836 0.5221558417825605
acceleration: 0.586514630116693 0.5164033603233649 0.45701087103279586
accel: 0.0
brake: 1.0
steer: 0.560610984725382
linkid: A219BS010391
trafficlightid: C119BS010007
turn_signal_lamp: 0.0