position: 0.8229384890794333 0.7938483670011092 0.8922401083678551
orientation: 0.7343510555496973 0.761124741181498 0.9945932227642093
enu_velocity: 0.5589259430527204 0.2838456863604961 0.5773823719870285
velocity: 0.002359163049595795 0.522489299955709 0.13406136353885903
angularVelocity: 0.41753934018025474 0.4692335024383826 0.5221555010065217
acceleration: 0.5865314840101795 0.516547418859594 0.45731753498321515
accel: 0.0
brake: 1.0
steer: 0.560610984725382
linkid: A219BS010391
trafficlightid: C119BS010007
turn_signal_lamp: 0.0