position: 0.8229384890794333 0.7938483670011092 0.8922401083678551
orientation: 0.7343510555496973 0.761124741181498 0.9945932227642093
enu_velocity: 0.558925981528186 0.28384590227497736 0.5773934041239552
velocity: 0.0023592317083065565 0.5224875177330738 0.1340723394160616
angularVelocity: 0.41757394353833427 0.46924266062081155 0.52215564882507
acceleration: 0.5865429444046476 0.5164700659059623 0.45739363989397736
accel: 0.0
brake: 1.0
steer: 0.560610984725382
linkid: A219BS010391
trafficlightid: C119BS010007
turn_signal_lamp: 0.0