position: 0.8229384890794333 0.7938483670011092 0.8922401083678551
orientation: 0.7343510555496973 0.7611243848294369 0.9945932227642093
enu_velocity: 0.5589261817243235 0.28384616018086783 0.5773652391939306
velocity: 0.0023591478224341267 0.5224844484174775 0.13404520203191667
angularVelocity: 0.41763244892635476 0.46922947553246297 0.5221558898455277
acceleration: 0.5865374874335518 0.5163797032221716 0.4572313398335615
accel: 0.0
brake: 1.0
steer: 0.560610984725382
linkid: A219BS010391
trafficlightid: C119BS010007
turn_signal_lamp: 0.0