position: 0.8229384890794333 0.7938483670011092 0.8922393785196925
orientation: 0.734339852939359 0.7611229594211929 0.9945932227642093
enu_velocity: 0.5589261826830216 0.28384597014862123 0.5773535712304452
velocity: 0.002359044257785724 0.5224858353435039 0.13403361549844395
angularVelocity: 0.4176071633381286 0.46921620550171383 0.5221557738394358
acceleration: 0.5865332995104356 0.5163952478324405 0.45720152109854717
accel: 0.0
brake: 1.0
steer: 0.560610984725382
linkid: A219BS010391
trafficlightid: C119BS010007
turn_signal_lamp: 0.0