position: 0.8229384890794333 0.7938483670011092 0.8922379188233682
orientation: 0.734339852939359 0.7611208213088269 0.9945932227642093
enu_velocity: 0.5589260013568885 0.283845855764489 0.5773907266391756
velocity: 0.002359181102348818 0.5224877602896949 0.13406966245174612
angularVelocity: 0.41756868426196186 0.46923619664660104 0.522155625308325
acceleration: 0.5865361678099477 0.5164973608155806 0.4573472634523028
accel: 0.0
brake: 1.0
steer: 0.560610984725382
linkid: A219BS010391
trafficlightid: C119BS010007
turn_signal_lamp: 0.0