position: 0.8229384890794333 0.7938483670011092 0.892235729278881
orientation: 0.734339852939359 0.7611169014361556 0.9945932227642093
enu_velocity: 0.5589259892802758 0.2838458335728448 0.5773879487511852
velocity: 0.0023591857253870163 0.522487977101563 0.13406694421603088
angularVelocity: 0.4175615274683284 0.4692374434715771 0.5221555967304624
acceleration: 0.5865617039441481 0.5165884793143596 0.4573641541855258
accel: 0.0
brake: 1.0
steer: 0.560610984725382
linkid: A219BS010391
trafficlightid: C119BS010007
turn_signal_lamp: 0.0