position: 0.8229384890794333 0.7938483670011092 0.892234269582556
orientation: 0.734339852939359 0.7611147633237896 0.9945932227642093
enu_velocity: 0.5589261808937303 0.2838460340930691 0.5773486695878899
velocity: 0.0023590877872698055 0.5224853392485097 0.13402894515080674
angularVelocity: 0.41761377234872404 0.4692215896218078 0.5221558087497442
acceleration: 0.5865513212298562 0.5164619278468264 0.45726924748019554
accel: 0.0
brake: 1.0
steer: 0.560610984725382
linkid: A219BS010391
trafficlightid: C119BS010007
turn_signal_lamp: 0.0