position: 0.8229384890794333 0.7938483670011092 0.8922335397343937
orientation: 0.734339852939359 0.7611147633237896 0.9945932227642093
enu_velocity: 0.5589261614853104 0.28384602709434764 0.5773477120455667
velocity: 0.0023591093081515298 0.5224854850181943 0.13402802010640052
angularVelocity: 0.41761434141762716 0.46922306639291106 0.5221558068212839
acceleration: 0.5865218739944748 0.5163737543935775 0.4570606971563848
accel: 0.0
brake: 1.0
steer: 0.560610984725382
linkid: A219BS010391
trafficlightid: C119BS010007
turn_signal_lamp: 0.0