position: 0.8229384890794333 0.7938483670011092 0.8922328098862313
orientation: 0.734339852939359 0.7611140506196676 0.9945932227642093
enu_velocity: 0.5589259676200405 0.2838459203347834 0.5773856162548893
velocity: 0.0023592661190725193 0.5224874177735134 0.13406481346774807
angularVelocity: 0.4175742753721584 0.46924609924036037 0.5221556543096001
acceleration: 0.5865412573984654 0.5165134752637067 0.45732211782375154
accel: 0.0
brake: 1.0
steer: 0.560610984725382
linkid: A219BS010391
trafficlightid: C119BS010007
turn_signal_lamp: 0.0