position: 0.8229384890794333 0.7938483670011092 0.8922364591270433
orientation: 0.734339852939359 0.7611172577882167 0.9945932227642093
enu_velocity: 0.5589259734892537 0.28384590288519207 0.5774050090744395
velocity: 0.0023592334326663507 0.5224876014252957 0.1340836123418315
angularVelocity: 0.41757282332425927 0.46924393822357835 0.5221556427465724
acceleration: 0.5865468775145267 0.5164540818213453 0.45742010694190466
accel: 0.0
brake: 1.0
steer: 0.560610984725382
linkid: A219BS010391
trafficlightid: C119BS010007
turn_signal_lamp: 0.0