position: 0.8229384890794333 0.7938483670011092 0.892235729278881
orientation: 0.734339852939359 0.7611158323799726 0.9945932227642093
enu_velocity: 0.558926313180786 0.2838463226994447 0.5773855944417644
velocity: 0.002359058809335283 0.5224826463372341 0.13406508893014382
angularVelocity: 0.4176663552899678 0.4692199582949283 0.5221560286614543
acceleration: 0.5865325113377796 0.5163310217096578 0.4573141828985509
accel: 0.0
brake: 1.0
steer: 0.560610984725382
linkid: A219BS010391
trafficlightid: C119BS010007
turn_signal_lamp: 0.0