position: 0.8229384890794333 0.7938483670011092 0.892235729278881
orientation: 0.734339852939359 0.7611151196758507 0.9945932227642093
enu_velocity: 0.5589259774079661 0.2838458010909405 0.5773881613528518
velocity: 0.00235918175454585 0.5224882833186021 0.1340671150567798
angularVelocity: 0.4175564200120027 0.4692367624596277 0.5221555773536403
acceleration: 0.5865534407745941 0.5165747665811324 0.45736129703676176
accel: 0.0
brake: 1.0
steer: 0.560610984725382
linkid: A219BS010391
trafficlightid: C119BS010007
turn_signal_lamp: 0.0