position: 0.8229384890794333 0.7938483670011092 0.892234269582556
orientation: 0.734339852939359 0.7611129815634845 0.9945932227642093
enu_velocity: 0.5589259605742234 0.2838457423164294 0.5773842027554196
velocity: 0.002359171955279834 0.5224887961784351 0.13406320426683316
angularVelocity: 0.41754983340415874 0.46923499640597144 0.5221555401508557
acceleration: 0.5865439422601869 0.5165034568639233 0.4573387305550957
accel: 0.0
brake: 1.0
steer: 0.560610984725382
linkid: A219BS010391
trafficlightid: C119BS010007
turn_signal_lamp: 0.0