position: 0.8229384890794333 0.7938483670011092 0.8922371889752059
orientation: 0.734339852939359 0.7611165450840947 0.9945932227642093
enu_velocity: 0.5589259339080124 0.2838460892105624 0.5773858311186578
velocity: 0.00235940810528051 0.5224863067627169 0.13406527612075003
angularVelocity: 0.41759663284464454 0.4692625107614716 0.5221557588898025
acceleration: 0.5865290526444161 0.516446491319942 0.45721983041901304
accel: 0.0
brake: 1.0
steer: 0.560610984725382
linkid: A219BS010391
trafficlightid: C119BS010007
turn_signal_lamp: 0.0