position: 0.8229384890794333 0.7938483670011092 0.8922364591270433
orientation: 0.734339852939359 0.7611169014361556 0.9945932227642093
enu_velocity: 0.5589261707731071 0.2838460815872 0.5773473784663344
velocity: 0.002359129580278978 0.5224850243571938 0.13402776361855914
angularVelocity: 0.4176190203682589 0.4692254100257802 0.52215583943277
acceleration: 0.5865192459674319 0.5164733247175131 0.45715081771292293
accel: 0.0
brake: 1.0
steer: 0.560610984725382
linkid: A219BS010391
trafficlightid: C119BS010007
turn_signal_lamp: 0.0