position: 0.8229384890794333 0.7938483670011092 0.8922364591270433
orientation: 0.734339852939359 0.7611169014361556 0.9945932227642093
enu_velocity: 0.5589262801974128 0.28384607573434506 0.5773725100820623
velocity: 0.0023589665002096793 0.5224846279873201 0.13405207452482956
angularVelocity: 0.4176275939092974 0.46920760615828283 0.5221558622778063
acceleration: 0.5865122713165253 0.5164298746230899 0.45733699481257184
accel: 0.0
brake: 1.0
steer: 0.560610984725382
linkid: A219BS010391
trafficlightid: C119BS010007
turn_signal_lamp: 0.0