position: 0.8229384890794333 0.7938483670011092 0.892235729278881
orientation: 0.734339852939359 0.7611169014361556 0.9945932227642093
enu_velocity: 0.5589261562738557 0.2838460899737242 0.5773500511576126
velocity: 0.002359151023618979 0.5224850441596813 0.13403038022356142
angularVelocity: 0.4176207983557291 0.4692287551650941 0.5221558414930138
acceleration: 0.586537936087916 0.5164107199145436 0.4571764811301116
accel: 0.0
brake: 1.0
steer: 0.560610984725382
linkid: A219BS010391
trafficlightid: C119BS010007
turn_signal_lamp: 0.0