position: 0.8229384890794333 0.7938483670011092 0.8922371889752059
orientation: 0.734339852939359 0.7611176141402777 0.9945932227642093
enu_velocity: 0.5589259226035403 0.283845591514331 0.577383612813622
velocity: 0.0023591327488976027 0.5224901258361087 0.13406245401330139
angularVelocity: 0.417525886136495 0.4692295312038759 0.5221554375015927
acceleration: 0.5865152349048467 0.5165091538615917 0.4572013660593437
accel: 0.0
brake: 1.0
steer: 0.560610984725382
linkid: A219BS010391
trafficlightid: C119BS010007
turn_signal_lamp: 0.0