position: 0.8229384890794333 0.7938483670011092 0.8922349994307186
orientation: 0.734339852939359 0.7611169014361556 0.9945932227642093
enu_velocity: 0.5589261612497611 0.2838460957858137 0.5773470029035693
velocity: 0.002359150397098014 0.5224849626394295 0.13402742522447264
angularVelocity: 0.41761904817949436 0.46922847674098866 0.5221558404031481
acceleration: 0.5865367138366815 0.5165071528544521 0.45727008214262943
accel: 0.0
brake: 1.0
steer: 0.560610984725382
linkid: A219BS010391
trafficlightid: C119BS010007
turn_signal_lamp: 0.0