position: 0.8229384890794333 0.7938483670011092 0.892235729278881
orientation: 0.734339852939359 0.7611172577882167 0.9945932227642093
enu_velocity: 0.5589262067001984 0.28384628267309325 0.5773648624552314
velocity: 0.0023591878492714 0.5224833940486183 0.1340449847392612
angularVelocity: 0.4176528382492271 0.46923351327818785 0.5221559761073401
acceleration: 0.5865209312470835 0.516336335168811 0.4572122830520634
accel: 0.0
brake: 1.0
steer: 0.560610984725382
linkid: A219BS010391
trafficlightid: C119BS010007
turn_signal_lamp: 0.0