position: 0.8229384890794333 0.7938483670011092 0.8922371889752059
orientation: 0.734339852939359 0.7611183268443997 0.9945932227642093
enu_velocity: 0.5589259720185282 0.28384593500987265 0.5773788630200388
velocity: 0.0023592742790263504 0.5224872565500515 0.1340582740846478
angularVelocity: 0.4175805109487376 0.46924597964256176 0.5221556773047644
acceleration: 0.5865273301586383 0.5164205503425564 0.4572649332937029
accel: 0.0
brake: 1.0
steer: 0.560610984725382
linkid: A219BS010391
trafficlightid: C119BS010007
turn_signal_lamp: 0.0