position: 0.8229384890794333 0.7938483670011092 0.892235729278881
orientation: 0.7343510555496973 0.7611186831964607 0.9945932227642093
enu_velocity: 0.5589262087620129 0.2838462139311148 0.5773647011350544
velocity: 0.0023591450600682178 0.5224839040888123 0.13404473316684093
angularVelocity: 0.41763851012713765 0.4692292950681324 0.5221559229488466
acceleration: 0.5865418924313556 0.5164862011750576 0.457426161247451
accel: 0.0
brake: 1.0
steer: 0.560610984725382
linkid: A219BS010391
trafficlightid: C119BS010007
turn_signal_lamp: 0.0