position: 0.8229384890794333 0.7938483670011092 0.8922364591270433
orientation: 0.7343510555496973 0.7611208213088269 0.9945932227642093
enu_velocity: 0.5589260830452983 0.2838462143109793 0.5773803998417606
velocity: 0.002359294368479799 0.5224845929280414 0.13406006535844556
angularVelocity: 0.41762904213224317 0.46924803791135494 0.5221558868820371
acceleration: 0.5865268189251509 0.5163952030297656 0.4573198949855497
accel: 0.0
brake: 1.0
steer: 0.560610984725382
linkid: A219BS010391
trafficlightid: C119BS010007
turn_signal_lamp: 0.0