position: 0.8229384890794333 0.7938483670011092 0.8922371889752059
orientation: 0.734339852939359 0.7611215340129488 0.9945932227642093
enu_velocity: 0.5589259571182906 0.2838457782801316 0.5773736235636685
velocity: 0.002359205603748294 0.5224884968391246 0.13405298522400177
angularVelocity: 0.4175564662556882 0.46923750693082866 0.5221555720942029
acceleration: 0.586526396825711 0.5164678922366784 0.4572195969616833
accel: 0.0
brake: 1.0
steer: 0.560610984725382
linkid: A219BS010391
trafficlightid: C119BS010007
turn_signal_lamp: 0.0