position: 0.22886159829635883 0.2909529788971916 0.9190992505919069
orientation: 0.8553092531176323 0.5579616605093781 0.5002051517391262
enu_velocity: 0.8897382996303115 0.9987239088398892 0.5361518793129171
velocity: 0.9995246188356993 0.51409968095325 0.7160539030815338
angularVelocity: 0.42131967085511807 0.4574367639187495 0.5213760287460376
acceleration: 0.5671492756260006 0.5159545898806102 0.4421802131554478
accel: 0.03262123
brake: 0.0
steer: 0.5654858628534287
linkid: A219BS010380
trafficlightid: null
turn_signal_lamp: 0.0