position: 0.8229384890794333 0.7938483670011092 0.8922379188233682
orientation: 0.734339852939359 0.7611215340129488 0.9945932227642093
enu_velocity: 0.5589259863770265 0.2838458811519395 0.5773945047083137
velocity: 0.002359212269704016 0.5224876582366055 0.13407337564821734
angularVelocity: 0.4175696984100817 0.46924000573610547 0.5221556343764914
acceleration: 0.5865282355141567 0.5165173263758257 0.4573944008885374
accel: 0.0
brake: 1.0
steer: 0.560610984725382
linkid: A219BS010391
trafficlightid: C119BS010007
turn_signal_lamp: 0.0