position: 0.8229384890794333 0.7938483670011092 0.8922364591270433
orientation: 0.734339852939359 0.7611183268443997 0.9945932227642093
enu_velocity: 0.5589262073343131 0.2838458269926281 0.5773648319787951
velocity: 0.0023589201147990917 0.5224868443008046 0.13404433509272332
angularVelocity: 0.41758744744036036 0.46920203851508 0.5221556835716655
acceleration: 0.5865209849522349 0.5164409450832748 0.45723508582180883
accel: 0.0
brake: 1.0
steer: 0.560610984725382
linkid: A219BS010391
trafficlightid: C119BS010007
turn_signal_lamp: 0.0