position: 0.8229384890794333 0.7938483670011092 0.8922349994307186
orientation: 0.734339852939359 0.7611172577882167 0.9945932227642093
enu_velocity: 0.5589262305589104 0.28384627059814455 0.5773648367758872
velocity: 0.0023591502064943476 0.522483366573038 0.13404492609951701
angularVelocity: 0.41765175066200383 0.46922946520281256 0.5221559720229467
acceleration: 0.5865341175228396 0.5163851760837185 0.4573049704623998
accel: 0.0
brake: 1.0
steer: 0.560610984725382
linkid: A219BS010391
trafficlightid: C119BS010007
turn_signal_lamp: 0.0