position: 0.8229384890794333 0.7938483670011092 0.8922349994307186
orientation: 0.734339852939359 0.7611154760279116 0.9945932227642093
enu_velocity: 0.5589261787716733 0.28384621577015734 0.5773627444034972
velocity: 0.002359186094773387 0.5224840314531087 0.13404285777193736
angularVelocity: 0.4176382058903516 0.4692345491582445 0.5221559187123421
acceleration: 0.5865590759254791 0.5164313266747148 0.4573223518535924
accel: 0.0
brake: 1.0
steer: 0.560610984725382
linkid: A219BS010391
trafficlightid: C119BS010007
turn_signal_lamp: 0.0