position: 0.2297890806493847 0.29213551635437174 0.9164265466212411
orientation: 0.8552980505072938 0.5567671684008657 0.5002002743503771
enu_velocity: 0.8896494870948226 0.9985555342816934 0.5315314106305501
velocity: 0.9992853079192187 0.5142711983942898 0.7093497639952598
angularVelocity: 0.41650670954184327 0.4583330232251325 0.5214981158145151
acceleration: 0.5864680451303538 0.5174232560865661 0.44617795205441657
accel: 0.04184844
brake: 0.0
steer: 0.5654858628534287
linkid: A219BS010380
trafficlightid: null
turn_signal_lamp: 0.0