position: 0.8229384890794333 0.7938483670011092 0.8922371889752059
orientation: 0.734339852939359 0.7611172577882167 0.9945932227642093
enu_velocity: 0.5589259381485808 0.28384589580504194 0.5773969941693428
velocity: 0.0023592807690386926 0.5224877978509616 0.13407584732808453
angularVelocity: 0.41756952074100057 0.46924846673542825 0.5221556319797983
acceleration: 0.5865312161573731 0.5164494686019172 0.4572524915924351
accel: 0.0
brake: 1.0
steer: 0.560610984725382
linkid: A219BS010391
trafficlightid: C119BS010007
turn_signal_lamp: 0.0