position: 0.8229384890794333 0.7938483670011092 0.8922364591270433
orientation: 0.734339852939359 0.7611161887320337 0.9945932227642093
enu_velocity: 0.558925950510246 0.283845816482255 0.5773919759028704
velocity: 0.002359222317571696 0.5224883165606623 0.13407085870322524
angularVelocity: 0.4175561548662395 0.46924195964721516 0.5221555778841453
acceleration: 0.5865535281135978 0.5165652871943522 0.4574115675880439
accel: 0.0
brake: 1.0
steer: 0.560610984725382
linkid: A219BS010391
trafficlightid: C119BS010007
turn_signal_lamp: 0.0