position: 0.8229384890794333 0.7938483670011092 0.8922364591270433
orientation: 0.734339852939359 0.7611154760279116 0.9945932227642093
enu_velocity: 0.5589259511543669 0.2838458846649602 0.5773968467377529
velocity: 0.0023592576821412307 0.5224878168614414 0.13407567962650824
angularVelocity: 0.41756563419447057 0.4692466372117652 0.5221556196859627
acceleration: 0.5865574358812348 0.5165500845420339 0.45743792380735193
accel: 0.0
brake: 1.0
steer: 0.560610984725382
linkid: A219BS010391
trafficlightid: C119BS010007
turn_signal_lamp: 0.0