position: 0.8229384890794333 0.7938483670011092 0.8922393785196925
orientation: 0.7343510555496973 0.7611201086047048 0.9945932227642093
enu_velocity: 0.5589259372743485 0.28384605028465315 0.5773801839214469
velocity: 0.0023593853362677154 0.5224865615176866 0.13405973836129959
angularVelocity: 0.41759022454770883 0.469259932331881 0.5221557329561359
acceleration: 0.5865458741779377 0.5164960437396855 0.4572388326052105
accel: 0.0
brake: 1.0
steer: 0.560610984725382
linkid: A219BS010391
trafficlightid: C119BS010007
turn_signal_lamp: 0.0