position: 0.8229384890794333 0.7938483670011092 0.8922415680641798
orientation: 0.7343510555496973 0.7611222467170708 0.9945932227642093
enu_velocity: 0.5589259422815174 0.28384594380519557 0.5773908666740514
velocity: 0.002359308309711736 0.522487387989221 0.13406996093474097
angularVelocity: 0.41757344325739143 0.4692512295772239 0.5221556607629217
acceleration: 0.5865287667585758 0.5165493544118668 0.45734290147385054
accel: 0.0
brake: 1.0
steer: 0.560610984725382
linkid: A219BS010391
trafficlightid: C119BS010007
turn_signal_lamp: 0.0