position: 0.8229384890794333 0.7938483670011092 0.8922408382160174
orientation: 0.7343510555496973 0.7611226030691318 0.9945932227642093
enu_velocity: 0.558926155729866 0.28384618368135855 0.5773519232533477
velocity: 0.0023592051744843376 0.5224843444560084 0.13403232550778296
angularVelocity: 0.41763213307701047 0.46923496481795574 0.5221558984085739
acceleration: 0.58652656478791 0.5164456624029454 0.45720046091919536
accel: 0.0
brake: 1.0
steer: 0.560610984725382
linkid: A219BS010391
trafficlightid: C119BS010007
turn_signal_lamp: 0.0