position: 0.8229384890794333 0.7938483670011092 0.8922393785196925
orientation: 0.7343618967855085 0.7611229594211929 0.9945932227642093
enu_velocity: 0.5589261936361302 0.28384601090462913 0.577358672368839
velocity: 0.002359050160838187 0.522485493093916 0.1340386152499261
angularVelocity: 0.4176096407450856 0.4692167419458806 0.5221557938025899
acceleration: 0.586513019350389 0.5164980492884661 0.4572859744466004
accel: 0.0
brake: 1.0
steer: 0.560610984725382
linkid: A219BS010391
trafficlightid: C119BS010007
turn_signal_lamp: 0.0