position: 0.8229384890794333 0.7938483670011092 0.8922393785196925
orientation: 0.7343618967855085 0.7611240284773759 0.9945932227642093
enu_velocity: 0.5589259704073564 0.2838459710634223 0.5773669017974913
velocity: 0.002359306679804969 0.5224869415880681 0.13404671212828054
angularVelocity: 0.4175830023741485 0.46924935686068686 0.5221556941589605
acceleration: 0.5865411255716088 0.5165103036639382 0.4573102394416617
accel: 0.0
brake: 1.0
steer: 0.560610984725382
linkid: A219BS010391
trafficlightid: C119BS010007
turn_signal_lamp: 0.0