position: 0.8229384890794333 0.7938483670011092 0.8922393785196925
orientation: 0.7343618967855085 0.7611229594211929 0.9945932227642093
enu_velocity: 0.5589261246377907 0.28384570720910796 0.5773597885904251
velocity: 0.002358959852900266 0.5224881432111625 0.1340393359429159
angularVelocity: 0.4175640798940947 0.4692061818797146 0.5221555874848
acceleration: 0.5865078407709401 0.5164442469790416 0.4571066717111262
accel: 0.0
brake: 1.0
steer: 0.560610984725382
linkid: A219BS010391
trafficlightid: C119BS010007
turn_signal_lamp: 0.0