position: 0.8229384890794333 0.7938483670011092 0.8922393785196925
orientation: 0.734339852939359 0.7611254538856199 0.9945932227642093
enu_velocity: 0.5589258832882253 0.28384566767521124 0.5773790955407689
velocity: 0.002359231250574572 0.5224897257406367 0.13405820062713694
angularVelocity: 0.4175338039428384 0.4692413988138451 0.5221554770584316
acceleration: 0.5865295982253579 0.5164856431976345 0.45730396914037613
accel: 0.0
brake: 1.0
steer: 0.560610984725382
linkid: A219BS010391
trafficlightid: C119BS010007
turn_signal_lamp: 0.0