position: 0.8229384890794333 0.7938483670011092 0.8922386486715306
orientation: 0.7343510555496973 0.761125097533559 0.9945932227642093
enu_velocity: 0.5589263632451453 0.28384632286087175 0.5773459628304352
velocity: 0.0023590252475746525 0.5224822308291488 0.13402657785714847
angularVelocity: 0.417675882368916 0.46921195272086785 0.5221560644253306
acceleration: 0.5865140695727903 0.5162917198826293 0.45702341920523687
accel: 0.0
brake: 1.0
steer: 0.560610984725382
linkid: A219BS010391
trafficlightid: C119BS010007
turn_signal_lamp: 0.0