position: 0.8229384890794333 0.7938483670011092 0.8922379188233682
orientation: 0.734339852939359 0.7611240284773759 0.9945932227642093
enu_velocity: 0.5589261871578438 0.28384620813240946 0.5773685043009558
velocity: 0.0023591664316797577 0.5224840715039966 0.1340484331133878
angularVelocity: 0.4176398012783759 0.46923148294422823 0.5221559232879732
acceleration: 0.5865247753401486 0.5163663310966775 0.45715289562628514
accel: 0.0
brake: 1.0
steer: 0.560610984725382
linkid: A219BS010391
trafficlightid: C119BS010007
turn_signal_lamp: 0.0