position: 0.8229384890794333 0.7938483670011092 0.8922371889752059
orientation: 0.7343510555496973 0.7611222467170708 0.9945932227642093
enu_velocity: 0.558926417941905 0.28384622130996634 0.5773395167288715
velocity: 0.0023589005973735184 0.5224827011134924 0.13402014216091923
angularVelocity: 0.4176661194433469 0.4691963103971572 0.5221560153641213
acceleration: 0.5865067008496389 0.5163263199297642 0.45697051949185824
accel: 0.0
brake: 1.0
steer: 0.560610984725382
linkid: A219BS010391
trafficlightid: C119BS010007
turn_signal_lamp: 0.0