position: 0.8229384890794333 0.7938483670011092 0.8922386486715306
orientation: 0.734339852939359 0.761123672125315 0.9945932227642093
enu_velocity: 0.5589262013996412 0.2838460808114918 0.5773641297523663
velocity: 0.0023590769558084436 0.5224849472939503 0.1340440027851437
angularVelocity: 0.4176223765085138 0.4692200812053278 0.5221558463738588
acceleration: 0.5865093044091239 0.5164163940198863 0.45714710637750405
accel: 0.0
brake: 1.0
steer: 0.560610984725382
linkid: A219BS010391
trafficlightid: C119BS010007
turn_signal_lamp: 0.0