position: 0.8229384890794333 0.7938483670011092 0.8922393785196925
orientation: 0.7343510555496973 0.7611240284773759 0.9945932227642093
enu_velocity: 0.5589259495506103 0.28384605960581966 0.5773887247777889
velocity: 0.002359368478010204 0.5224864652234802 0.13406803373564155
angularVelocity: 0.41759181276012075 0.4692589662103953 0.5221557356036042
acceleration: 0.5865572161215941 0.516496612948464 0.4573229262731257
accel: 0.0
brake: 1.0
steer: 0.560610984725382
linkid: A219BS010391
trafficlightid: C119BS010007
turn_signal_lamp: 0.0