position: 0.8229384890794333 0.7938483670011092 0.8922379188233682
orientation: 0.7343510555496973 0.7611226030691318 0.9945932227642093
enu_velocity: 0.5589259889467431 0.2838456633773689 0.5773849797784253
velocity: 0.0023590887367109384 0.5224892563043048 0.1340638307061656
angularVelocity: 0.41753852978739764 0.46922460142133526 0.5221554933999714
acceleration: 0.5865244461627704 0.5165870914441008 0.4573761126873722
accel: 0.0
brake: 1.0
steer: 0.560610984725382
linkid: A219BS010391
trafficlightid: C119BS010007
turn_signal_lamp: 0.0