position: 0.8229384890794333 0.7938483670011092 0.8922371889752059
orientation: 0.7343510555496973 0.7611215340129488 0.9945932227642093
enu_velocity: 0.5589259357090488 0.2838457768487435 0.5774007371489726
velocity: 0.002359211326719292 0.5224887271290792 0.1340793210928855
angularVelocity: 0.4175516337331812 0.46924038411471636 0.5221555518170096
acceleration: 0.5865228561985724 0.5164854199667724 0.4573627025039571
accel: 0.0
brake: 1.0
steer: 0.560610984725382
linkid: A219BS010391
trafficlightid: C119BS010007
turn_signal_lamp: 0.0