position: 0.8229384890794333 0.7938483670011092 0.8922393785196925
orientation: 0.7343510555496973 0.7611233157732539 0.9945932227642093
enu_velocity: 0.5589258820136547 0.2838459225467224 0.5773899215912415
velocity: 0.0023593738526591778 0.5224878454791876 0.13406905821333992
angularVelocity: 0.4175699746252598 0.46925943657462726 0.5221556375763791
acceleration: 0.5865439406767726 0.5164141155737167 0.457230029371413
accel: 0.0
brake: 1.0
steer: 0.560610984725382
linkid: A219BS010391
trafficlightid: C119BS010007
turn_signal_lamp: 0.0