position: 0.8229384890794333 0.7938483670011092 0.8922393785196925
orientation: 0.7343510555496973 0.7611233157732539 0.9945932227642093
enu_velocity: 0.5589261298976747 0.2838461724028787 0.5773677570254869
velocity: 0.002359219488792022 0.5224846245046418 0.13404770056740545
angularVelocity: 0.4176270118508528 0.46923817681831853 0.5221558756198604
acceleration: 0.5865309324376892 0.5164430837174805 0.45728826407777123
accel: 0.0
brake: 1.0
steer: 0.560610984725382
linkid: A219BS010391
trafficlightid: C119BS010007
turn_signal_lamp: 0.0