position: 0.8229384890794333 0.7938483670011092 0.8922393785196925
orientation: 0.7343510555496973 0.7611233157732539 0.9945932227642093
enu_velocity: 0.5589261411830034 0.2838461896315397 0.5773647170586357
velocity: 0.002359217454748945 0.5224844250547541 0.13404476456728687
angularVelocity: 0.41763057075953247 0.4692378904504241 0.5221558901910998
acceleration: 0.5865392106679497 0.5164489795070725 0.45719399535979705
accel: 0.0
brake: 1.0
steer: 0.560610984725382
linkid: A219BS010391
trafficlightid: C119BS010007
turn_signal_lamp: 0.0