position: 0.8229384890794333 0.7938483670011092 0.8922371889752059
orientation: 0.7343510555496973 0.7611229594211929 0.9945932227642093
enu_velocity: 0.5589263592690371 0.28384621941350485 0.5773296696379793
velocity: 0.0023589822957771523 0.5224829668909716 0.13401062240200767
angularVelocity: 0.41766094864196945 0.4692052791780448 0.5221559993342408
acceleration: 0.5865023003204131 0.5163369671933947 0.4570832750882741
accel: 0.0
brake: 1.0
steer: 0.560610984725382
linkid: A219BS010391
trafficlightid: C119BS010007
turn_signal_lamp: 0.0