position: 0.8229384890794333 0.7938483670011092 0.8922379188233682
orientation: 0.7343510555496973 0.7611229594211929 0.9945932227642093
enu_velocity: 0.5589259552598586 0.28384561115816564 0.5773914763733337
velocity: 0.002359096330694452 0.5224898469409478 0.13407009111448476
angularVelocity: 0.41752797987768564 0.46922612403826125 0.5221554497775794
acceleration: 0.5865231953438483 0.5165850642611518 0.4574316929775304
accel: 0.0
brake: 1.0
steer: 0.560610984725382
linkid: A219BS010391
trafficlightid: C119BS010007
turn_signal_lamp: 0.0