position: 0.23350012896187677 0.296877857290891 0.901711347971168
orientation: 0.8538753189943293 0.5471105620755312 0.5001776410744965
enu_velocity: 0.8898058039759037 0.9988941224405892 0.5234309226808205
velocity: 0.9997689153962735 0.5146418643255418 0.6852122298676577
angularVelocity: 0.41118956812834706 0.4415218604771221 0.5215169418037906
acceleration: 0.5895714481466059 0.516595138388098 0.46093609391854795
accel: 0.02714597
brake: 0.0
steer: 0.5656483587910303
linkid: A219BS010380
trafficlightid: null
turn_signal_lamp: 0.0