position: 0.8229384890794333 0.7938483670011092 0.8922401083678551
orientation: 0.7343510555496973 0.761125810237681 0.9945932227642093
enu_velocity: 0.55892592235074 0.2838458232861197 0.5773905770621796
velocity: 0.002359263483611195 0.5224883994944437 0.13406953034489916
angularVelocity: 0.4175571106455718 0.4692458770236353 0.5221555823334468
acceleration: 0.5865265708657851 0.5164979119805422 0.45728397908616725
accel: 0.0
brake: 1.0
steer: 0.560610984725382
linkid: A219BS010391
trafficlightid: C119BS010007
turn_signal_lamp: 0.0