position: 0.8229384890794333 0.7938483670011092 0.8922401083678551
orientation: 0.7343510555496973 0.7611240284773759 0.9945932227642093
enu_velocity: 0.5589261258290378 0.28384589959067 0.5773753073226929
velocity: 0.0023590590708821722 0.5224867437845598 0.13405466251016962
angularVelocity: 0.41759122346486455 0.4692195863300003 0.5221557050318357
acceleration: 0.5865233895054647 0.5163789346414897 0.45720127757456286
accel: 0.0
brake: 1.0
steer: 0.560610984725382
linkid: A219BS010391
trafficlightid: C119BS010007
turn_signal_lamp: 0.0