position: 0.8229384890794333 0.7938483670011092 0.8922415680641798
orientation: 0.7343510555496973 0.761126166589742 0.9945932227642093
enu_velocity: 0.5589261208581439 0.28384617787711564 0.5773690811055071
velocity: 0.002359233265148709 0.5224846335654707 0.134049000002616
angularVelocity: 0.41762834656448433 0.4692393567316245 0.5221558808227766
acceleration: 0.5865144328217433 0.5164041087121564 0.4571722715509503
accel: 0.4355367
brake: 0.0
steer: 0.560610984725382
linkid: A219BS010391
trafficlightid: C119BS010007
turn_signal_lamp: 0.0