position: 0.822936681624959 0.7938483670011092 0.8916044106184151
orientation: 0.7343290117035477 0.7599744367285511 0.9945915787005859
enu_velocity: 0.5576110118338868 0.2847142998428028 0.5769741062947292
velocity: 0.004554181717147287 0.5224566717411925 0.13579486989437556
angularVelocity: 0.41719524741901715 0.4489720755631511 0.5217898953953051
acceleration: 0.7727253073003775 0.5157613174318616 0.4659346268586933
accel: 0.7510993
brake: 0.0
steer: 0.560610984725382
linkid: A219BS010391
trafficlightid: C119BS010007
turn_signal_lamp: 0.0