position: 0.8228591332210916 0.7938788447706235 0.8715934337020528
orientation: 0.7329062801905831 0.7226650886447131 0.9945652736826134
enu_velocity: 0.5429034232715095 0.29440199344033974 0.5850124056537466
velocity: 0.029081310606525676 0.5223628698059943 0.1656740631967764
angularVelocity: 0.4106521124643371 0.3002184022149971 0.5211720690759265
acceleration: 0.9970262260613254 0.5161009032955743 0.493576551978368
accel: 1.0
brake: 0.0
steer: 0.560935976600585
linkid: A219BS010391
trafficlightid: C119BS010007
turn_signal_lamp: 0.0