position: 0.23442804166120595 0.2980603947480711 0.8977541112346987
orientation: 0.8528609406969223 0.5442056869797793 0.5001724896751435
enu_velocity: 0.8898187593553608 0.9989529718007353 0.5254102079320422
velocity: 0.9998424536466504 0.5148622431429859 0.6821809227249064
angularVelocity: 0.40766242568593847 0.44442853511697533 0.5215892052230654
acceleration: 0.5894750524696316 0.5192080375385043 0.4626685254195752
accel: 0.0260668
brake: 0.0
steer: 0.5656483587910303
linkid: A219BS010380
trafficlightid: null
turn_signal_lamp: 0.0