position: 0.8228020693012646 0.7939032269862354 0.8602793274887093
orientation: 0.7320017597493969 0.7008901959565728 0.9945510251312115
enu_velocity: 0.5371012577116471 0.2982255773622859 0.5918419631022465
velocity: 0.03875709966780791 0.522332837399579 0.17971225995139514
angularVelocity: 0.4090637279295413 0.27185881006643486 0.520976624161145
acceleration: 0.9968718431628093 0.5158676963201048 0.4963385843739122
accel: 1.0
brake: 0.0
steer: 0.5610984725381867
linkid: A219BS010391
trafficlightid: C119BS010007
turn_signal_lamp: 0.0