position: 0.8227286522219094 0.7939276092018481 0.8482689461284474
orientation: 0.7309320911493524 0.6771842314498082 0.9945351325161863
enu_velocity: 0.5312990205562665 0.3020497518212141 0.599978608775052
velocity: 0.048433511934601804 0.5223081017451552 0.19414534717940982
angularVelocity: 0.40756150429293636 0.2583936610298675 0.5208147199592571
acceleration: 0.9968810543712513 0.5161797363638763 0.49749171727426805
accel: 1.0
brake: 0.0
steer: 0.5610984725381867
linkid: A219BS010391
trafficlightid: C119BS010007
turn_signal_lamp: 0.0