position: 0.8226388819830261 0.7939641825252659 0.8363563644219458
orientation: 0.729630781477474 0.6529729597205287 0.9945181438587457
enu_velocity: 0.5255073863561786 0.30589666501902085 0.6083115815485021
velocity: 0.058110572335127834 0.5220631143337128 0.20795717470977915
angularVelocity: 0.4051733067218582 0.2567531348712549 0.5206796989785248
acceleration: 0.9968796841088384 0.5124373422316765 0.4969822936610133
accel: 1.0
brake: 0.0
steer: 0.5610172245693859
linkid: A219BS010391
trafficlightid: C119BS010007
turn_signal_lamp: 0.0