position: 0.8225329307231362 0.7940068514025862 0.8251378683178752
orientation: 0.7280316991953129 0.6293774643526778 0.9945006071800973
enu_velocity: 0.5197250766199892 0.3097625980030859 0.6160595676046191
velocity: 0.0677880565154018 0.5216298555959676 0.22048536840370458
angularVelocity: 0.4023752156795546 0.26431174442495364 0.5205297792335322
acceleration: 0.9968813588740097 0.5105991590599295 0.4941565853016983
accel: 1.0
brake: 0.0
steer: 0.5611797205069874
linkid: A219BS010391
trafficlightid: C119BS010007
turn_signal_lamp: 0.0