position: 0.8224106263037181 0.7940495202799074 0.8150126847610624
orientation: 0.7261680907593571 0.6072241257757427 0.994482522480241
enu_velocity: 0.5139459034493528 0.3136332511962461 0.6224794664886668
velocity: 0.07746578997788045 0.5211447879343476 0.23113047709319592
angularVelocity: 0.4000502254618727 0.2784333190289203 0.5204511157414343
acceleration: 0.9968748120647037 0.5105670407587732 0.4896066641571595
accel: 1.0
brake: 0.0
steer: 0.5614234644133898
linkid: A219BS010391
trafficlightid: C119BS010007
turn_signal_lamp: 0.0