position: 0.8217594262774567 0.7943055335438318 0.7886542183764091
orientation: 0.7166505698406505 0.5417731209056929 0.9944063475323619
enu_velocity: 0.4908685712551837 0.32916854231973963 0.6293166603261987
velocity: 0.11616857229970234 0.5186061849382868 0.25261846234606067
angularVelocity: 0.392987521854827 0.3651188861630438 0.5188729027820181
acceleration: 0.9967377096977278 0.5069210389678938 0.466569576725004
accel: 1.0
brake: 0.0
steer: 0.5579298017549562
linkid: A219BS010391
trafficlightid: C119BS010007
turn_signal_lamp: 0.0