position: 0.8215559585452227 0.7943847757445717 0.7854647819067722
orientation: 0.713948572501957 0.531864252956368 0.9943805905355971
enu_velocity: 0.48509263692941146 0.33302867210301257 0.6254066352473887
velocity: 0.12584102097944203 0.518200262918973 0.25251268966924456
angularVelocity: 0.39296522237704784 0.387475249601251 0.5184932445879309
acceleration: 0.9966899027646567 0.5117123705095292 0.4604701382153269
accel: 1.0
brake: 0.0
steer: 0.5581735456613586
linkid: A219BS010391
trafficlightid: C119BS010007
turn_signal_lamp: 0.0