position: 0.8205794167136125 0.7947627000865563 0.780744853840607
orientation: 0.7035268925165912 0.5135180016232548 0.9942753704637065
enu_velocity: 0.4619045191943323 0.34840141230290833 0.5865693358451042
velocity: 0.1646061737088717 0.517550712427029 0.2321237636237911
angularVelocity: 0.39342105353748896 0.4540802136986085 0.5180620659216524
acceleration: 0.9979258033353711 0.514022819904908 0.4384011544369536
accel: 1.0
brake: 0.0
steer: 0.5591485212869679
linkid: A219BS010391
trafficlightid: C119BS010007
turn_signal_lamp: 0.0