position: 0.8202946135300414 0.794878515610713 0.7802799405611658
orientation: 0.7007699662497875 0.5127618581849934 0.994249065445734
enu_velocity: 0.45609952049754116 0.35223702151945374 0.572737200677697
velocity: 0.17430437324035353 0.5175034516727827 0.22376048461849024
angularVelocity: 0.3919356673453409 0.46492465087731943 0.5179603953661025
acceleration: 0.9978323971142273 0.5150303099301754 0.43647703983739417
accel: 1.0
brake: 0.0
steer: 0.5593922651933703
linkid: A219BS010391
trafficlightid: C119BS010007
turn_signal_lamp: 0.0