position: 0.819993457186942 0.7949943311348697 0.7797588289732205
orientation: 0.6978142839931104 0.5130868868998424 0.9942222124065536
enu_velocity: 0.4502944706610943 0.35606417114047817 0.5583643729013844
velocity: 0.18399771176884436 0.5175319678342081 0.2151731733285432
angularVelocity: 0.3897802296578465 0.47394625054089684 0.5179041023313565
acceleration: 0.9976312730422947 0.5150998146826344 0.4357370532564197
accel: 1.0
brake: 0.0
steer: 0.5595547611309718
linkid: A219BS010391
trafficlightid: C119BS010007
turn_signal_lamp: 0.0