position: 0.8196759476843147 0.795116242212929 0.7790771507895498
orientation: 0.6945828729723004 0.5143000162211457 0.9941959073885809
enu_velocity: 0.4444860967470236 0.3598800208670023 0.5440578354809238
velocity: 0.19368858240350895 0.5176750963155833 0.20693978630954507
angularVelocity: 0.387266516244003 0.4813722198262032 0.5179246779958092
acceleration: 0.9975328425256372 0.5169473619203041 0.4356796113030879
accel: 1.0
brake: 0.0
steer: 0.5597985050373742
linkid: A219BS010391
trafficlightid: C119BS010007
turn_signal_lamp: 0.0