position: 0.8189922134775185 0.7953844465846611 0.7769313971921283
orientation: 0.6871389190897611 0.5187622210939323 0.994142749331428
enu_velocity: 0.4328748208620476 0.3675121289961628 0.5165516286145829
velocity: 0.21306306956068233 0.5179741564889063 0.1923989905816102
angularVelocity: 0.38115091315022775 0.4921983767538591 0.5178858271749295
acceleration: 0.9973286734261204 0.5179216362857478 0.43837362619187686
accel: 1.0
brake: 0.0
steer: 0.5603672408189796
linkid: A219BS010391
trafficlightid: C119BS010007
turn_signal_lamp: 0.0