position: 0.8186259027040887 0.7955246443244288 0.7753804698470532
orientation: 0.6829039710073553 0.5217403621734282 0.9941169923346631
enu_velocity: 0.4270690380238683 0.37132248202897883 0.5040044768072622
velocity: 0.22274661129852974 0.518189311200698 0.18668543484952463
angularVelocity: 0.37791885055563185 0.495970066850724 0.5179185638007724
acceleration: 0.9972241528542947 0.517827036665159 0.4410247345496333
accel: 1.0
brake: 0.0
steer: 0.5604484887877804
linkid: A219BS010391
trafficlightid: C119BS010007
turn_signal_lamp: 0.0