position: 0.8178447380942092 0.7958294220195778 0.7711699757982347
orientation: 0.6755922802017134 0.5278657690205762 0.9940698625107954
enu_velocity: 0.4155411027312157 0.37893705795292915 0.4888133229180898
velocity: 0.24199855132388864 0.5182927615661292 0.185213424497231
angularVelocity: 0.38817241818520504 0.4950284277801021 0.518353126792004
acceleration: 0.9945696500578175 0.5125597440601166 0.4565813553470237
accel: 1.0
brake: 0.0
steer: 0.5581735456613586
linkid: A219BS010391
trafficlightid: C119BS010007
turn_signal_lamp: 0.0