position: 0.8174298842577592 0.7959940019749592 0.7685498208952608
orientation: 0.6723608691809033 0.5306966654284619 0.9940364332171219
enu_velocity: 0.4098743345239214 0.3829247355507963 0.4840947310800764
velocity: 0.2516047407936277 0.516573205761745 0.1874733846122991
angularVelocity: 0.38886132670035434 0.4932725485408961 0.5165506004177206
acceleration: 0.9938463798808937 0.5000939168400981 0.4612192627105828
accel: 1.0
brake: 0.0
steer: 0.5585797855053625
linkid: A219BS010391
trafficlightid: C119BS010007
turn_signal_lamp: 0.0