position: 0.8169991076080846 0.7961585819303396 0.765658892324041
orientation: 0.6696812770628866 0.5333029887674978 0.9940008118386173
enu_velocity: 0.4041686149454963 0.38678513097354217 0.4812751827140949
velocity: 0.26118512955518375 0.5160499754518268 0.19144935599002091
angularVelocity: 0.3947719428965071 0.49122735806813705 0.5163437728470442
acceleration: 0.9925036749676657 0.5086170657071121 0.46556473534796833
accel: 1.0
brake: 0.0
steer: 0.5569548261293469
linkid: A219BS010391
trafficlightid: C119BS010007
turn_signal_lamp: 0.0