position: 0.8156108965026695 0.7967010862277046 0.7559665087275245
orientation: 0.6649610029906633 0.5395570030734651 0.993879151130494
enu_velocity: 0.38720594911024675 0.398347456839205 0.48197733194423525
velocity: 0.289713732903932 0.5140660678879331 0.2119336518430867
angularVelocity: 0.4094789151361435 0.4840517805409076 0.5152469659819316
acceleration: 0.9879242579838721 0.5107684947590077 0.47642993807178563
accel: 1.0
brake: 0.0
steer: 0.5584985375365616
linkid: A219BS010391
trafficlightid: C119BS010007
turn_signal_lamp: 0.0