position: 0.8146064682306008 0.7970972972313994 0.7493445963501757
orientation: 0.6643987042265858 0.542472426190223 0.9938002360765761
enu_velocity: 0.3759634071897925 0.4059500381192644 0.4896657582951364
velocity: 0.30858265082181946 0.5133103286593164 0.23215184177872494
angularVelocity: 0.4175107074595387 0.4799315933574465 0.5167400958419408
acceleration: 0.9879049981844024 0.5066509570894709 0.4828311694796844
accel: 1.0
brake: 0.0
steer: 0.5597172570685733
linkid: A219BS010391
trafficlightid: C119BS010007
turn_signal_lamp: 0.0