position: 0.813539467606022 0.7975117948968018 0.7430715513944479
orientation: 0.6648836688418762 0.5444366031153152 0.9937410497861375
enu_velocity: 0.36477251632164737 0.4135861717081293 0.5000855738763862
velocity: 0.3274039558386155 0.5119722226688025 0.2547077561107047
angularVelocity: 0.419873767360985 0.4759258307225091 0.5175618065691204
acceleration: 0.9875596920563605 0.49555832111488696 0.48541332204850224
accel: 1.0
brake: 0.0
steer: 0.5580922976925577
linkid: A219BS010391
trafficlightid: C119BS010007
turn_signal_lamp: 0.0