position: 0.8129825994894595 0.7977312348373093 0.7401003395253651
orientation: 0.6648836688418762 0.5450412969276465 0.9937098125772951
enu_velocity: 0.3591969301205584 0.4174901524382333 0.5057050926555119
velocity: 0.3368395365674802 0.5105850026650536 0.2662924365996133
angularVelocity: 0.4179742873251375 0.47355280389797044 0.5171575230231769
acceleration: 0.9879072819550905 0.5018779532174151 0.48587691296255925
accel: 1.0
brake: 0.0
steer: 0.5584985375365616
linkid: A219BS010391
trafficlightid: C119BS010007
turn_signal_lamp: 0.0