position: 0.8105965874450477 0.7986699501383692 0.7273352951651941
orientation: 0.6682914306318828 0.5425067785289045 0.9935996603145346
enu_velocity: 0.33654564239845675 0.4326088391330264 0.5075905994228768
velocity: 0.3747471335846337 0.5104845857082815 0.2892872247011028
angularVelocity: 0.43229374799907133 0.440919078250875 0.5184004647026211
acceleration: 0.9905099431569476 0.5073589191385367 0.4338422639508646
accel: 1.0
brake: 0.0
steer: 0.5593110172245694
linkid: A219BS010391
trafficlightid: C119BS010007
turn_signal_lamp: 0.0