position: 0.8099604495394043 0.7989259634022936 0.7208038839599809
orientation: 0.6694275921449031 0.5373801908735671 0.9935728072753542
enu_velocity: 0.3308686292134602 0.43643124811115014 0.4900317430338484
velocity: 0.3842769429868627 0.5101541031666348 0.27458307863888964
angularVelocity: 0.4263485159754912 0.4188001214620329 0.5182287823500263
acceleration: 0.9918031663719333 0.5120050946164983 0.4251096716696191
accel: 1.0
brake: 0.0
steer: 0.5591485212869679
linkid: A219BS010391
trafficlightid: C119BS010007
turn_signal_lamp: 0.0