position: 0.8093079584742328 0.7991819766662198 0.71216759065444
orientation: 0.6692620826115178 0.5300811385134758 0.9935393779816807
enu_velocity: 0.325113713286202 0.4403535375310773 0.4690331722872417
velocity: 0.39396679156448816 0.5095084694289118 0.25502803891527637
angularVelocity: 0.4131704846713084 0.40046426603483465 0.5168487789805755
acceleration: 0.9963723825133202 0.5056390411122847 0.41879256759647254
accel: 1.0
brake: 0.0
steer: 0.559473513162171
linkid: A219BS010391
trafficlightid: C119BS010007
turn_signal_lamp: 0.0