position: 0.8072527966678528 0.7999865897814127 0.6751336351985335
orientation: 0.659502079385166 0.49819714365292783 0.9934149771675186
enu_velocity: 0.3076969102613254 0.45192898189993935 0.4071741123629072
velocity: 0.4231171047316768 0.5100732311137627 0.18860664336121674
angularVelocity: 0.36991616849837305 0.360796766557358 0.5159050560505889
acceleration: 0.9988314706645849 0.5189882420596466 0.4208572972988447
accel: 1.0
brake: 0.0
steer: 0.560610984725382
linkid: A219BS010391
trafficlightid: C119BS010007
turn_signal_lamp: 0.0