position: 0.8065351511723506 0.8002730808148533 0.6598571833115838
orientation: 0.6536239613282999 0.48540307124161886 0.9933727795345209
enu_velocity: 0.3018852293161827 0.4557445046855738 0.3902813282702946
velocity: 0.4328139332110329 0.5106636857876236 0.16773137228058274
angularVelocity: 0.3638311650310529 0.35634078059074 0.5162448093548175
acceleration: 0.9967659523285707 0.5183365073675851 0.4346182392196546
accel: 1.0
brake: 0.0
steer: 0.5604484887877804
linkid: A219BS010391
trafficlightid: C119BS010007
turn_signal_lamp: 0.0