position: 0.8050510589105445 0.800852158435637 0.628644496798886
orientation: 0.6416141848463952 0.46117690399618894 0.9932927684381874
enu_velocity: 0.29032579199558706 0.46336986965888427 0.3738597256285905
velocity: 0.4521143586251997 0.5116483952526183 0.14260585944005882
angularVelocity: 0.35590463779413417 0.3692762719903461 0.5163006333635737
acceleration: 0.9954226384098257 0.5186244029122966 0.4568032635362711
accel: 1.0
brake: 0.0
steer: 0.5610984725381867
linkid: A219BS010391
trafficlightid: C119BS010007
turn_signal_lamp: 0.0