position: 0.8042848703520222 0.8011569361307851 0.6136015963239005
orientation: 0.6343465455955997 0.4506067178920378 0.9932533109112284
enu_velocity: 0.2845749672407889 0.4671490611381508 0.37225605700209385
velocity: 0.4617047436031628 0.5122931014775014 0.1370373971375978
angularVelocity: 0.35019375300976013 0.377734338729216 0.5164290483165189
acceleration: 0.9923157967657239 0.5198013016711398 0.4693876961307947
accel: 1.0
brake: 0.0
steer: 0.5610172245693859
linkid: A219BS010391
trafficlightid: C119BS010007
turn_signal_lamp: 0.0