position: 0.8035025007724931 0.8014617138259341 0.5989922256573741
orientation: 0.627332555125335 0.44058745207421124 0.9932154974478927
enu_velocity: 0.2788435755551764 0.4709377747708298 0.37615324555061624
velocity: 0.471274188875934 0.5127885311358994 0.13691442441090373
angularVelocity: 0.35414401178697613 0.3819309451775307 0.5165542832137581
acceleration: 0.9920891705877741 0.5162008437939396 0.47836128857631904
accel: 0.0
brake: 0.1534454
steer: 0.560935976600585
linkid: A219BS010391
trafficlightid: C119BS010007
turn_signal_lamp: 0.0