position: 0.8027198729851821 0.8017725870749874 0.5904924139582
orientation: 0.6214655312664492 0.44115358859354104 0.9931749438785183
enu_velocity: 0.2809343351478252 0.4694439818457898 0.3842378359512973
velocity: 0.46771443899328385 0.5140458498747151 0.14360983049339945
angularVelocity: 0.3650697231613545 0.5069507974799855 0.51594234907056
acceleration: 0.36967997521347545 0.5192207173092374 0.4702064793314724
accel: 0.0
brake: 0.0817716
steer: 0.5610984725381867
linkid: A219BS010391
trafficlightid: C119BS010007
turn_signal_lamp: 0.0