position: 0.8019456799854172 0.8020773647701365 0.589311519631456
orientation: 0.6164476652712069 0.4546759377119403 0.9931393225000138
enu_velocity: 0.2837049112309333 0.46748266344847855 0.3886097068226248
velocity: 0.4630094866623919 0.5153794914367598 0.15643180714318727
angularVelocity: 0.37597661576546304 0.606914946820925 0.5160756506198629
acceleration: 0.4445447188944723 0.5432480527714137 0.46133658933154076
accel: 0.0
brake: 0.0
steer: 0.5611797205069874
linkid: A219BS010391
trafficlightid: C119BS010007
turn_signal_lamp: 0.0