position: 0.8011741551327332 0.8023760469113821 0.5912310202985371
orientation: 0.6119922425898527 0.47365093662150304 0.9931075372699634
enu_velocity: 0.28422636525408146 0.46704681037489704 0.3917143518333168
velocity: 0.46208315398984795 0.5164437249692994 0.1738950417640755
angularVelocity: 0.37293967933886446 0.6426707450376414 0.5165268437059637
acceleration: 0.5653832205277489 0.5218363036074746 0.46833553988677323
accel: 0.08481722
brake: 0.0
steer: 0.5613422164445889
linkid: A219BS010653
trafficlightid: C119BS010007
turn_signal_lamp: 0.0