position: 0.7996298143884549 0.8029856023016801 0.5973172241246933
orientation: 0.5983613038421846 0.5147487703715782 0.993043966809863
enu_velocity: 0.2834589294867676 0.46746539688274125 0.398742486814729
velocity: 0.4633061324859461 0.5179036460794739 0.21364413467399257
angularVelocity: 0.3471641604935108 0.643295299369136 0.5163727126430466
acceleration: 0.6368973148185506 0.5155815195410243 0.46672844857267404
accel: 0.1283399
brake: 0.0
steer: 0.5612609684757882
linkid: A219BS010653
trafficlightid: C119BS010007
turn_signal_lamp: 0.0