position: 0.7980774692029339 0.8035890621380766 0.6004380548670651
orientation: 0.5813777490573364 0.5492336720198348 0.9929776562437236
enu_velocity: 0.2819119549002786 0.4684584798352055 0.4066297716659536
velocity: 0.46586326934142397 0.5189469036883034 0.2500096355159012
angularVelocity: 0.3362451810369525 0.60366250332963 0.5165124486736331
acceleration: 0.6473910888790264 0.5209924084015449 0.47011223922315326
accel: 0.1657995
brake: 0.0
steer: 0.5614234644133898
linkid: A219BS010653
trafficlightid: C119BS010007
turn_signal_lamp: 0.0