position: 0.7972976817012252 0.8038999353871281 0.6000483159483503
orientation: 0.5723014664361482 0.5623330312418128 0.99294422695005
enu_velocity: 0.28098019037248256 0.469083652117729 0.41181052347729574
velocity: 0.467419787427367 0.5192863168535796 0.26639803487795155
angularVelocity: 0.33381549419735457 0.5772152928873369 0.5165543377516638
acceleration: 0.6544268306515522 0.5183501752521071 0.4734650458875649
accel: 0.180279
brake: 0.0
steer: 0.5614234644133898
linkid: A219BS010653
trafficlightid: C119BS010007
turn_signal_lamp: 0.0