position: 0.7965151399831748 0.8042047130822771 0.5982324537203279
orientation: 0.5630377388477833 0.5723001983883194 0.9929113456775842
enu_velocity: 0.27996677286100297 0.46977480515855513 0.4184369558500557
velocity: 0.46911939349878923 0.5195328939336951 0.2818561927591496
angularVelocity: 0.33218583459142426 0.5495358235918131 0.5166040991284941
acceleration: 0.6601256454506907 0.5149595063604455 0.4772459891219699
accel: 0.1929225
brake: 0.0
steer: 0.5615047123821906
linkid: A219BS010653
trafficlightid: C119BS010007
turn_signal_lamp: 0.0