position: 0.7941495263535427 0.805131237275531 0.5880992418337287
orientation: 0.5422383942944455 0.5871397672650435 0.9928072216481092
enu_velocity: 0.2767151430827906 0.47223936732033733 0.4676977243075948
velocity: 0.4747055584231804 0.5184730400284507 0.3453927846117759
angularVelocity: 0.37691556530323655 0.4904509690253891 0.5166541143544858
acceleration: 0.6696167908911045 0.5004484256769653 0.5163517139632452
accel: 0.224685
brake: 0.0
steer: 0.5617484562885928
linkid: A219BS010653
trafficlightid: C119BS010007
turn_signal_lamp: 0.0