position: 0.7933547628004766 0.8054482060784851 0.5844660576813601
orientation: 0.5391284051147216 0.5881136774477893 0.992773244333228
enu_velocity: 0.27555785267312954 0.47318878323022096 0.4911052090998971
velocity: 0.47673446628696814 0.5175372749743432 0.37034380043930976
angularVelocity: 0.393175166414156 0.4733791684009423 0.5167377665775649
acceleration: 0.6735112289198449 0.5006641843120673 0.5193793279259654
accel: 0.2322069
brake: 0.0
steer: 0.5617484562885928
linkid: A219BS010653
trafficlightid: C119BS010007
turn_signal_lamp: 0.0