position: 0.7925567286155049 0.8057590793275384 0.580924834397452
orientation: 0.5376065124315367 0.587273399287923 0.9927392670183467
enu_velocity: 0.2743482293490826 0.4741580403653483 0.5151896996808462
velocity: 0.4788418980452261 0.5167149014566191 0.3945257189795247
angularVelocity: 0.40729714647008447 0.45787907500997543 0.5168665603210557
acceleration: 0.6765927968349983 0.5026148329381901 0.5207122611376084
accel: 0.2386027
brake: 0.0
steer: 0.5619109522261945
linkid: A219BS010653
trafficlightid: C119BS010007
turn_signal_lamp: 0.0