position: 0.7917550795215847 0.8060760481304925 0.5775886984471752
orientation: 0.5373969874807577 0.5848167081793061 0.9927052897034653
enu_velocity: 0.27309786476595344 0.4751475474018314 0.5391927456189282
velocity: 0.4810143924589022 0.5159466116542607 0.4173379990739441
angularVelocity: 0.41873230605287387 0.44410130822639976 0.5169025077421514
acceleration: 0.6793120825933282 0.5035735043117971 0.5199589477690115
accel: 0.2441912
brake: 0.0
steer: 0.5619922001949952
linkid: A219BS010653
trafficlightid: C119BS010007
turn_signal_lamp: 0.0