position: 0.7909499876572378 0.8063930169334492 0.5744883034533497
orientation: 0.5382241014982515 0.5808840068339771 0.9926718604097917
enu_velocity: 0.2718038610099162 0.4761419176840489 0.5618433508837727
velocity: 0.4832472131661079 0.5153592734235417 0.4376330115390753
angularVelocity: 0.4276004996919 0.4314313483181918 0.5169742726849674
acceleration: 0.6816875086117187 0.5052382182774047 0.5161149010819984
accel: 0.2487822
brake: 0.0
steer: 0.5621546961325967
linkid: A219BS010653
trafficlightid: C119BS010007
turn_signal_lamp: 0.0