position: 0.7893285288553954 0.8070330500932625 0.5691786580719747
orientation: 0.5415546375518292 0.5695488041252454 0.9926093859921067
enu_velocity: 0.2690774354962738 0.47808807419760024 0.6012206193814372
velocity: 0.48786965308725505 0.51514883577705 0.4695390386632705
angularVelocity: 0.43498964393892164 0.41305347591857455 0.5176001893556088
acceleration: 0.6859242838666065 0.5114547090986868 0.5058281477339611
accel: 0.255787
brake: 0.0
steer: 0.5623984400389991
linkid: A219BS010653
trafficlightid: C119BS010007
turn_signal_lamp: 0.0