position: 0.787691491517371 0.8076791788069784 0.5652528048064882
orientation: 0.5453814492433937 0.5553303568908652 0.9925501997016684
enu_velocity: 0.26625213998151137 0.4800581791313222 0.6296504460200563
velocity: 0.49264066520238387 0.5151998860837563 0.48828338706259766
angularVelocity: 0.4352198258039765 0.40370462785402617 0.5178155565707317
acceleration: 0.6884216632397419 0.5140200765082391 0.4909418397041899
accel: 0.2600057
brake: 0.0
steer: 0.5626421839454014
linkid: A219BS010653
trafficlightid: C119BS010007
turn_signal_lamp: 0.0