position: 0.7868668619308509 0.8080022431638358 0.5633646876103895
orientation: 0.5462416651675646 0.5472088083387522 0.9925200585352413
enu_velocity: 0.26477301067165293 0.4810201413978481 0.6344301684673416
velocity: 0.49510282553788354 0.5157226941544961 0.4875605053719091
angularVelocity: 0.4218344896804672 0.3954290768204337 0.5175508593240333
acceleration: 0.6909746904919775 0.5207656178749172 0.4678658405966712
accel: 0.2607322
brake: 0.0
steer: 0.562804679883003
linkid: A219BS010653
trafficlightid: C119BS010007
turn_signal_lamp: 0.0