position: 0.7852048645072308 0.8086605629853576 0.5585980492618314
orientation: 0.5423045619703468 0.5288758845727211 0.9924581321387642
enu_velocity: 0.26176480565481863 0.48282460990332565 0.6353115713151842
velocity: 0.5000251519512454 0.5178981693369908 0.47561848240188564
angularVelocity: 0.3854007652201586 0.38647480110950616 0.5175734866053415
acceleration: 0.6905817296822437 0.5277678325386485 0.4582991253142649
accel: 0.2630158
brake: 0.0
steer: 0.5630484237894053
linkid: A219BS010653
trafficlightid: C119BS010007
turn_signal_lamp: 0.0