position: 0.7843676688086524 0.8089897228961194 0.5559443213433877
orientation: 0.5376506362612885 0.5193363042642227 0.9924279909723371
enu_velocity: 0.2602713572413497 0.48371981492693594 0.6332700064505808
velocity: 0.5024696132502138 0.5189687223236794 0.46679060585159216
angularVelocity: 0.37171083658996235 0.3849504310862499 0.5176436054950013
acceleration: 0.6899905375767823 0.5244586363906966 0.45409186609536417
accel: 0.2645031
brake: 0.0
steer: 0.5632109197270069
linkid: A219BS010653
trafficlightid: C119BS010007
turn_signal_lamp: 0.0