position: 0.023129779732666993 0.029356187596766503 0.5839522445750385
orientation: 0.6478561709145398 0.5254254344715598 0.49816629363776427
enu_velocity: 0.8935369532595479 0.9952851036944117 0.8723151229946063
velocity: 0.9984477197115363 0.5108617389293393 0.9862056035974917
angularVelocity: 0.38392452831632057 0.5037296659543141 0.5097951367855298
acceleration: 0.5925358114275318 0.5048002184283836 0.48917957082972935
accel: 0.04787093
brake: 0.0
steer: 0.562073448163796
linkid: A219BS010380
trafficlightid: null
turn_signal_lamp: 0.0