position: 0.7835262557163007 0.8093249783607837 0.5530803971541762
orientation: 0.5318387220177765 0.5097221751045607 0.9923983978271179
enu_velocity: 0.2587876253624737 0.48463138742883677 0.6289485571111595
velocity: 0.504912578855954 0.5198544476184032 0.4556146281955251
angularVelocity: 0.3619706312435191 0.3846253731605475 0.517775979899906
acceleration: 0.6899728002911046 0.5228663078974841 0.4484615321003034
accel: 0.265998
brake: 0.0
steer: 0.5632921676958077
linkid: A219BS010653
trafficlightid: C119BS010007
turn_signal_lamp: 0.0