position: 0.7826807973686974 0.8096541382715436 0.5499894901864617
orientation: 0.5251445841413969 0.5001740067113921 0.9923709967667298
enu_velocity: 0.2573255426045325 0.485576982217072 0.6226509284222503
velocity: 0.5073485645599636 0.520345243245984 0.44251538412572733
angularVelocity: 0.35452004294657574 0.3855513956840826 0.5181510826914635
acceleration: 0.6893808469287471 0.518686519059242 0.4437230369109079
accel: 0.266919
brake: 0.0
steer: 0.5633734156646084
linkid: A219BS010653
trafficlightid: C119BS010007
turn_signal_lamp: 0.0