position: 0.7766514735199442 0.8120374998476105 0.5408955820831034
orientation: 0.5069148293000443 0.46264899436022966 0.9922170028073484
enu_velocity: 0.24743786063045997 0.49296229084212007 0.6016884435859629
velocity: 0.5243865046845693 0.5160845990644664 0.3976996840771574
angularVelocity: 0.4405263556495134 0.4518733331684203 0.518410568097566
acceleration: 0.6904527727640553 0.5020095457315633 0.44054948667217875
accel: 0.2748814
brake: 0.0
steer: 0.563942151446214
linkid: A219BS010653
trafficlightid: C119BS010007
turn_signal_lamp: 0.0