position: 0.7757743416844128 0.8123849464200807 0.5407802660734462
orientation: 0.5101460957710435 0.46100660334623134 0.9921934378954146
enu_velocity: 0.24602708799378964 0.49404691724370037 0.5921407041707593
velocity: 0.5268366994742448 0.5152878355012694 0.3881184933017905
angularVelocity: 0.4493751862274141 0.455357891751803 0.5184479900253145
acceleration: 0.6902881890231323 0.5046372210803337 0.435159580330234
accel: 0.2754857
brake: 0.0
steer: 0.5640233994150147
linkid: A219BS010653
trafficlightid: C119BS010007
turn_signal_lamp: 0.0