position: 0.7713278315394593 0.8141465614980428 0.535585206853566
orientation: 0.5309454403243813 0.45855646911553694 0.9920991782476792
enu_velocity: 0.23872400422140821 0.4991798892119928 0.5363638256881772
velocity: 0.539234500641172 0.5144674830781908 0.3374164958288244
angularVelocity: 0.45457013453508266 0.480453109309735 0.5197431581949301
acceleration: 0.6902370325597187 0.5151682493876457 0.4437080577924574
accel: 0.275421
brake: 0.0
steer: 0.5646733831654209
linkid: A219BS010653
trafficlightid: C119BS010007
turn_signal_lamp: 0.0