position: 0.7695206352730817 0.814865836858595 0.534203604282165
orientation: 0.5370440691176483 0.46369278518214 0.9920728732297067
enu_velocity: 0.23581125989531038 0.501080233133375 0.5284593147519022
velocity: 0.5440845352151804 0.5151631565752975 0.3366704191405817
angularVelocity: 0.43963328642665594 0.4977768468556642 0.5201497273749249
acceleration: 0.6895154371479663 0.5195405501031997 0.4523032060466085
accel: 0.2764884
brake: 0.0
steer: 0.5648358791030225
linkid: A219BS010653
trafficlightid: C119BS010007
turn_signal_lamp: 0.0