position: 0.7667790711128245 0.815950845453326 0.5342649115278055
orientation: 0.5382902691741529 0.4767811687606388 0.9920399919572409
enu_velocity: 0.23138836153486475 0.5038723083314143 0.5232023875587272
velocity: 0.5513899995051624 0.5168667061581023 0.3471486284867705
angularVelocity: 0.40705232268377084 0.5116907565170224 0.5203587483610119
acceleration: 0.6903217604522475 0.5222068907741473 0.45749399682288117
accel: 0.2771764
brake: 0.0
steer: 0.5650796230094248
linkid: A219BS010653
trafficlightid: C119BS010007
turn_signal_lamp: 0.0