position: 0.7658570111232212 0.8163165786875046 0.5344079617676338
orientation: 0.5365808953863386 0.48161822036640395 0.9920301275755011
enu_velocity: 0.22990445919046953 0.5047891731889672 0.5218160692174438
velocity: 0.5538289765956279 0.5175681090345228 0.35150911362845627
angularVelocity: 0.4000763422430521 0.5115081332597677 0.5205401126792797
acceleration: 0.6899429590207801 0.5229633501844582 0.4576744668131978
accel: 0.2770426
brake: 0.0
steer: 0.5650796230094248
linkid: A219BS010653
trafficlightid: C119BS010007
turn_signal_lamp: 0.0