position: 0.7649307337398449 0.8166823119216833 0.5344678093169497
orientation: 0.5341436410261562 0.4863502193845828 0.992021359236177
enu_velocity: 0.2284249889495728 0.5057105334837535 0.521482220687424
velocity: 0.5562644637352282 0.5182019483423049 0.3568348071458032
angularVelocity: 0.39354793871353816 0.5103916720353029 0.5207013981238365
acceleration: 0.6898528262042893 0.5224972566033312 0.46005984490990665
accel: 0.2771547
brake: 0.0
steer: 0.5651608709782256
linkid: A219BS010653
trafficlightid: C119BS010007
turn_signal_lamp: 0.0