position: 0.7621275439889448 0.8177977982859295 0.5373280842653494
orientation: 0.5283207048595695 0.5189597470413513 0.992002726515113
enu_velocity: 0.22413641741823498 0.5084946394976063 0.4227592759191539
velocity: 0.5634275878863452 0.5189478312011433 0.29580249023586525
angularVelocity: 0.3664534382696523 0.6014890571240816 0.5211404034753933
acceleration: 0.686495302664323 0.5286218865976787 0.4474115148215984
accel: 0.2801197
brake: 0.0
steer: 0.5653233669158272
linkid: A219BS010653
trafficlightid: C119BS010007
turn_signal_lamp: 0.0