position: 0.7611851716538224 0.8181696270740124 0.538088586050558
orientation: 0.5224426229401562 0.5331585592771697 0.9919977943242432
enu_velocity: 0.2226850739880017 0.5093557200658542 0.4231329715526331
velocity: 0.5657890382111592 0.5198632086396849 0.311131767641932
angularVelocity: 0.36238858389136214 0.5909542692578089 0.521089539441268
acceleration: 0.6862488076813866 0.5258654864128217 0.4660009634090623
accel: 0.2799414
brake: 0.0
steer: 0.565404614884628
linkid: A219BS010653
trafficlightid: C119BS010007
turn_signal_lamp: 0.0