position: 0.7602388401327089 0.8185414558620936 0.538263749609531
orientation: 0.5163109283776647 0.545818251326271 0.9919939581757888
enu_velocity: 0.22125964131668258 0.5102290609174657 0.43051945219074683
velocity: 0.5681210732358225 0.5205630939284303 0.33189381923074573
angularVelocity: 0.36079346361379294 0.5765349190796849 0.5211719362017561
acceleration: 0.6853598880038855 0.5234987375465442 0.4830898968159951
accel: 0.2816837
brake: 0.0
steer: 0.565404614884628
linkid: A219BS010653
trafficlightid: C119BS010007
turn_signal_lamp: 0.0