position: 0.7592885494256043 0.8189193802040782 0.5379667014074392
orientation: 0.5101902196007952 0.5565932685950918 0.9919895740061268
enu_velocity: 0.21984716402482052 0.5111144577143849 0.44441225836578224
velocity: 0.5704411427146617 0.5211084794283836 0.35724638755352944
angularVelocity: 0.36137022832293775 0.5593662177088633 0.5212982764336056
acceleration: 0.6849726366208719 0.521695052434473 0.49883395379230605
accel: 0.2830225
brake: 0.0
steer: 0.565404614884628
linkid: A219BS010653
trafficlightid: C119BS010007
turn_signal_lamp: 0.0