position: 0.7583342995325087 0.8192973045460636 0.537336842443298
orientation: 0.5042129042362562 0.5652693722245519 0.9919857378576723
enu_velocity: 0.21844048256061033 0.5120200839788543 0.4636069106134048
velocity: 0.5727629571689337 0.5214761131876602 0.38579602877226093
angularVelocity: 0.36262833196463756 0.5407091403764821 0.5213368068690789
acceleration: 0.6854233768290149 0.5199738027098868 0.5105283212525527
accel: 0.2844842
brake: 0.0
steer: 0.5654858628534287
linkid: A219BS010653
trafficlightid: C119BS010007
turn_signal_lamp: 0.0