position: 0.7515463612201726 0.8219854438172796 0.5340101945191322
orientation: 0.46493019219848764 0.5635845396800869 0.9919605288821153
enu_velocity: 0.20876554155446492 0.5184702190565262 0.6662775013684819
velocity: 0.5888483899895053 0.5222624318962655 0.5911864241248902
angularVelocity: 0.38132331144567555 0.4044126425198138 0.5216707499031455
acceleration: 0.686010610398617 0.5141729871170829 0.5269743882360407
accel: 0.294623
brake: 0.0
steer: 0.5655671108222295
linkid: A219BS010653
trafficlightid: C119BS010007
turn_signal_lamp: 0.0