position: 0.7495720184495658 0.8227656747168615 0.5332693986343084
orientation: 0.457794888299495 0.5434236011114763 0.9919528565852065
enu_velocity: 0.2059204720394785 0.520424303886653 0.7022621557004697
velocity: 0.5936380982699841 0.5219925191231064 0.6087531468025347
angularVelocity: 0.38894626743844024 0.37004286663303876 0.5219127087103679
acceleration: 0.6903292207698286 0.5145960056880986 0.4892021691175711
accel: 0.29371
brake: 0.0
steer: 0.5656483587910303
linkid: A219BS010653
trafficlightid: C119BS010007
turn_signal_lamp: 0.0