position: 0.7475815807272128 0.823552001170345 0.5321089400561108
orientation: 0.45705598580405216 0.5187425860953705 0.9919517605427911
enu_velocity: 0.20299255628217439 0.5225014002265292 0.7195421003184717
velocity: 0.598619753848057 0.5211194309699894 0.6033291797429191
angularVelocity: 0.4279172020007566 0.3581831459598638 0.5225468475156843
acceleration: 0.6924666017568287 0.509472468449404 0.4775961274072703
accel: 0.2883569
brake: 0.0
steer: 0.5656483587910303
linkid: A219BS010653
trafficlightid: C119BS010007
turn_signal_lamp: 0.0