position: 0.7465802509485285 0.8239543077279423 0.5316951161480366
orientation: 0.45962557551603733 0.5059960154137946 0.9919539526276221
enu_velocity: 0.20153388283461665 0.5235690665694563 0.7228411783683459
velocity: 0.6011235443117361 0.5204043814646541 0.5948729463489242
angularVelocity: 0.44569061253184755 0.35723005618873793 0.5227669792614159
acceleration: 0.6922934158129805 0.5078100774718035 0.46619135517686067
accel: 0.2859626
brake: 0.0
steer: 0.5656483587910303
linkid: A219BS010653
trafficlightid: C119BS010007
turn_signal_lamp: 0.0