position: 0.7445654556254047 0.8247528252892335 0.5309922723676563
orientation: 0.4702678746501623 0.48094478624150344 0.991961076903323
enu_velocity: 0.19864739019847139 0.5257184985811788 0.7181082688619348
velocity: 0.6061044520431949 0.5186748844893176 0.567089612041866
angularVelocity: 0.47852361392298304 0.3614396764262916 0.5230509326527266
acceleration: 0.6914359360452856 0.5060736285931899 0.448252250644751
accel: 0.2812047
brake: 0.0
steer: 0.5656483587910303
linkid: A219BS010653
trafficlightid: C119BS010007
turn_signal_lamp: 0.0