position: 0.7435519900809653 0.8251551318468309 0.5306244288938129
orientation: 0.477943541879441 0.4690550997258369 0.9919654610729851
enu_velocity: 0.19721769588917293 0.5267822825010406 0.7110960224529765
velocity: 0.6085720965871971 0.5178152761894734 0.5491804579529629
angularVelocity: 0.4913456223983146 0.3662711621959102 0.5230604498147644
acceleration: 0.6906484919120262 0.5071415525170204 0.4421026410735094
accel: 0.2792531
brake: 0.0
steer: 0.5656483587910303
linkid: A219BS010653
trafficlightid: C119BS010007
turn_signal_lamp: 0.0