position: 0.7415129232263314 0.825965840515928 0.5298909314906126
orientation: 0.49372502043753635 0.44812030702153244 0.9919714893062704
enu_velocity: 0.19432438463226076 0.5288444621628243 0.684898818518571
velocity: 0.6135131191659091 0.5167646037779983 0.5041957657793562
angularVelocity: 0.4857756488937661 0.3846911591199237 0.5227932061436653
acceleration: 0.6908584465639528 0.5132658572316734 0.4213203157017389
accel: 0.2743959
brake: 0.0
steer: 0.5657296067598311
linkid: A219BS010653
trafficlightid: C119BS010007
turn_signal_lamp: 0.0