position: 0.7394589663896008 0.8267765491850234 0.49806882176232037
orientation: 0.5090984348796959 0.39875923913988576 0.9919676531578161
enu_velocity: 0.19162864291206932 0.5306422283800631 0.49421106595086106
velocity: 0.6181011581428122 0.516440103252496 0.2688900147279515
angularVelocity: 0.4150159871573368 0.2600019574459847 0.5221353722643414
acceleration: 0.7128158359704542 0.537117896090936 0.43979857466984795
accel: 0.28481
brake: 0.0
steer: 0.5657296067598311
linkid: A219BS010653
trafficlightid: C119BS010007
turn_signal_lamp: 0.0