position: 0.7384254467074244 0.8271849512965233 0.48352294788592154
orientation: 0.5083264304775759 0.37924055389083705 0.991963268988154
enu_velocity: 0.19010212418788103 0.5314932963835639 0.4908088019459821
velocity: 0.6205603270918558 0.5177411422965466 0.24570286510539335
angularVelocity: 0.4089862535003104 0.3106357074715283 0.5219378516765298
acceleration: 0.6908166535603605 0.5308639597463309 0.4544425705305923
accel: 0.2727998
brake: 0.0
steer: 0.5657296067598311
linkid: A219BS010653
trafficlightid: C119BS010007
turn_signal_lamp: 0.0