position: 0.7363462715773162 0.8280139466273289 0.46440968420929707
orientation: 0.5049407848086243 0.35790051762274966 0.9919555966912454
enu_velocity: 0.18726216863846984 0.5331700944716135 0.49944239189621764
velocity: 0.6251845119884355 0.519522027016594 0.23268733230496363
angularVelocity: 0.39820555758065584 0.41343682701590945 0.5216924869275118
acceleration: 0.6841313716250628 0.5246729021147477 0.477492836851653
accel: 0.2732346
brake: 0.0
steer: 0.5658108547286319
linkid: A219BS010653
trafficlightid: C119BS010007
turn_signal_lamp: 0.0