position: 0.7310794353088762 0.8300986260621501 0.47039078990006944
orientation: 0.48323713663881646 0.3855961641693989 0.9919276476096495
enu_velocity: 0.1803907035606327 0.5374323819830232 0.5755484753164295
velocity: 0.636468520264909 0.5226607298660371 0.33971410857526035
angularVelocity: 0.37773035685666867 0.5803511141847076 0.5212210191270384
acceleration: 0.6810826138821285 0.5185909221188352 0.5087705847581308
accel: 0.2741401
brake: 0.0
steer: 0.5659733506662334
linkid: A219BS010653
trafficlightid: C119BS010007
turn_signal_lamp: 0.0