position: 0.7289460365445433 0.8309398125007608 0.4884881049346492
orientation: 0.4739072052370974 0.4147553842658306 0.9919188792703253
enu_velocity: 0.17772104306487463 0.5392250397488605 0.6167944006157225
velocity: 0.6409214482868822 0.522859373506594 0.4131374373364469
angularVelocity: 0.370957053041775 0.6050761665177071 0.5210190586182335
acceleration: 0.6813812549624434 0.5157427066768875 0.5085101716945075
accel: 0.2743681
brake: 0.0
steer: 0.5659733506662334
linkid: A219BS010653
trafficlightid: C119BS010007
turn_signal_lamp: 0.0