position: 0.726797403521071 0.8317870944932766 0.5106703801341168
orientation: 0.4630443592291187 0.4459892147910622 0.9919073708249622
enu_velocity: 0.1749639337577812 0.5410479395469948 0.6394818368482387
velocity: 0.6455052494663058 0.5232778897369202 0.47131206078833343
angularVelocity: 0.377271477208442 0.6001488519364195 0.5211198446681115
acceleration: 0.6849122689490164 0.5179541114739651 0.4658343753831651
accel: 0.2715538
brake: 0.0
steer: 0.5659733506662334
linkid: A219BS010653
trafficlightid: C119BS010007
turn_signal_lamp: 0.0