position: 0.7246335362384596 0.8326465675935975 0.53083754455723
orientation: 0.46254808359113186 0.4721764943338596 0.9919046307189234
enu_velocity: 0.17225233874430673 0.5430343097899794 0.6431373395635688
velocity: 0.6501339214425697 0.5220895664698985 0.5059731478663654
angularVelocity: 0.43529204474736377 0.5742085339625841 0.5220424003461074
acceleration: 0.6847163214239766 0.5052560963858972 0.4612659175994226
accel: 0.2686917
brake: 0.0
steer: 0.5659733506662334
linkid: A219BS010653
trafficlightid: C119BS010007
turn_signal_lamp: 0.0