position: 0.7235460511298403 0.8330793519207091 0.539697901248624
orientation: 0.4661653341944647 0.4829774896679283 0.9919068228037544
enu_velocity: 0.1709273102637801 0.5440564087464045 0.6429573049821357
velocity: 0.6524278162899189 0.5210773096968906 0.5189633056882679
angularVelocity: 0.45545602814553643 0.5605612994286481 0.5223368158926234
acceleration: 0.6836971506915639 0.5041512900408563 0.4600278860645535
accel: 0.2669718
brake: 0.0
steer: 0.5659733506662334
linkid: A219BS010653
trafficlightid: C119BS010007
turn_signal_lamp: 0.0