position: 0.7224549511122728 0.83351213624782 0.5476751416635284
orientation: 0.4713596593712618 0.4921932528585849 0.9919101109310009
enu_velocity: 0.1696121687833655 0.5450674734478023 0.6424023090673838
velocity: 0.6547035135363273 0.520087461810763 0.5298946894791502
angularVelocity: 0.4684416872481029 0.5467536331954159 0.5225172912430269
acceleration: 0.6830884496774935 0.5049473123611808 0.4584141563244911
accel: 0.266038
brake: 0.0
steer: 0.5659733506662334
linkid: A219BS010653
trafficlightid: C119BS010007
turn_signal_lamp: 0.0