position: 0.7213601501164961 0.8339449205749325 0.5547882418541645
orientation: 0.4775796015932569 0.49992530860801176 0.9919139470794555
enu_velocity: 0.16829327706152908 0.5460634171330513 0.6409428853396232
velocity: 0.6569757208318704 0.5192201012702686 0.5383514460685787
angularVelocity: 0.4769811632524496 0.5340361138028982 0.5226482613464377
acceleration: 0.6832763278794352 0.5065591929258418 0.4560487413739664
accel: 0.2651521
brake: 0.0
steer: 0.5659733506662334
linkid: A219BS010653
trafficlightid: C119BS010007
turn_signal_lamp: 0.0