position: 0.7169431617279537 0.8356943445450886 0.5715703705001212
orientation: 0.49695628690853555 0.5154575902561371 0.9919205233339484
enu_velocity: 0.16288508800026735 0.5497756265975405 0.6053333000600893
velocity: 0.6660942145963982 0.5185031992126211 0.5262445293377479
angularVelocity: 0.4454085948995778 0.48018609718611766 0.5221646157274032
acceleration: 0.6826386991033155 0.5194893998712384 0.43160315689016393
accel: 0.2582421
brake: 0.0
steer: 0.5660545986350342
linkid: A219BS010653
trafficlightid: C119BS010007
turn_signal_lamp: 0.0