position: 0.2474156348891698 0.3146463969180884 0.8913796173843995
orientation: 0.8250145037666428 0.5487881606731575 0.500181696431434
enu_velocity: 0.8894694755065766 0.9986887626942462 0.5853767036903319
velocity: 0.9992808208395346 0.5169110183048634 0.7476273523084689
angularVelocity: 0.41219257033419765 0.48136398134475106 0.5225727820747587
acceleration: 0.5652042947069047 0.5159624766857314 0.4551331875656301
accel: 0.03806312
brake: 0.0
steer: 0.5660545986350342
linkid: A219BS010380
trafficlightid: null
turn_signal_lamp: 0.0