position: 0.7147119022142342 0.8365842954149247 0.5726264607910969
orientation: 0.5014558334196416 0.5151240090918239 0.9919205233339484
enu_velocity: 0.1601772432282147 0.5515069829465589 0.582764696884637
velocity: 0.6705907670041883 0.5191031728182557 0.5063828970900742
angularVelocity: 0.4343154538440972 0.4613769807937264 0.522176353276325
acceleration: 0.6814849381516834 0.5201919288288028 0.4334482490461726
accel: 0.2554912
brake: 0.0
steer: 0.566135846603835
linkid: A219BS010653
trafficlightid: C119BS010007
turn_signal_lamp: 0.0