position: 0.7102047993097659 0.8383702927084977 0.5652090139167449
orientation: 0.4762121242454771 0.4977401221346799 0.9919040826977157
enu_velocity: 0.1549741241865173 0.5543321609096803 0.6028090726800754
velocity: 0.6789138012536226 0.5242534166481311 0.5100267788862739
angularVelocity: 0.28962687962986694 0.40860681112331226 0.5210155295199305
acceleration: 0.6722490649862174 0.5403232359560493 0.48556481486340763
accel: 0.2603956
brake: 0.0
steer: 0.566135846603835
linkid: A219BS010653
trafficlightid: C119BS010007
turn_signal_lamp: 0.0