position: 0.709068857207387 0.8388152681434162 0.5625684232652239
orientation: 0.4590741541252239 0.490041171491721 0.9918925742523526
enu_velocity: 0.15369120068922626 0.5549190198066922 0.615531923373634
velocity: 0.6808993340137982 0.5264236694916646 0.5143868280317649
angularVelocity: 0.24834442633541554 0.3999993546881369 0.520353311427605
acceleration: 0.6695879392547447 0.5422006981852462 0.49466688358478506
accel: 0.2623287
brake: 0.0
steer: 0.5662170945726358
linkid: A219BS010653
trafficlightid: C119BS010007
turn_signal_lamp: 0.0