position: 0.7079292141267992 0.8392663391322355 0.5602898373022476
orientation: 0.43731539634004213 0.4817198163389985 0.991877777679743
enu_velocity: 0.152407083933301 0.5554854448980977 0.6316438783843781
velocity: 0.6828733997925591 0.5287994733140422 0.5212727775311977
angularVelocity: 0.20683052511636466 0.39489350382472754 0.519831680157196
acceleration: 0.6697522946185989 0.5437835367968051 0.5001260637774255
accel: 0.2650851
brake: 0.0
steer: 0.5662170945726358
linkid: A219BS010653
trafficlightid: C119BS010007
turn_signal_lamp: 0.0