position: 0.705638911100257 0.8401684811098784 0.5568442241276124
orientation: 0.3820306227328717 0.4630558771434932 0.9918487325557316
enu_velocity: 0.14978532424843038 0.5566985999369414 0.6628854527282654
velocity: 0.6869404389617073 0.533149582734057 0.5317181127643118
angularVelocity: 0.1394739771214243 0.38115617658457224 0.5201285279951499
acceleration: 0.673133493248032 0.5405258299695527 0.49141309590659293
accel: 0.267493
brake: 0.0
steer: 0.5662170945726358
linkid: A219BS010653
trafficlightid: C119BS010007
turn_signal_lamp: 0.0