position: 0.7044884232928242 0.8406195520986994 0.5552728610339903
orientation: 0.35104116699109666 0.4521637269522177 0.9918366760891607
enu_velocity: 0.14850035516490928 0.5573248960787731 0.6782906983988088
velocity: 0.688953642046601 0.5349939853000698 0.5348475190508537
angularVelocity: 0.13024876348821973 0.3705812001294926 0.520376639768902
acceleration: 0.6731513827850888 0.5375053164817994 0.4994068943384531
accel: 0.2694469
brake: 0.0
steer: 0.5662170945726358
linkid: A219BS010653
trafficlightid: C119BS010007
turn_signal_lamp: 0.0