position: 0.24834303117293494 0.3158350299291701 0.8922824395612736
orientation: 0.8244630462383766 0.5498054032665225 0.500184874954439
enu_velocity: 0.8894926588171841 0.9987318780240755 0.58492718186455
velocity: 0.9993426428262921 0.5168119493334186 0.7489781557186569
angularVelocity: 0.4124155574620823 0.4768817168450416 0.5226103148631955
acceleration: 0.5927745743241751 0.5162507255885261 0.4561605548714578
accel: 0.03581474
brake: 0.0
steer: 0.5660545986350342
linkid: A219BS010380
trafficlightid: null
turn_signal_lamp: 0.0