position: 0.7033343205764431 0.8410767186414221 0.5536861711289585
orientation: 0.3198311643754678 0.4399286283838122 0.9918262636862132
enu_velocity: 0.14722237516767422 0.5580116762851997 0.6940831315245256
velocity: 0.6909950140206221 0.5363157493976908 0.5367368649606427
angularVelocity: 0.12973897371147847 0.358938268391657 0.5206521841092606
acceleration: 0.6732174598836648 0.5305155805904993 0.4982207625307984
accel: 0.2692294
brake: 0.0
steer: 0.5662170945726358
linkid: A219BS010653
trafficlightid: C119BS010007
turn_signal_lamp: 0.0