position: 0.7021766890203742 0.8415338851841456 0.5521622481658919
orientation: 0.2904586717274519 0.42679701930031266 0.9918273597286288
enu_velocity: 0.14584518423828086 0.5586825181232531 0.7032649310839902
velocity: 0.6931565400172929 0.5380900620267587 0.5311198387860471
angularVelocity: 0.15705667548063407 0.35438451767778073 0.5228614656873773
acceleration: 0.6781278713658547 0.5382364286253496 0.46844235456665917
accel: 0.2673086
brake: 0.0
steer: 0.566135846603835
linkid: A219BS010653
trafficlightid: C119BS010007
turn_signal_lamp: 0.0