position: 0.6998507533199131 0.8424482182695945 0.5503171920113741
orientation: 0.24549313565472136 0.40269482693690883 0.9918531167253937
enu_velocity: 0.14324302808811507 0.5604281781361958 0.7002864072275231
velocity: 0.697530944144796 0.53751569660896 0.501416900433293
angularVelocity: 0.23876892347836665 0.371655357576266 0.5246536391805867
acceleration: 0.6796975069597911 0.5079531207518012 0.4484779313644993
accel: 0.2633382
brake: 0.0
steer: 0.5658921026974326
linkid: A219BS010653
trafficlightid: C119BS010007
turn_signal_lamp: 0.0