position: 0.6986824491755207 0.842905384812318 0.5501172136148798
orientation: 0.2293156628898933 0.3926019031480711 0.9918722974676655
enu_velocity: 0.14196999159093604 0.5614259608639496 0.6927376297589192
velocity: 0.6997570342324757 0.5360768379903605 0.4828516592707178
angularVelocity: 0.2780863452609402 0.38345026025785944 0.5252782072775579
acceleration: 0.681152421139495 0.5015794308464576 0.4373317990034171
accel: 0.2607135
brake: 0.0
steer: 0.5658108547286319
linkid: A219BS010653
trafficlightid: C119BS010007
turn_signal_lamp: 0.0