position: 0.697511046537744 0.8433686469089432 0.5497099583402671
orientation: 0.21550551851426497 0.3814333662982746 0.9918859979978595
enu_velocity: 0.14091668514797007 0.5624588897373459 0.7080161528433991
velocity: 0.7017176387721845 0.5333443498302828 0.4849681591979065
angularVelocity: 0.29371965616729734 0.366215378570412 0.5239121656119862
acceleration: 0.6694547954236281 0.4879452726120021 0.5046326649106477
accel: 0.2632515
brake: 0.0
steer: 0.5657296067598311
linkid: A219BS010653
trafficlightid: C119BS010007
turn_signal_lamp: 0.0