position: 0.6963365454065831 0.8438319090055701 0.5490049250153999
orientation: 0.20310336157089795 0.36799251489622875 0.9918925742523526
enu_velocity: 0.1398971308778003 0.5633941450199444 0.7299524366158167
velocity: 0.7035770347367986 0.5312846247168215 0.49071075227655414
angularVelocity: 0.3056501827753938 0.3461370018595737 0.5228048173629652
acceleration: 0.6640719479117582 0.494480172361414 0.5148230773524604
accel: 0.2663961
brake: 0.0
steer: 0.5656483587910303
linkid: A219BS010653
trafficlightid: C119BS010007
turn_signal_lamp: 0.0