position: 0.6951591179205591 0.8442951711021971 0.5481291072205337
orientation: 0.19158100705106745 0.3521998467971219 0.9918931222735603
enu_velocity: 0.1388922366422794 0.5642582906590332 0.7554632003606436
velocity: 0.7053763536900876 0.529791848451822 0.4969913646593692
angularVelocity: 0.31246521683086553 0.3252111155685431 0.5218763869609188
acceleration: 0.6637431610583603 0.5002345542778269 0.5232870982860129
accel: 0.271421
brake: 0.0
steer: 0.5656483587910303
linkid: A219BS010653
trafficlightid: C119BS010007
turn_signal_lamp: 0.0