position: 0.6927962585072687 0.8452277908493535 0.5461351620408892
orientation: 0.17724719484830254 0.3124104309094646 0.9919161391642863
enu_velocity: 0.13686489022276271 0.5655687106125626 0.8287752280458978
velocity: 0.7087511361768745 0.5297040686366569 0.5209849328435061
angularVelocity: 0.4343521351463102 0.26888349216967833 0.5276020396780121
acceleration: 0.6505344327912931 0.5317604858205671 0.600755603413248
accel: 0.282395
brake: 0.0
steer: 0.5654858628534287
linkid: A219BS010653
trafficlightid: C119BS010007
turn_signal_lamp: 0.0