position: 0.6916117733418695 0.8456971484998839 0.5449805422479903
orientation: 0.19248487701810507 0.28464440483076553 0.9919599808609075
enu_velocity: 0.13625837390554751 0.5664534943953137 0.9150254908357047
velocity: 0.7100561285183081 0.5254036615380212 0.5712315758908056
angularVelocity: 0.5804089334079454 0.20684188317775937 0.5279125200092138
acceleration: 0.6315362164162005 0.44864982843030454 0.7286274824123776
accel: 0.2910665
brake: 0.0
steer: 0.565404614884628
linkid: A219BS010653
trafficlightid: C119BS010007
turn_signal_lamp: 0.0