position: 0.6892346264313071 0.8466419593548453 0.5504398065026552
orientation: 0.2249608107394149 0.22609700843870184 0.9920021784939053
enu_velocity: 0.13391600720660035 0.5690902726707454 0.9879891368842706
velocity: 0.7146446660596205 0.5168011654508003 0.5711939930188289
angularVelocity: 0.5204500746057142 0.265875227517245 0.5237675766993837
acceleration: 0.7068795546951661 0.49379972406462147 0.412962606910496
accel: 0.2821351
brake: 0.0
steer: 0.5652421189470264
linkid: A219BS010653
trafficlightid: C119BS010007
turn_signal_lamp: 0.0