position: 0.6868389746296997 0.847592865763712 0.571493006594908
orientation: 0.22153902761775912 0.2046661594113862 0.992004918599944
enu_velocity: 0.13065534275587182 0.5710036942277156 0.9029895830210226
velocity: 0.719960110509743 0.5188539845686597 0.4625945784745191
angularVelocity: 0.32012874027840305 0.4404356572089043 0.521766097631379
acceleration: 0.693114659752424 0.5513144061466816 0.32177321974075745
accel: 0.257715
brake: 0.0
steer: 0.5652421189470264
linkid: A219BS010653
trafficlightid: C119BS010007
turn_signal_lamp: 0.0