position: 0.6856344353265634 0.8480683189681448 0.5857768649810096
orientation: 0.20713966207578874 0.2063374826492181 0.9919983423454509
enu_velocity: 0.12918456625645286 0.5716659538674145 0.864055937828824
velocity: 0.722231569958672 0.5213772127585486 0.4269163122744265
angularVelocity: 0.2780409813147206 0.49658951604836826 0.5209042573181688
acceleration: 0.6821509618100253 0.5453033754826261 0.3657487404356842
accel: 0.2549971
brake: 0.0
steer: 0.5652421189470264
linkid: A219BS010653
trafficlightid: C119BS010007
turn_signal_lamp: 0.0