position: 0.6832130488160145 0.8490253209309122 0.6172676236435772
orientation: 0.17480672425482946 0.2255359321186384 0.9919709412850628
enu_velocity: 0.1263882498799498 0.5731198191362998 0.7749978860119701
velocity: 0.7266620625822253 0.5249713310197924 0.3644141649931679
angularVelocity: 0.2698701925596243 0.584975920904842 0.519782185520305
acceleration: 0.6796983443423769 0.5299901618235794 0.3396142419785223
accel: 0.2471702
brake: 0.0
steer: 0.5653233669158272
linkid: A219BS010653
trafficlightid: C119BS010007
turn_signal_lamp: 0.0