position: 0.6819964598163838 0.8495007741353451 0.6338432052595775
orientation: 0.15792720919631675 0.24329601994659278 0.9919572407548686
enu_velocity: 0.12495753277753624 0.5738472626158827 0.7138506700399512
velocity: 0.728919562227693 0.5269434441537453 0.3273178647696763
angularVelocity: 0.2580238914233455 0.6405001668848179 0.5204370370289573
acceleration: 0.6819742740844554 0.5369854059889516 0.3024788302070248
accel: 0.2413691
brake: 0.0
steer: 0.5653233669158272
linkid: A219BS010653
trafficlightid: C119BS010007
turn_signal_lamp: 0.0