position: 0.6807759116307622 0.8499823228936805 0.6511201709596337
orientation: 0.13908210581031694 0.2677739855583338 0.9919457323095057
enu_velocity: 0.12356448855485985 0.5745869663788292 0.6470076073048654
velocity: 0.7311374260026187 0.5286087484071071 0.293216684004782
angularVelocity: 0.23835357179877228 0.6983463525001712 0.5208708999517984
acceleration: 0.6802034382928966 0.5347059624995474 0.29111063507868135
accel: 0.2370072
brake: 0.0
steer: 0.5653233669158272
linkid: A219BS010653
trafficlightid: C119BS010007
turn_signal_lamp: 0.0