position: 0.02406598950872519 0.030538725053945726 0.5972916794390097
orientation: 0.6476797478704379 0.5260604182090771 0.49809209156623313
enu_velocity: 0.8936949747958207 0.9953649998743321 0.8617642132257195
velocity: 0.9986506354261356 0.5114062826009721 0.9771064502149024
angularVelocity: 0.4302055070912722 0.4641154764068605 0.5106837278423644
acceleration: 0.5943916453578174 0.49872777280993175 0.4258008357708792
accel: 0.04384354
brake: 0.0
steer: 0.5628859278518038
linkid: A219BS010380
trafficlightid: null
turn_signal_lamp: 0.0