position: 0.2501980819482473 0.3182001048435268 0.8931757737120369
orientation: 0.8232939996433957 0.5503699718367838 0.5001899167495504
enu_velocity: 0.8895942562666108 0.998932537995129 0.5827068930013262
velocity: 0.9996293173616597 0.5166040380552335 0.7479837355979556
angularVelocity: 0.4133234063045175 0.4697724336395338 0.5225311116441502
acceleration: 0.5908612807233767 0.5162928760064491 0.4521974298383595
accel: 0.02888924
brake: 0.0
steer: 0.5658921026974326
linkid: A219BS010380
trafficlightid: null
turn_signal_lamp: 0.0