position: 0.6783226794937637 0.8509515159642556 0.681802257858275
orientation: 0.10438465832146879 0.32996187460569637 0.9919183312491175
enu_velocity: 0.12071924857435434 0.5760563613399754 0.46838631887987897
velocity: 0.7356596544774894 0.5324822133954408 0.19862284497980903
angularVelocity: 0.27785669506439503 0.7586427872596796 0.5207756886674891
acceleration: 0.6825340262801106 0.5277334188675725 0.2109126352736532
accel: 0.2262143
brake: 0.0
steer: 0.5653233669158272
linkid: A219BS010653
trafficlightid: C119BS010007
turn_signal_lamp: 0.0