position: 0.6770903398194297 0.851433064722591 0.6922456552138891
orientation: 0.09019611867857477 0.3643174204558056 0.9919057267613388
enu_velocity: 0.11944450742198354 0.576848171307218 0.36881137858769797
velocity: 0.7377768082417294 0.533256232577113 0.14573954110528523
angularVelocity: 0.2882565518581432 0.7745665386439632 0.520945148848323
acceleration: 0.6716981433705562 0.5258142118994678 0.217779429578503
accel: 0.2206451
brake: 0.0
steer: 0.5653233669158272
linkid: A219BS010653
trafficlightid: C119BS010007
turn_signal_lamp: 0.0