position: 0.6746164510598693 0.8524083533470685 0.7070469759471241
orientation: 0.045016316421270464 0.4332734685627636 0.9918761336161197
enu_velocity: 0.11738545441590087 0.5782178492970056 0.3254741751452099
velocity: 0.7412286189297586 0.5336998540183124 0.19207946641041718
angularVelocity: 0.17990778802567767 0.7916280823948527 0.5207151515920755
acceleration: 0.6573160441742152 0.5275825612032158 0.48374041262469814
accel: 0.230172
brake: 0.0
steer: 0.5653233669158272
linkid: A219BS010653
trafficlightid: C119BS010007
turn_signal_lamp: 0.0