position: 0.6733754183902073 0.8528959976593065 0.7176188265793182
orientation: 0.02190728271579606 0.47125300796774694 0.9918657212131722
enu_velocity: 0.116439029853456 0.5787472892002639 0.36364570745529523
velocity: 0.7427330370349262 0.5344273703562303 0.2780724433837142
angularVelocity: 0.2166244710567696 0.804770718902511 0.521932608005629
acceleration: 0.6494182779303252 0.5221409341787333 0.5703086010101324
accel: 0.2371558
brake: 0.0
steer: 0.5653233669158272
linkid: A219BS010653
trafficlightid: C119BS010007
turn_signal_lamp: 0.0