position: 0.670886209302247 0.8538773818376875 0.7474718059654868
orientation: 0.0 0.5486446933333942 0.991861885064718
enu_velocity: 0.11473488605829008 0.5801672343518428 0.4927557714566194
velocity: 0.7456700799703171 0.5317085316517731 0.5033646698331616
angularVelocity: 0.40872653534581976 0.8133629388075856 0.523611106456108
acceleration: 0.6516701138916442 0.5043816080109638 0.6452202394782388
accel: 0.2515507
brake: 0.0
steer: 0.5652421189470264
linkid: A219BS010653
trafficlightid: C119BS010007
turn_signal_lamp: 0.0