position: 0.6671474466878178 0.8553646969900148 0.8485462884301551
orientation: 0.1535784642753454 0.6966699184980073 0.991970393263855
enu_velocity: 0.11409581082691295 0.5839366584720296 0.8086734909132626
velocity: 0.7484166713013423 0.5045199732381629 0.9999999999999999
angularVelocity: 0.9780007810554653 0.8381916353959293 0.528714191526614
acceleration: 0.7073119486121145 0.4100819827577213 0.30550665090988727
accel: 0.3003926
brake: 0.0
steer: 0.5649983750406241
linkid: A219BS010653
trafficlightid: C119BS010007
turn_signal_lamp: 0.0