position: 0.6646418844403293 0.8563643678301043 0.8782730040842304
orientation: 0.2513702780003644 0.7298744471910477 0.9920032745363208
enu_velocity: 0.11119397629404215 0.5867798181840845 0.6395063429515151
velocity: 0.7538926534912704 0.4980498203363462 0.8834439165014967
angularVelocity: 0.7863501568804598 0.4947453043703029 0.5231686295189488
acceleration: 0.6942405587016611 0.5057462514583885 0.2456619954526711
accel: 0.2566349
brake: 0.0
steer: 0.5649983750406241
linkid: A219BS010653
trafficlightid: C119BS010007
turn_signal_lamp: 0.0