position: 0.6633832936414897 0.8568702988040524 0.875278437073951
orientation: 0.2860316783801401 0.7236732086253163 0.9920125908968528
enu_velocity: 0.10983383191656604 0.5876482549223505 0.5765882611097477
velocity: 0.756196768909011 0.49847372020453334 0.8166040430799119
angularVelocity: 0.7465225628258143 0.4005871979447534 0.5240792925620509
acceleration: 0.68064831682294 0.5262733687376755 0.3694874768749224
accel: 0.2492696
brake: 0.0
steer: 0.5650796230094248
linkid: A219BS010653
trafficlightid: C119BS010007
turn_signal_lamp: 0.0