position: 0.6621213461414837 0.8573701342240962 0.8675617524530197
orientation: 0.3242755615200019 0.7121876253468373 0.9920295795542934
enu_velocity: 0.10849823457385077 0.588505044391421 0.5348003003927619
velocity: 0.7584507786036133 0.4987079127798726 0.7633712620956244
angularVelocity: 0.7772657015289486 0.35904424293984005 0.5250736514585568
acceleration: 0.6808504305288375 0.5175329124745991 0.3584624703824868
accel: 0.243813
brake: 0.0
steer: 0.5651608709782256
linkid: A219BS010653
trafficlightid: C119BS010007
turn_signal_lamp: 0.0