position: 0.6608556976632687 0.8578821607519469 0.8561914479311725
orientation: 0.3618819691529258 0.6982104284577623 0.9920427320632796
enu_velocity: 0.10721872038694313 0.58951345269809 0.48075983641772113
velocity: 0.7607327079051385 0.49752498940427 0.6949467169050548
angularVelocity: 0.7590501646451151 0.34369804567302265 0.5240212761294825
acceleration: 0.6831099932476513 0.5036214815323988 0.3264114348290665
accel: 0.2366317
brake: 0.0
steer: 0.5652421189470264
linkid: A219BS010653
trafficlightid: C119BS010007
turn_signal_lamp: 0.0