position: 0.6595856596527593 0.858388091725895 0.8403311175143124
orientation: 0.3929706944772793 0.681825004340368 0.9920388959148253
enu_velocity: 0.10575748995659784 0.5903739202521696 0.4011039595579278
velocity: 0.7631749256642648 0.4985525852962891 0.5984485511410457
angularVelocity: 0.6747027150666058 0.31565512239594257 0.5211395477260717
acceleration: 0.689051146567074 0.5291112867757848 0.23434106430143226
accel: 0.2251755
brake: 0.0
steer: 0.5653233669158272
linkid: A219BS010653
trafficlightid: C119BS010007
turn_signal_lamp: 0.0