position: 0.6570325871733786 0.8594060492276929 0.7906277278075067
orientation: 0.4186996573663559 0.6397002708560744 0.9919988903666587
enu_velocity: 0.10277212731933266 0.5915584679631645 0.20943445479126632
velocity: 0.7678320158118607 0.5052228901688762 0.3607899030257264
angularVelocity: 0.46007054743879217 0.27173082321358855 0.5183584526664028
acceleration: 0.6825286974818383 0.5619052675057247 0.22395030475882413
accel: 0.2085471
brake: 0.0
steer: 0.5655671108222295
linkid: A219BS010653
trafficlightid: C119BS010007
turn_signal_lamp: 0.0