position: 0.6557495527045075 0.8599119802016411 0.7580407372050315
orientation: 0.41669251096825893 0.6165113731898383 0.9919687492002317
enu_velocity: 0.10126879190575172 0.5919820607533822 0.1114320343422966
velocity: 0.7700660829300896 0.5099910110755633 0.236621238769828
angularVelocity: 0.38193203363969935 0.2637032511887182 0.5175786736559802
acceleration: 0.6802484285754524 0.569252814129659 0.21723443075771695
accel: 0.2011592
brake: 0.0
steer: 0.5657296067598311
linkid: A219BS010653
trafficlightid: C119BS010007
turn_signal_lamp: 0.0