position: 0.252053563069863 0.32057127531178775 0.8931983990050709
orientation: 0.8230844024177111 0.5500571659976274 0.5001934240852801
enu_velocity: 0.8896665336467399 0.999033072318712 0.5774746673318921
velocity: 0.9997906029480795 0.5162589820785086 0.7425045714201005
angularVelocity: 0.41916990748585436 0.46614260603459806 0.5223760790200708
acceleration: 0.5895357086578508 0.5152079055854206 0.4504366765281715
accel: 0.02677429
brake: 0.0
steer: 0.5658108547286319
linkid: A219BS010380
trafficlightid: null
turn_signal_lamp: 0.0