position: 0.6544623008418633 0.8604240067294908 0.7210775770208766
orientation: 0.40474890216225556 0.5925099928244948 0.9919281956308572
enu_velocity: 0.09992160290773272 0.5922791682868972 0.03087840825588184
velocity: 0.7720089884332672 0.5151372091827657 0.12794042983992837
angularVelocity: 0.27907876764594397 0.25921428261576446 0.5152389697333463
acceleration: 0.6623312198304376 0.5763214641023171 0.2803599886579178
accel: 0.1966616
brake: 0.0
steer: 0.5657296067598311
linkid: A219BS010653
trafficlightid: C119BS010007
turn_signal_lamp: 0.0