position: 0.6492823945267042 0.86246601728699 0.6217123989525217
orientation: 0.2908541491686109 0.5805714860764697 0.9918087270075648
enu_velocity: 0.09589657106903537 0.5930066117664801 0.17023214012248744
velocity: 0.777505411763978 0.5320862749476661 0.25105000963551594
angularVelocity: 0.35671560439425937 0.5662624146350994 0.5209072797097473
acceleration: 0.6474429076359396 0.49435061284535653 0.6457359766173719
accel: 0.2263996
brake: 0.0
steer: 0.5660545986350342
linkid: A219BS010653
trafficlightid: C119BS010007
turn_signal_lamp: 0.0