position: 0.647981974067177 0.8629780438148407 0.6139110519447533
orientation: 0.2964731697121023 0.595358671200225 0.9918136591984347
enu_velocity: 0.09515317093992481 0.5939894778161412 0.24530322128688098
velocity: 0.7789958700656843 0.5283452375925723 0.3446383367965964
angularVelocity: 0.5056417678781187 0.6088386931861163 0.5238023808076547
acceleration: 0.6505870280302402 0.4661328908711175 0.6503494624040667
accel: 0.2284057
brake: 0.0
steer: 0.5660545986350342
linkid: A219BS010653
trafficlightid: C119BS010007
turn_signal_lamp: 0.0