position: 0.6466801764994787 0.8634961658965947 0.6118601786084423
orientation: 0.316721189650725 0.6140104944256559 0.991840512237615
enu_velocity: 0.09454784788134385 0.595085955824973 0.32739579475267777
velocity: 0.7803681686023781 0.5227254281090098 0.4502066185966329
angularVelocity: 0.6357504998257734 0.6402643771001765 0.5271124687634144
acceleration: 0.642818736359228 0.45106536771642 0.6649583569692977
accel: 0.2327569
brake: 0.0
steer: 0.5659733506662334
linkid: A219BS010653
trafficlightid: C119BS010007
turn_signal_lamp: 0.0