position: 0.6440723639703093 0.864532410060102 0.6211963963017135
orientation: 0.3880741419107649 0.6559980323664598 0.9919281956308572
enu_velocity: 0.09333294012620252 0.5973635077978467 0.47271384537384914
velocity: 0.7831626221166994 0.5105409449218142 0.6498624432005957
angularVelocity: 0.7649234186973664 0.6383919688787599 0.5286380248790026
acceleration: 0.6571973337738474 0.4604474467692055 0.5829846342774838
accel: 0.2429055
brake: 0.0
steer: 0.5658108547286319
linkid: A219BS010653
trafficlightid: C119BS010007
turn_signal_lamp: 0.0