position: 0.6401398594501023 0.8660989674131683 0.6336527148891946
orientation: 0.48459359206352154 0.6882282945246933 0.9919901220273344
enu_velocity: 0.09018802176299195 0.6000607701378731 0.5801204524347308
velocity: 0.7886837243856724 0.5057507527429205 0.8025448225887883
angularVelocity: 0.6803436414549969 0.5063773303376523 0.5235521380891841
acceleration: 0.6619610282144643 0.5229037442147779 0.5281050659763455
accel: 0.2314649
brake: 0.0
steer: 0.5658108547286319
linkid: A219BS010653
trafficlightid: C119BS010007
turn_signal_lamp: 0.0