position: 0.6388229136925255 0.8666292806027274 0.6338702096415858
orientation: 0.5100578842489925 0.6874795988445069 0.9919972463030353
enu_velocity: 0.08909107614711798 0.6008319419614533 0.5913132147501248
velocity: 0.7905356418841464 0.5055312184038334 0.8140967161638613
angularVelocity: 0.6344661952539215 0.4447230411110263 0.5233537113391941
acceleration: 0.6644564587699459 0.513209105131011 0.46193337814823493
accel: 0.2274283
brake: 0.0
steer: 0.5658108547286319
linkid: A219BS010653
trafficlightid: C119BS010007
turn_signal_lamp: 0.0