position: 0.6361795545586976 0.8676777158740405 0.6213073332223962
orientation: 0.541565659474904 0.663318929107891 0.9920032745363208
enu_velocity: 0.08679251908659813 0.6020023903465799 0.5772260960915727
velocity: 0.7941970989063007 0.5083179563482424 0.7706782095205872
angularVelocity: 0.5261052680699401 0.31768100728879745 0.5226778097854686
acceleration: 0.6642175763559698 0.5395758444843919 0.43316867276168414
accel: 0.22198
brake: 0.0
steer: 0.5659733506662334
linkid: A219BS010653
trafficlightid: C119BS010007
turn_signal_lamp: 0.0