position: 0.6295126296268694 0.8703231862679353 0.5322797245261097
orientation: 0.5125282043783993 0.5219213890204223 0.9920021784939053
enu_velocity: 0.08080832703605301 0.6037562238817651 0.5188492059573708
velocity: 0.8030122162277484 0.5246384051443219 0.5260497262379894
angularVelocity: 0.2933323796449755 0.23702190009210033 0.5245791413928921
acceleration: 0.6526006971590654 0.5613993194903297 0.6022484739794473
accel: 0.2181236
brake: 0.0
steer: 0.566135846603835
linkid: A219BS010653
trafficlightid: C119BS010007
turn_signal_lamp: 0.0