position: 0.25390930239926074 0.3229424457800478 0.892048158301147
orientation: 0.8241320271716062 0.5485563892926753 0.5001945201276956
enu_velocity: 0.8897386405613498 0.9990919216788579 0.5713346095657106
velocity: 0.999908513430887 0.5157895828471252 0.7341042327382566
angularVelocity: 0.4230886344954944 0.4610311294857689 0.5222485043871778
acceleration: 0.5887123842033104 0.5145832215823691 0.4496971845332293
accel: 0.02502208
brake: 0.0
steer: 0.5658108547286319
linkid: A219BS010380
trafficlightid: null
turn_signal_lamp: 0.0