position: 0.6281697770218296 0.8708534994574944 0.5177010074824033
orientation: 0.5003750706216169 0.49885194056503745 0.9920164270453071
enu_velocity: 0.07975587292068298 0.6042090370139999 0.5381351232423603
velocity: 0.804629060607221 0.5262112107505275 0.5139046162405094
angularVelocity: 0.3095105933994311 0.27649928352457864 0.5250035871068027
acceleration: 0.6598799574000641 0.5355370674623949 0.5054707894467746
accel: 0.2136169
brake: 0.0
steer: 0.5660545986350342
linkid: A219BS010653
trafficlightid: C119BS010007
turn_signal_lamp: 0.0