position: 0.6200506915239054 0.8740658563643668 0.4993285396906031
orientation: 0.45169625950622794 0.4520686878575458 0.9920904099083551
enu_velocity: 0.0737387810249377 0.6080604006946677 0.653972708638949
velocity: 0.8145838961684079 0.5260883850835442 0.566556911891273
angularVelocity: 0.3390812691654067 0.473667156745176 0.5239757151629953
acceleration: 0.6543613092705104 0.5176135289041696 0.48351535212537616
accel: 0.1988608
brake: 0.0
steer: 0.5657296067598311
linkid: A219BS010653
trafficlightid: C119BS010007
turn_signal_lamp: 0.0