position: 0.618687870850389 0.8746022651078293 0.5037922910517696
orientation: 0.4419693220491005 0.4533670565918431 0.9921013703325103
enu_velocity: 0.07277292339330715 0.6086617675936599 0.6627307500968126
velocity: 0.8161710759655251 0.5261931816676115 0.577579331687593
angularVelocity: 0.3248385200337667 0.4830819807775936 0.52394626766867
acceleration: 0.6531463432644371 0.5209228998132404 0.48102553288464367
accel: 0.1974852
brake: 0.0
steer: 0.5657296067598311
linkid: A219BS010653
trafficlightid: C119BS010007
turn_signal_lamp: 0.0