position: 0.6173223820297918 0.8751386738512918 0.5094887559592105
orientation: 0.4322754503611974 0.45599807512870716 0.9921128787778734
enu_velocity: 0.07181217972725185 0.6092476048003914 0.6743646949815989
velocity: 0.817740307443906 0.5263960384424922 0.5932541796775197
angularVelocity: 0.32925561436208767 0.49498287234763383 0.5238634493797503
acceleration: 0.6532742724858159 0.5216631029105169 0.4853717513768496
accel: 0.1966291
brake: 0.0
steer: 0.5657296067598311
linkid: A219BS010653
trafficlightid: C119BS010007
turn_signal_lamp: 0.0