position: 0.6159542250621138 0.8756811781486586 0.5160537401798932
orientation: 0.42335358307541426 0.45950336781205814 0.9921238392020286
enu_velocity: 0.07086899400967128 0.6098401851629729 0.682134386443475
velocity: 0.8192915906035511 0.5264499525555099 0.6064096672564242
angularVelocity: 0.3368820740120815 0.5014648937798748 0.5239395010019604
acceleration: 0.652164458894792 0.5194254041600205 0.47666124848463454
accel: 0.1955249
brake: 0.0
steer: 0.5656483587910303
linkid: A219BS010653
trafficlightid: C119BS010007
turn_signal_lamp: 0.0