position: 0.6132101648932972 0.8767661867433887 0.5304872174392838
orientation: 0.408421298518415 0.4679297399171609 0.9921446640079236
enu_velocity: 0.0690412627131054 0.611175330021286 0.6841082498315542
velocity: 0.8224128530881913 0.5251627290360457 0.6216315152001354
angularVelocity: 0.35731814928869254 0.5089423374414603 0.5232688156518632
acceleration: 0.6545393520333552 0.5043303473066535 0.4421078222995325
accel: 0.1925751
brake: 0.0
steer: 0.5655671108222295
linkid: A219BS010653
trafficlightid: C119BS010007
turn_signal_lamp: 0.0