position: 0.6090741926408562 0.878399795189388 0.5503668216864162
orientation: 0.39937811780390386 0.4830014721616344 0.9921490481775858
enu_velocity: 0.06627341407830412 0.6132328099077803 0.6387716535659252
velocity: 0.8271773838659988 0.5234642337798763 0.601166813016056
angularVelocity: 0.3999322409521686 0.5088463652271552 0.5210977637574593
acceleration: 0.6534943746921668 0.5127400257277827 0.4023737744086556
accel: 0.185124
brake: 0.0
steer: 0.565404614884628
linkid: A219BS010653
trafficlightid: C119BS010007
turn_signal_lamp: 2.0