position: 0.6035224671195843 0.8805941945944626 0.563353010039791
orientation: 0.387577866272778 0.5004494668545544 0.9921008223113026
enu_velocity: 0.06263499803708966 0.6157596543090503 0.5578697804917414
velocity: 0.8333468691493117 0.5235648192789816 0.5504626355621168
angularVelocity: 0.3972410994292787 0.5020040016505644 0.5199684552752979
acceleration: 0.6516061911500841 0.5136734020021273 0.39893193271657984
accel: 0.1771036
brake: 0.0
steer: 0.5654858628534287
linkid: A219BS010653
trafficlightid: C119BS010007
turn_signal_lamp: 2.0