position: 0.5993322712329187 0.8822460897021713 0.5635011692167562
orientation: 0.3779391403377016 0.513374035390606 0.9920564325934738
enu_velocity: 0.060044604007746694 0.6175674330910361 0.5119252982159377
velocity: 0.8377412158531881 0.523774919840807 0.5266279443913013
angularVelocity: 0.37969653585453855 0.5145011613821002 0.5196831536077965
acceleration: 0.6467160595516045 0.515663137279692 0.44098583559674037
accel: 0.1736408
brake: 0.0
steer: 0.5654858628534287
linkid: A219BS010653
trafficlightid: C119BS010007
turn_signal_lamp: 2.0