position: 0.5979307193920991 0.8828007851073423 0.5633646876103895
orientation: 0.3728992304963096 0.51896213460016 0.9920399919572409
enu_velocity: 0.05920676598101471 0.6181418273666281 0.5052362181894172
velocity: 0.8391521531316055 0.5239686772730557 0.5289104716694032
angularVelocity: 0.3669665940053037 0.5190475627108692 0.5194167934507709
acceleration: 0.6463703651825456 0.5159613860781519 0.44382816427317245
accel: 0.1727747
brake: 0.0
steer: 0.5655671108222295
linkid: A219BS010653
trafficlightid: C119BS010007
turn_signal_lamp: 2.0