position: 0.5965267576119805 0.8833554805125141 0.5632143388889372
orientation: 0.36666826635123967 0.5251011540960389 0.9920230032998002
enu_velocity: 0.058348813023020196 0.6186876143143712 0.4981400047145075
velocity: 0.8405718152871862 0.5244786803665319 0.5316164384517251
angularVelocity: 0.35834794146750454 0.5244987988236682 0.5194710447846441
acceleration: 0.6467497147189782 0.5192636557632504 0.4425642345597318
accel: 0.1717891
brake: 0.0
steer: 0.5655671108222295
linkid: A219BS010653
trafficlightid: C119BS010007
turn_signal_lamp: 2.0