position: 0.5951203858925631 0.8839101759176851 0.5631318660465876
orientation: 0.3596873416501994 0.531848430924859 0.9920065626635673
enu_velocity: 0.05749682635819686 0.6192331969240584 0.4927850710614159
velocity: 0.8419825032833989 0.5249581886045243 0.5369163209943504
angularVelocity: 0.35175376021597216 0.5297056409936512 0.519462838317222
acceleration: 0.6463836795656572 0.5184723116400418 0.4473333193386161
accel: 0.1705077
brake: 0.0
steer: 0.5655671108222295
linkid: A219BS010653
trafficlightid: C119BS010007
turn_signal_lamp: 2.0