position: 0.5937117763723682 0.8844648713228569 0.5626749810969329
orientation: 0.3536769243789833 0.5365841003692662 0.9919895740061268
enu_velocity: 0.056655919952119715 0.6197710146876152 0.5292257812823999
velocity: 0.843356048231116 0.5254595985123754 0.5799350191271531
angularVelocity: 0.37521040111902837 0.4894692345776739 0.5195859026058112
acceleration: 0.6437889963360706 0.519809117589837 0.648264090493659
accel: 0.1697515
brake: 0.0
steer: 0.5656483587910303
linkid: A219BS010653
trafficlightid: C119BS010007
turn_signal_lamp: 2.0