position: 0.5923010151206564 0.8850195667280278 0.5620984010486461
orientation: 0.3495302962309865 0.538831612818069 0.9919742294123093
enu_velocity: 0.055917633788584276 0.6203431612445904 0.5403907529585509
velocity: 0.8446321238368084 0.5251544732884252 0.5947805151556638
angularVelocity: 0.38131783411254006 0.4891354039956994 0.5198539673202919
acceleration: 0.6385213650554157 0.5098565332426642 0.4881945176649115
accel: 0.1703488
brake: 0.0
steer: 0.5656483587910303
linkid: A219BS010653
trafficlightid: C119BS010007
turn_signal_lamp: 2.0