position: 0.5880566816690266 0.8867019396052518 0.5575623947194024
orientation: 0.35451509645700463 0.540662585342755 0.991966009094193
enu_velocity: 0.05362896372817649 0.6224713420984824 0.5284567833522231
velocity: 0.8488243026726995 0.5208338492365863 0.5883709350984785
angularVelocity: 0.46596005754259756 0.4631681980275684 0.5222998025033692
acceleration: 0.6459066074814805 0.49728244158621115 0.4423054452013785
accel: 0.1666311
brake: 0.0
steer: 0.5656483587910303
linkid: A219BS010653
trafficlightid: C119BS010007
turn_signal_lamp: 2.0