position: 0.2566920076661202 0.3264961537054871 0.8901023831002197
orientation: 0.8243528270076288 0.5474268601648855 0.5001940269086086
enu_velocity: 0.8895582880420654 0.9986654681558551 0.5643673448723268
velocity: 0.9993299294338541 0.5156099774941217 0.7250746643483295
angularVelocity: 0.41501234694927464 0.46543789608256264 0.522051248476781
acceleration: 0.5930272575644194 0.5165990840461357 0.45072405009663513
accel: 0.03606042
brake: 0.0
steer: 0.5658108547286319
linkid: A219BS010380
trafficlightid: null
turn_signal_lamp: 0.0