position: 0.5852167403438187 0.8878235215234005 0.550542715093552
orientation: 0.36901727305191845 0.5372853299549256 0.991970393263855
enu_velocity: 0.05213125367672833 0.6238332552421397 0.5160742263836119
velocity: 0.8515541920960119 0.5181042273561873 0.5730979884007572
angularVelocity: 0.4956203902140865 0.45013252913134927 0.5226054490904019
acceleration: 0.6431917598508545 0.5015536999951515 0.4487470036594596
accel: 0.164061
brake: 0.0
steer: 0.5665420864478389
linkid: A219BS010653
trafficlightid: C119BS010007
turn_signal_lamp: 2.0