position: 0.5837936711878304 0.8883904080363783 0.5465738007864842
orientation: 0.3796044264332168 0.5352709073892308 0.9919780655607636
enu_velocity: 0.051343873443671195 0.6244223618577681 0.5124863084490761
velocity: 0.8529125308292445 0.5175269981320775 0.5674967452884071
angularVelocity: 0.5200331546952641 0.4521915758838353 0.5235636574864827
acceleration: 0.6440327355690434 0.5092034299209448 0.445857565265875
accel: 0.1627773
brake: 0.0
steer: 0.5666233344166397
linkid: A219BS010653
trafficlightid: C119BS010007
turn_signal_lamp: 2.0