position: 0.5823684503003254 0.8889572945493551 0.5424946794068961
orientation: 0.38969530417652826 0.5333196304087471 0.9919879299425034
enu_velocity: 0.05055649321061417 0.624999821204201 0.5082452355377636
velocity: 0.8542641389429511 0.5169934061787195 0.5613411766142105
angularVelocity: 0.5121846565058057 0.4523664267182056 0.523913627227861
acceleration: 0.6454631677269707 0.5152027275009252 0.43557077056980925
accel: 0.1624934
brake: 0.0
steer: 0.567598310042249
linkid: A219BS010653
trafficlightid: C119BS010007
turn_signal_lamp: 2.0