position: 0.5809410776813034 0.8895241810623329 0.5380900457468831
orientation: 0.40038169100295234 0.5316617024448886 0.9919994383878663
enu_velocity: 0.04975632806361918 0.6255664506336626 0.49710183461845253
velocity: 0.8556284604490956 0.5165708472290952 0.5489077859328443
angularVelocity: 0.5171150213183773 0.455497644790953 0.5239871621736191
acceleration: 0.6440182640754497 0.5135856808196066 0.4317823846902882
accel: 0.1594418
brake: 0.0
steer: 0.567598310042249
linkid: A219BS010653
trafficlightid: C119BS010007
turn_signal_lamp: 2.0