position: 0.579511467261504 0.8900910675753106 0.5333445729950341
orientation: 0.4109247205544988 0.5301426092440005 0.9920158790240993
enu_velocity: 0.04892394493350061 0.6260235548650745 0.48856379154121127
velocity: 0.8569678537347734 0.5170394037488125 0.5391644045730769
angularVelocity: 0.5135402199577649 0.4561329614902976 0.5250041701665954
acceleration: 0.6430013314383112 0.5252722943940806 0.43839110368542933
accel: 0.1583153
brake: 0.0
steer: 0.5676795580110499
linkid: A219BS010653
trafficlightid: C119BS010007
turn_signal_lamp: 2.0