position: 0.5766452748117904 0.8912248406012653 0.5251155349641059
orientation: 0.42802958876807495 0.5394782136327754 0.9920597207207205
enu_velocity: 0.047251337259381576 0.6268950566741815 0.42090112083555575
velocity: 0.8596473881527429 0.5180712043657058 0.4886729932621148
angularVelocity: 0.504107005363732 0.5159314951266407 0.5261541148007051
acceleration: 0.6443938910656607 0.5352166055897781 0.4329295062234349
accel: 0.1553286
brake: 0.0
steer: 0.5685732856678584
linkid: A219BS010653
trafficlightid: C119BS010007
turn_signal_lamp: 2.0