position: 0.5752088649203977 0.8917978226681456 0.5210181673804581
orientation: 0.4367529530261539 0.5458223850101788 0.9920887658447317
enu_velocity: 0.04640412362909507 0.6273061848429795 0.4066459295362458
velocity: 0.8609773087146434 0.5187048758378312 0.4849323203107083
angularVelocity: 0.49527010099024216 0.5280995314677367 0.5268204172863742
acceleration: 0.643311322858946 0.5303901591845177 0.4262641881386183
accel: 0.1530523
brake: 0.0
steer: 0.5693045173870654
linkid: A219BS010653
trafficlightid: C119BS010007
turn_signal_lamp: 2.0