position: 0.572328987458237 0.8929376912480027 0.5117250107287679
orientation: 0.45365928207457307 0.5599860965679875 0.9921561724532867
enu_velocity: 0.044747198782739916 0.6280579445512339 0.38061910136747645
velocity: 0.8635454139871265 0.5201452520441058 0.48205579181704894
angularVelocity: 0.492752440224586 0.5316213568112129 0.527966525426712
acceleration: 0.6402091020442031 0.5374341078467896 0.43440464484667596
accel: 0.1505197
brake: 0.0
steer: 0.5693045173870654
linkid: A219BS010653
trafficlightid: C119BS010007
turn_signal_lamp: 2.0