position: 0.5679929041747284 0.8946566374486453 0.5179980556844956
orientation: 0.48503472194868175 0.6035476415622816 0.9922909856703963
enu_velocity: 0.042451539636045976 0.629070235280968 0.46878299459555145
velocity: 0.867005949552319 0.5218454320169306 0.6343796951340208
angularVelocity: 0.5032947000299494 0.5839473654963936 0.5300726504400861
acceleration: 0.6358461560713663 0.5404081002008756 0.4980173620371347
accel: 0.1521921
brake: 0.0
steer: 0.5705232369190771
linkid: A219BS010653
trafficlightid: C119BS010007
turn_signal_lamp: 2.0