position: 0.5665434978249738 0.8952296195155247 0.5189724029812837
orientation: 0.49139805758300714 0.6137172166794429 0.9923474318547959
enu_velocity: 0.04162529326461761 0.6292766167175912 0.4788451287881005
velocity: 0.8681708452947298 0.5234386241786874 0.6599915939933676
angularVelocity: 0.46481276279819816 0.550796655420315 0.5311596741965005
acceleration: 0.6367616436145391 0.5513444178015143 0.4866282861544378
accel: 0.1522571
brake: 0.0
steer: 0.5710919727006826
linkid: A219BS010653
trafficlightid: C119BS010007
turn_signal_lamp: 2.0