position: 0.5636377995846108 0.8963816792031887 0.5182133608923998
orientation: 0.4954123503792011 0.6274542322793959 0.9924729287113738
enu_velocity: 0.03993325252131297 0.62963788640071 0.4908909647164177
velocity: 0.8705290549508832 0.5268612241155458 0.6936683760624136
angularVelocity: 0.4236492387769176 0.518832745561778 0.5324257696959431
acceleration: 0.6363515316869377 0.5501126204225322 0.4788315269810994
accel: 0.1506085
brake: 0.0
steer: 0.5714169645758856
linkid: A219BS010653
trafficlightid: C119BS010007
turn_signal_lamp: 2.0