position: 0.562181593763263 0.8969546612700698 0.5170434142880915
orientation: 0.4962835882264468 0.6318380753339659 0.9925414313623442
enu_velocity: 0.039111779184421436 0.6298618409101544 0.5010807012013018
velocity: 0.8717019277238431 0.5280141649760904 0.7109159495255924
angularVelocity: 0.4262435745565636 0.5046280547898452 0.5329238891793721
acceleration: 0.6364431489543756 0.5441582988976701 0.48460499989901545
accel: 0.1504575
brake: 0.0
steer: 0.5714169645758856
linkid: A219BS010653
trafficlightid: C119BS010007
turn_signal_lamp: 2.0