position: 0.5592627269260169 0.898106720957732 0.5122534207983369
orientation: 0.4897768953172438 0.632670870100551 0.9926811767703237
enu_velocity: 0.037529347769944654 0.6302036984779472 0.529389631063757
velocity: 0.8739095709283774 0.5306684752872596 0.7412056515570732
angularVelocity: 0.36149756101852387 0.45269212637070516 0.5333553335939915
acceleration: 0.6331193186446278 0.5525923410747855 0.48350361564653926
accel: 0.1512277
brake: 0.0
steer: 0.571660708482288
linkid: A219BS010653
trafficlightid: C119BS010007
turn_signal_lamp: 2.0