position: 0.2585471445106932 0.3288673241737472 0.8877486227765174
orientation: 0.8230735611819 0.5456971272607329 0.5001911771983282
enu_velocity: 0.8896435208016515 0.9988773667199922 0.560615756688326
velocity: 0.9996195953556777 0.5157440923173846 0.7186266294267784
angularVelocity: 0.40999480188845594 0.46125706392423466 0.5220249298716901
acceleration: 0.5907621361477509 0.5179412771953772 0.4542359321682414
accel: 0.02910945
brake: 0.0
steer: 0.5658108547286319
linkid: A219BS010380
trafficlightid: null
turn_signal_lamp: 0.0