position: 0.5577999798408578 0.8986797030246132 0.5082414454496886
orientation: 0.48261954757210157 0.6289234718269485 0.9927551596333717
enu_velocity: 0.036681963674138895 0.6303181277893422 0.53528393238039
velocity: 0.875060257585122 0.5325699949772972 0.7421189763855741
angularVelocity: 0.3470261179286654 0.4342008404111497 0.5341685334330748
acceleration: 0.6354901162210903 0.5583478890882165 0.4731597066007516
accel: 0.1508867
brake: 0.0
steer: 0.5715794605134873
linkid: A219BS010653
trafficlightid: C119BS010007
turn_signal_lamp: 2.0