position: 0.5563349949549212 0.8992587806453969 0.49917965066547554
orientation: 0.47292567588419854 0.6188419156688569 0.9928324306236663
enu_velocity: 0.03583099980243054 0.630470563979165 0.4594253435477405
velocity: 0.8762907145473602 0.5339626899568379 0.6541870022558443
angularVelocity: 0.3121485871961218 0.3321942861936602 0.5346909867384636
acceleration: 0.6399482040807938 0.5507454121754031 0.07364370117652641
accel: 0.1494019
brake: 0.0
steer: 0.571660708482288
linkid: A219BS010653
trafficlightid: C119BS010007
turn_signal_lamp: 2.0