position: 0.5548680304759891 0.8998378582661806 0.4855913375781302
orientation: 0.4624598359316282 0.6037593146865227 0.9929157298472463
enu_velocity: 0.03511470369086833 0.6306058357722784 0.4592404256988413
velocity: 0.8772980639364208 0.5348150548230756 0.6321150436998986
angularVelocity: 0.32534306962447757 0.33991408031049536 0.5356091472562128
acceleration: 0.6297986323258606 0.5504430708367115 0.46278758547710935
accel: 0.1519258
brake: 0.0
steer: 0.5715794605134873
linkid: A219BS010653
trafficlightid: C119BS010007
turn_signal_lamp: 2.0