position: 0.551927474185053 0.9009899179538445 0.4580964976046382
orientation: 0.44209063547782856 0.5717236207536018 0.993080684230783
enu_velocity: 0.03355545558699902 0.6310010255727034 0.47129006770327186
velocity: 0.8795413544962225 0.5362473431173865 0.5972421496705176
angularVelocity: 0.32067842431813515 0.31859322730859424 0.5356711320651253
acceleration: 0.6289355116445661 0.5474895465539685 0.4813254333154106
accel: 0.1490657
brake: 0.0
steer: 0.5713357166070849
linkid: A219BS010653
trafficlightid: C119BS010007
turn_signal_lamp: 2.0