position: 0.5504540545115704 0.9015689955746264 0.44437243275908855
orientation: 0.4318232985529624 0.5548079447694216 0.9931661755391941
enu_velocity: 0.032769439078095264 0.6312304972096617 0.4792908167103258
velocity: 0.8806897976131252 0.5366968617735565 0.580313115027132
angularVelocity: 0.3232519294020718 0.3237020896273647 0.535988393937011
acceleration: 0.6344000876967945 0.5434667419924425 0.47170238261652553
accel: 0.148702
brake: 0.0
steer: 0.5712544686382841
linkid: A219BS010653
trafficlightid: C119BS010007
turn_signal_lamp: 2.0