position: 0.5489784831065708 0.9021480731954101 0.43161395703237915
orientation: 0.42254851290407003 0.5392400991856072 0.9932533109112284
enu_velocity: 0.031982229310557386 0.6315018581481129 0.4842960760971059
velocity: 0.8818649139259271 0.5368051970399443 0.5624641284130871
angularVelocity: 0.3340695093464647 0.3361157029830258 0.5361859996436195
acceleration: 0.6361936774569756 0.53837158847577 0.4709191571299825
accel: 0.1474653
brake: 0.0
steer: 0.5710919727006826
linkid: A219BS010653
trafficlightid: C119BS010007
turn_signal_lamp: 2.0