position: 0.5475007599700544 0.9027210552622913 0.42010060227070367
orientation: 0.416163133423595 0.5250436745085976 0.9933431863893015
enu_velocity: 0.031276672526703075 0.631783027313255 0.5006793935628122
velocity: 0.8829350824305643 0.536405214636188 0.5576229138672077
angularVelocity: 0.3720982278608834 0.3456026119356165 0.5366768804595542
acceleration: 0.6280428009077227 0.532103510136145 0.5236204588136265
accel: 0.145878
brake: 0.0
steer: 0.570929476763081
linkid: A219BS010653
trafficlightid: C119BS010007
turn_signal_lamp: 2.0