position: 0.2594747990022404 0.33004986163092553 0.8865210181673804
orientation: 0.8221141118126034 0.5449056336980191 0.5001900811559127
enu_velocity: 0.8896627834053181 0.9989470459971095 0.5595017972040062
velocity: 0.9997090876671533 0.5158701192286839 0.7162265575746054
angularVelocity: 0.40836355492690324 0.4626516330512962 0.5220286797989315
acceleration: 0.5901554768246757 0.517851542347427 0.4547499072452401
accel: 0.02801812
brake: 0.0
steer: 0.5658921026974326
linkid: A219BS010380
trafficlightid: null
turn_signal_lamp: 0.0