position: 0.5430582090110918 0.9044643836785449 0.40071875447032035
orientation: 0.4161080238082211 0.4859717022253758 0.99360568854782
enu_velocity: 0.029724583974638952 0.6327309515553294 0.6724248528870793
velocity: 0.885435382943378 0.5319053216093355 0.6668956809344967
angularVelocity: 0.4473981328872928 0.33608049763582826 0.535286372097852
acceleration: 0.6169808932131664 0.5159600737587051 0.6230810737828533
accel: 0.1596441
brake: 0.0
steer: 0.5702794930126748
linkid: A219BS010653
trafficlightid: C119BS010007
turn_signal_lamp: 2.0