position: 0.5415746331648496 0.9050434612993286 0.39701696459068625
orientation: 0.4216111073809229 0.46693886737631085 0.9936835075593226
enu_velocity: 0.02932416047010311 0.6330454278236097 0.7435647242093909
velocity: 0.8861214075706226 0.5300536738430249 0.7075700275287996
angularVelocity: 0.47366431674285336 0.29087998669223536 0.5345036837380558
acceleration: 0.6151890162810012 0.5128790244923336 0.6361421208071708
accel: 0.1664142
brake: 0.0
steer: 0.570198245043874
linkid: A219BS010653
trafficlightid: C119BS010007
turn_signal_lamp: 2.0