position: 0.5400896802104366 0.9056225389201114 0.3941545000977995
orientation: 0.43026830396310045 0.44402845884575565 0.9937602305284092
enu_velocity: 0.02878446663640344 0.6334563516543517 0.8044067359647802
velocity: 0.8870517287584413 0.5281983195587371 0.7324231186110207
angularVelocity: 0.5128522256064559 0.26465350875777827 0.5346793552905585
acceleration: 0.6252737137232542 0.5155628834694701 0.5908667453233393
accel: 0.1665536
brake: 0.0
steer: 0.56979200519987
linkid: A219BS010653
trafficlightid: C119BS010007
turn_signal_lamp: 2.0