position: 0.5371147822844915 0.9067867897155804 0.39607400076488064
orientation: 0.4516080118467243 0.3984968927525687 0.9938999759363888
enu_velocity: 0.02762956274401085 0.6344124494186685 0.9121991202578221
velocity: 0.8890998313519883 0.5241115524109239 0.7689552397586673
angularVelocity: 0.4931378807693205 0.2796080375743587 0.5329439690446812
acceleration: 0.6313352978836297 0.518646300986825 0.5768040423104833
accel: 0.166221
brake: 0.0
steer: 0.5693045173870654
linkid: A219BS010653
trafficlightid: C119BS010007
turn_signal_lamp: 2.0