position: 0.5326378036212591 0.9085423092396399 0.4108461275716202
orientation: 0.4767855894824401 0.3287461795495538 0.9940687664683798
enu_velocity: 0.025634604773136838 0.6354985061866412 0.9902087794326828
velocity: 0.8923372593440035 0.5225774983795025 0.7395587195314959
angularVelocity: 0.5374401729490887 0.2458035907303102 0.5311806306346952
acceleration: 0.634174709980154 0.5157275985091143 0.4787301606991125
accel: 0.1626161
brake: 0.0
steer: 0.5688170295742607
linkid: A219BS010653
trafficlightid: C119BS010007
turn_signal_lamp: 2.0