position: 0.529643109765359 0.9097126555890123 0.4242629263408042
orientation: 0.49631665399567115 0.284508670330726 0.9941548057979988
enu_velocity: 0.024278892499159266 0.6364887284063205 0.9932150409664848
velocity: 0.8946914804848822 0.5201026253206765 0.6755032050080266
angularVelocity: 0.47751577697615255 0.2993360457941978 0.5284355226600536
acceleration: 0.633647760344149 0.5193588859968319 0.4504264810585477
accel: 0.1557258
brake: 0.0
steer: 0.5687357816054599
linkid: A219BS010653
trafficlightid: C119BS010007
turn_signal_lamp: 2.0