position: 0.5281424061362425 0.9102978287636985 0.4336254185679209
orientation: 0.5021064882555808 0.2677557759680161 0.9941849469644257
enu_velocity: 0.02347685223145335 0.6368408028769164 0.9779856198545038
velocity: 0.8959398857658565 0.520776732819238 0.6352218653835588
angularVelocity: 0.4643552601331619 0.32695001593561795 0.526874407829898
acceleration: 0.6419251197266783 0.5346759661880964 0.3672529340004361
accel: 0.1531282
brake: 0.0
steer: 0.5687357816054599
linkid: A219BS010384
trafficlightid: null
turn_signal_lamp: 2.0