position: 0.5175816217822502 0.9144062320943096 0.5551064556529659
orientation: 0.5308682507254051 0.30236051881439097 0.9943668900054031
enu_velocity: 0.019123503802830122 0.6391020078053051 0.9224425816614277
velocity: 0.9028302951850673 0.5218159471787621 0.6354798879315381
angularVelocity: 0.43585301622430445 0.7462445538367555 0.5244836118055328
acceleration: 0.6233444451464925 0.5294608734557654 0.4292563382154223
accel: 0.1478357
brake: 0.0
steer: 0.5671108222294443
linkid: A219BS010384
trafficlightid: null
turn_signal_lamp: 2.0