position: 0.26133045226237744 0.3324210320991865 0.8843562885177367
orientation: 0.8210332406022205 0.5442782758946075 0.5001894235304634
enu_velocity: 0.8897030132678427 0.9990710791971393 0.5556243033040511
velocity: 0.999871868946801 0.5160082762412375 0.7114634735468028
angularVelocity: 0.4169321770754484 0.46919193467723114 0.5222002953078857
acceleration: 0.5896415994920894 0.5168365283880182 0.4520310978521767
accel: 0.02552282
brake: 0.0
steer: 0.5659733506662334
linkid: A219BS010380
trafficlightid: null
turn_signal_lamp: 0.0