position: 0.5115102961342878 0.916771307008668 0.6743388305496922
orientation: 0.5434294485981234 0.4287139083069086 0.9944638897591771
enu_velocity: 0.016585442687873098 0.6406966619948177 0.7974098395325995
velocity: 0.9069534228502656 0.5206409343393343 0.7107082409384731
angularVelocity: 0.4070562891603501 0.7528678913968816 0.5252193261712833
acceleration: 0.6276205469326295 0.5295398044148434 0.3980546388750665
accel: 0.1348127
brake: 0.0
steer: 0.566460838479038
linkid: A219BS010384
trafficlightid: null
turn_signal_lamp: 2.0