position: 0.5084641328605044 0.9179599400197489 0.7226847026744556
orientation: 0.5509507366294497 0.4888933615032013 0.9945186918799536
enu_velocity: 0.015371898656885263 0.6414854068912192 0.7090089642069062
velocity: 0.9089551589537447 0.519645020519234 0.7191914188972958
angularVelocity: 0.4648710933361281 0.7044812965319148 0.5257770803756848
acceleration: 0.6305808009488306 0.5089914994596061 0.31414177316567027
accel: 0.1290983
brake: 0.0
steer: 0.566135846603835
linkid: A219BS010384
trafficlightid: null
turn_signal_lamp: 2.0