position: 0.5054112561843884 0.9191485730308306 0.7509677786633269
orientation: 0.5568618843180873 0.5305357012025028 0.9945669177462365
enu_velocity: 0.014180856074428094 0.6423227842449638 0.5933905154378576
velocity: 0.9109895510260351 0.5181615123158688 0.672828368354001
angularVelocity: 0.3978168428758906 0.6187292805597292 0.5246337437525589
acceleration: 0.6339123656286422 0.5210263909235918 0.2826514645869245
accel: 0.1246531
brake: 0.0
steer: 0.5658108547286319
linkid: A219BS010384
trafficlightid: null
turn_signal_lamp: 2.0