position: 0.502350547205551 0.9203372060419133 0.7557402557971842
orientation: 0.5373528636510059 0.5517443861009012 0.9945910306793782
enu_velocity: 0.012806563058860632 0.642698970606175 0.4643813214301295
velocity: 0.9130184588898229 0.5213337436767916 0.5815411419089134
angularVelocity: 0.365241731311565 0.5554415743601823 0.5235546260092858
acceleration: 0.6281960419208947 0.5312499363249655 0.3671409921650257
accel: 0.1185485
brake: 0.0
steer: 0.5654858628534287
linkid: A219BS010384
trafficlightid: null
turn_signal_lamp: 2.0