position: 0.5008175676036818 0.9209345703244054 0.7540470080604433
orientation: 0.5359302044129467 0.5609022777168494 0.9946008950611179
enu_velocity: 0.01223311705236485 0.6430714788823771 0.4179526685710213
velocity: 0.9139896623592069 0.5210865763451719 0.5513450918600382
angularVelocity: 0.41740534812621277 0.5482374202726156 0.5234458694923779
acceleration: 0.627484312398515 0.5119496804587303 0.34817956558171037
accel: 0.1149654
brake: 0.0
steer: 0.5654858628534287
linkid: A219BS010384
trafficlightid: null
turn_signal_lamp: 2.0