position: 0.49620924724866056 0.9227205676179784 0.7330828494440018
orientation: 0.5286956670688283 0.5788421095243783 0.9946008950611179
enu_velocity: 0.010625286275531387 0.6442243541946823 0.2938263829655832
velocity: 0.9167808752048675 0.5201140823126128 0.46065430820919795
angularVelocity: 0.33540193183091715 0.48955467745341297 0.5211416628052176
acceleration: 0.6220633944292743 0.5260729580874045 0.3561258137808844
accel: 0.1076553
brake: 0.0
steer: 0.5651608709782256
linkid: A219BS010384
trafficlightid: null
turn_signal_lamp: 2.0