position: 0.4869544778561394 0.9263169444207398 0.6641829933700594
orientation: 0.5355221764344635 0.6034400232398559 0.9945280082404855
enu_velocity: 0.007896644710139733 0.6465578947949171 0.28407474918048176
velocity: 0.9216408810670627 0.5176087128966155 0.49327763627279053
angularVelocity: 0.39754294179453803 0.4876762140556811 0.5187166596147501
acceleration: 0.6170861369790434 0.5178193956610144 0.5148890433608823
accel: 0.1057281
brake: 0.0
steer: 0.5644296392590186
linkid: A219BS010384
trafficlightid: null
turn_signal_lamp: 2.0