position: 0.4854075550340409 0.9269204042571344 0.6529499003027408
orientation: 0.5332062355030092 0.6051783085934727 0.9945066354133827
enu_velocity: 0.007483436291665813 0.6468310947758729 0.3163813336382982
velocity: 0.9223121980442319 0.5181131562131258 0.5278474257476681
angularVelocity: 0.39492274550558426 0.4828548130764562 0.5187643445847676
acceleration: 0.6149453074983043 0.5176314355513522 0.5440931081265257
accel: 0.1073724
brake: 0.0
steer: 0.5645108872278194
linkid: A219BS010384
trafficlightid: null
turn_signal_lamp: 2.0