position: 0.48385942724229297 0.9275177685396265 0.6430392921056707
orientation: 0.5293242780586179 0.6062366742146783 0.9944841665438644
enu_velocity: 0.007078580683631541 0.6471136943074074 0.354885807842348
velocity: 0.9229747901442378 0.5185299875501277 0.5673689984033818
angularVelocity: 0.3760506668614843 0.4764377781338943 0.5185171926781572
acceleration: 0.6150264498708528 0.517800066989205 0.5540100828757618
accel: 0.1085538
brake: 0.0
steer: 0.5645108872278194
linkid: A219BS010384
trafficlightid: null
turn_signal_lamp: 2.0