position: 0.2631860194532538 0.3347922025674466 0.8825703500643727
orientation: 0.8222351722791623 0.5450419383613563 0.5001906839792412
enu_velocity: 0.8896000520942626 0.9988005356109126 0.5516141084060243
velocity: 0.9995119054432613 0.515774081899207 0.7086877473733408
angularVelocity: 0.4259688358104369 0.4746647156738006 0.5222523472073468
acceleration: 0.565908830351617 0.514984218411199 0.4521448844457782
accel: 0.03287756
brake: 0.0
steer: 0.5662170945726358
linkid: A219BS010380
trafficlightid: null
turn_signal_lamp: 0.0