position: 0.4807595567498488 0.9287246882124176 0.6255878926948037
orientation: 0.5155940697283714 0.6039349962526017 0.9944348446351656
enu_velocity: 0.006210570260006043 0.6476341433361988 0.41899269682215984
velocity: 0.9243583063801416 0.520004904334559 0.6269045403771716
angularVelocity: 0.3670055702795008 0.44407500818291296 0.5181544392516645
acceleration: 0.6163373646961025 0.5121624440657017 0.5162544029686613
accel: 0.1092806
brake: 0.0
steer: 0.5641046473838155
linkid: A219BS010384
trafficlightid: null
turn_signal_lamp: 2.0