position: 0.47920790011841324 0.9293281480488123 0.6167684075005035
orientation: 0.5136641490667033 0.5992546682832696 0.9944085396171931
enu_velocity: 0.005837591704056844 0.6480127817540828 0.4454248182374241
velocity: 0.9250473223938424 0.51956482157568 0.6456909188096606
angularVelocity: 0.4101944032518223 0.4225673087161198 0.5182271065489216
acceleration: 0.6149034155313154 0.503428868388767 0.524916512764534
accel: 0.1095446
brake: 0.0
steer: 0.5636171595710108
linkid: A219BS010384
trafficlightid: null
turn_signal_lamp: 2.0