position: 0.4745469914451201 0.9311385275579989 0.5931643880807038
orientation: 0.5063744298323056 0.5738378575315862 0.9943252403936131
enu_velocity: 0.0047338274674160186 0.6491591182485941 0.5512332314968598
velocity: 0.9270979178094362 0.5182108771992433 0.7096972529623761
angularVelocity: 0.3486317950773616 0.3829989004602866 0.517296006665127
acceleration: 0.6168979314366364 0.5179503230395608 0.5439709565087125
accel: 0.11112
brake: 0.0
steer: 0.5631296717582062
linkid: A219BS010384
trafficlightid: null
turn_signal_lamp: 2.0