position: 0.4714339523557927 0.9323515427846925 0.5807598887127523
orientation: 0.5037827962741708 0.5506902254340154 0.9942583818062659
enu_velocity: 0.003952583993049208 0.6500018083917962 0.5951627286046907
velocity: 0.9285906196509843 0.517123982319662 0.7166542698415328
angularVelocity: 0.4314558269529925 0.3561814602618747 0.5170686540015106
acceleration: 0.6157943449270221 0.4963256896696693 0.5098085474962417
accel: 0.1092772
brake: 0.0
steer: 0.5628859278518038
linkid: A219BS010384
trafficlightid: null
turn_signal_lamp: 2.0