position: 0.26411341573701896 0.3359747400246249 0.8817624081486088
orientation: 0.8234262627202931 0.545808736726242 0.5001934240852801
enu_velocity: 0.8895042504724877 0.9986250092207549 0.5496139884787203
velocity: 0.9992571390300914 0.515848888901452 0.7078946702953176
angularVelocity: 0.4296684262726863 0.47600611110334345 0.5226376928918962
acceleration: 0.586304022405313 0.5175757198961315 0.4513209740895761
accel: 0.04272136
brake: 0.0
steer: 0.5663795905102373
linkid: A219BS010380
trafficlightid: null
turn_signal_lamp: 0.0