position: 0.46519539413434036 0.9347775732380796 0.5647857019825597
orientation: 0.4910341172968231 0.4969406462857994 0.9941049358680923
enu_velocity: 0.002422485492958204 0.6514877547354834 0.6894622499188067
velocity: 0.9314267032934851 0.5166522245556286 0.7244225012404092
angularVelocity: 0.3500501260130867 0.3635870233520438 0.5155938994493555
acceleration: 0.6169705248942424 0.5136535338570132 0.5076283613760434
accel: 0.1081939
brake: 0.0
steer: 0.562804679883003
linkid: A219BS010384
trafficlightid: null
turn_signal_lamp: 2.0