position: 0.46363272063753846 0.9353871286283777 0.5647200156479446
orientation: 0.4840091049034837 0.4865311393259586 0.9940599981290557
enu_velocity: 0.0020133682469446468 0.6518312470077245 0.7061033302986459
velocity: 0.9321546073311138 0.5169912172484175 0.7243534394431804
angularVelocity: 0.3531000290313956 0.3838829060114026 0.5151696927106321
acceleration: 0.6161793658273302 0.5097156625855317 0.5009680527639011
accel: 0.1068468
brake: 0.0
steer: 0.5626421839454014
linkid: A219BS010384
trafficlightid: null
turn_signal_lamp: 2.0