position: 0.4573702351616186 0.9378253501895708 0.5845558290053341
orientation: 0.459680721268864 0.46997085325222565 0.9938665466427155
enu_velocity: 0.0004508812982109145 0.6533609216954093 0.746559136638312
velocity: 0.935054756500214 0.5171610492661254 0.7385935983550734
angularVelocity: 0.3846405442755558 0.45616549596339506 0.5147888158422501
acceleration: 0.6166616753589517 0.49817688402919663 0.4576907140438738
accel: 0.09438238
brake: 0.0
steer: 0.5627234319142023
linkid: A219BS010384
trafficlightid: null
turn_signal_lamp: 2.0