position: 0.4558020532321336 0.9384410011337732 0.5921396812607105
orientation: 0.457585363348716 0.46997776648220924 0.99381886879764
enu_velocity: 0.00013722474293387243 0.6537808364006179 0.7455981921856589
velocity: 0.9357043859255771 0.5165438892892407 0.7379980275532154
angularVelocity: 0.40099190984126065 0.47432707416676795 0.5145543891164551
acceleration: 0.6135772907932829 0.49663268005305133 0.462366284054276
accel: 0.05303511
brake: 0.0
steer: 0.5627234319142023
linkid: A219BS010384
trafficlightid: null
turn_signal_lamp: 2.0