position: 0.45266637792724895 0.9396601119143684 0.610809197254603
orientation: 0.4546187314438697 0.47730849854052443 0.993716936852996
enu_velocity: 0.001020917994323245 0.6536079664051889 0.7335472934579835
velocity: 0.934469441883655 0.5155604430083994 0.7374498931373327
angularVelocity: 0.3983372392481519 0.5223428477397414 0.5138154163587341
acceleration: 0.5074396113935797 0.4988987287701298 0.4309966926348189
accel: 0.0
brake: 0.03834845
steer: 0.5588235294117648
linkid: A219BS010384
trafficlightid: null
turn_signal_lamp: 2.0