position: 0.45110310194562236 0.9402696673046682 0.6217306451565814
orientation: 0.45488343828492805 0.4851034147935139 0.9936670669230896
enu_velocity: 0.0023304341126051398 0.6529017740834366 0.7210796114427165
velocity: 0.9323749728000397 0.5154000468879825 0.7367530840190826
angularVelocity: 0.42471369268259657 0.5411435069616602 0.5142756657119888
acceleration: 0.4941546889237883 0.49884861728511753 0.41658440794473744
accel: 0.0
brake: 0.05543179
steer: 0.558742281442964
linkid: A219BS010384
trafficlightid: null
turn_signal_lamp: 2.0