position: 0.4495440433577688 0.9408792226949654 0.6327520822568076
orientation: 0.45607449258860594 0.49457838847335067 0.9935974682297036
enu_velocity: 0.004106173425823534 0.6524160625241757 0.7012039947282255
velocity: 0.9298158416869244 0.5116450261726456 0.7313743733644692
angularVelocity: 0.4327473071372481 0.5563878166554275 0.510184130877488
acceleration: 0.4726277902919953 0.45707616822974817 0.39861267822789354
accel: 0.0
brake: 0.08478756
steer: 0.5550048748781281
linkid: A219BS010384
trafficlightid: null
turn_signal_lamp: 2.0