position: 0.44799040713333776 0.9414887780852643 0.6445894896025832
orientation: 0.4572655468922838 0.5069252390480895 0.9935097848364616
enu_velocity: 0.0062823362435775465 0.651535365502546 0.6865040131661508
velocity: 0.9265071189843745 0.509252035979018 0.7350420605528954
angularVelocity: 0.4293872195305176 0.5844414234289076 0.5074945791800651
acceleration: 0.43401661214798526 0.4689263836815156 0.4164314202395737
accel: 0.0
brake: 0.119149
steer: 0.5549236269093274
linkid: A219BS010384
trafficlightid: null
turn_signal_lamp: 2.0