position: 0.44644391465754263 0.9420922379216599 0.6576326061126245
orientation: 0.45799339132719924 0.5227542550574196 0.9933925082980003
enu_velocity: 0.009297189415659601 0.6504272402245186 0.6708052059221826
velocity: 0.921989128306983 0.5049966159031528 0.7424861723806874
angularVelocity: 0.4251494619629431 0.6155037609133888 0.5021474746619368
acceleration: 0.38349199195808215 0.4402051532895904 0.41154788411801557
accel: 0.0
brake: 0.1382107
steer: 0.5548423789405266
linkid: A219BS010384
trafficlightid: null
turn_signal_lamp: 2.0