position: 0.44490628731559695 0.9426956977580545 0.6713683485287723
orientation: 0.4578390121292469 0.5414628095309637 0.9932522148688128
enu_velocity: 0.012736160799442398 0.6488462766847622 0.6481257319290827
velocity: 0.9166512484584406 0.5026142435231779 0.7468569470325662
angularVelocity: 0.4148754059709816 0.6353826645572139 0.4990594987728475
acceleration: 0.35605187813495104 0.4562787726767512 0.378573642508445
accel: 0.0
brake: 0.1490782
steer: 0.5512674683132922
linkid: A219BS010384
trafficlightid: null
turn_signal_lamp: 2.0