position: 0.44337864400788957 0.9432930620405466 0.6844158441277877
orientation: 0.4579493036349001 0.5612319033732855 0.9930943847609771
enu_velocity: 0.01648350430740808 0.6471543575805638 0.6205394358856604
velocity: 0.9108564343287427 0.49985647401312194 0.7474991694272493
angularVelocity: 0.42099936735272303 0.6442341564286147 0.49549899655211355
acceleration: 0.33685678550140563 0.423507411160285 0.382282592464131
accel: 0.0
brake: 0.1586654
steer: 0.5512674683132922
linkid: A219BS010384
trafficlightid: null
turn_signal_lamp: 2.0