position: 0.44186150114998435 0.9438904263230405 0.6964904521263398
orientation: 0.45831320778363144 0.5813857505358822 0.9929113456775842
enu_velocity: 0.020480238869922784 0.6453680342944648 0.5943725010282689
velocity: 0.9046869490454299 0.4970274538500528 0.7494794641432369
angularVelocity: 0.42449893685422835 0.6442262334329624 0.4922446106385208
acceleration: 0.3229101024118902 0.4397575101250977 0.3810824182299005
accel: 0.0
brake: 0.1646807
steer: 0.5479363015924603
linkid: A219BS010384
trafficlightid: null
turn_signal_lamp: 2.0