position: 0.4388612127921403 0.9450668682263155 0.7152117873397619
orientation: 0.4637501598178846 0.6182671197944447 0.9924997817505542
enu_velocity: 0.028908054137803396 0.6416454035891163 0.5443652748696105
velocity: 0.8917118102924931 0.49109713108795133 0.7487823062280312
angularVelocity: 0.45540535133917354 0.6211330313990827 0.4867704129679637
acceleration: 0.30712247177069113 0.41853784322377957 0.3908816624197471
accel: 0.0
brake: 0.1726563
steer: 0.5479363015924603
linkid: A219BS010384
trafficlightid: null
turn_signal_lamp: 2.0