position: 0.43737858370776544 0.9456520414010026 0.7217993968534788
orientation: 0.46762109533920093 0.6346079999042125 0.9922652286736315
enu_velocity: 0.03323634413510834 0.639718495720446 0.5193260247096925
velocity: 0.8850442591642549 0.4885346339477826 0.7444698678669931
angularVelocity: 0.4492398823291365 0.6079317432132014 0.48429506633247155
acceleration: 0.30275110629658414 0.43169065041822996 0.3821950777716657
accel: 0.0
brake: 0.175728
steer: 0.5447676308092299
linkid: A219BS010384
trafficlightid: null
turn_signal_lamp: 2.0