position: 0.4359080043198851 0.9462311190217845 0.726954314424427
orientation: 0.4700142258696315 0.6499036994190319 0.9920147829816838
enu_velocity: 0.03765856063347728 0.637776262497571 0.5026654651195566
velocity: 0.8782448377497476 0.4858506767928691 0.7462506507243204
angularVelocity: 0.4396201553619534 0.6003995914458894 0.4812603987672846
acceleration: 0.2969244460143253 0.40745016316152227 0.4056002087757374
accel: 0.0
brake: 0.1775014
steer: 0.5480987975300619
linkid: A219BS010384
trafficlightid: null
turn_signal_lamp: 2.0