position: 0.4287388652520226 0.9490838382483808 0.7307458756280343
orientation: 0.4792228438426225 0.698021561865426 0.9906589785136778
enu_velocity: 0.0597271972110478 0.6270154117892024 0.4706692464202687
velocity: 0.8436903356675749 0.4814023428797666 0.7578729140852057
angularVelocity: 0.4269367746693232 0.5222518587670456 0.47822511641115983
acceleration: 0.2894769936747164 0.45099936048784595 0.4528330190088019
accel: 0.0
brake: 0.1818126
steer: 0.5422489437764056
linkid: A219BS010384
trafficlightid: null
turn_signal_lamp: 2.0