position: 0.4259577092318552 0.950199324612627 0.7266893795414804
orientation: 0.47836262791845163 0.7067817645812848 0.9900654715456705
enu_velocity: 0.0687417547959196 0.622845485079133 0.48495693299205517
velocity: 0.82970959250101 0.4780014801338233 0.772260526910121
angularVelocity: 0.4223303107277318 0.4938001877857522 0.4744352376747059
acceleration: 0.290829594927593 0.435425935347899 0.46355644570439314
accel: 0.0
brake: 0.1823808
steer: 0.5394865128371792
linkid: A219BS010384
trafficlightid: null
turn_signal_lamp: 2.0