position: 0.26689663741944253 0.3395284479500651 0.8793787240502484
orientation: 0.8297564603104886 0.5491662502098913 0.5002104127427207
enu_velocity: 0.8896332928705013 0.9989415288695958 0.5443643053973929
velocity: 0.9996856551399146 0.515660524293858 0.7088297949335498
angularVelocity: 0.44136797925039334 0.4799829315012213 0.5231717163644158
acceleration: 0.5903534964909863 0.5177356404358258 0.4544962752582781
accel: 0.02831619
brake: 0.0
steer: 0.5665420864478389
linkid: A219BS010380
trafficlightid: null
turn_signal_lamp: 0.0