position: 0.4218781984144166 0.9518390286125289 0.7185267576933296
orientation: 0.4810425091360901 0.7160754263324787 0.9891223270471101
enu_velocity: 0.08185157601338777 0.6165067142420152 0.45655534672006903
velocity: 0.8092599761233267 0.4758409935588208 0.7396936167541129
angularVelocity: 0.43258141891232865 0.5202936599184971 0.4734488849427684
acceleration: 0.29536128110400517 0.4666321491720405 0.383925492761153
accel: 0.0
brake: 0.1888186
steer: 0.5399740006499838
linkid: A219BS010384
trafficlightid: null
turn_signal_lamp: 2.0