position: 0.41922029357553475 0.9529179416533582 0.7157971255659974
orientation: 0.47459096197971373 0.7334850062732216 0.9884921026581824
enu_velocity: 0.09095903730620847 0.6117719971449888 0.44293462112756443
velocity: 0.7948447340740266 0.4758462229645466 0.7371549853112882
angularVelocity: 0.361609326154151 0.5520409959456489 0.47181164709532597
acceleration: 0.280050882410931 0.4540475534363959 0.45292742450923473
accel: 0.0
brake: 0.183707
steer: 0.537292817679558
linkid: A219BS010384
trafficlightid: null
turn_signal_lamp: 2.0