position: 0.41791014728955117 0.9534482548429173 0.7154738028300596
orientation: 0.46516176099541623 0.7435401923787981 0.9881737023364722
enu_velocity: 0.09537221913206123 0.6093569256603849 0.45094524438868583
velocity: 0.7877755893140692 0.4768303405880149 0.7518039342552617
angularVelocity: 0.3275694219462816 0.5569423905004358 0.4717110395331396
acceleration: 0.288081914287041 0.46224223885717586 0.46293569411491925
accel: 0.0
brake: 0.1838378
steer: 0.5374553136171596
linkid: A219BS010384
trafficlightid: null
turn_signal_lamp: 2.0