position: 0.4153256595300245 0.9545027856681338 0.7167736624072725
orientation: 0.4391129816499074 0.7681858572704514 0.9875089526114555
enu_velocity: 0.10397407969501682 0.6049387282121994 0.4273780031421672
velocity: 0.7742006775767026 0.4769612524002707 0.7484500771277268
angularVelocity: 0.30398036115974114 0.5926340160374338 0.4693390967670028
acceleration: 0.2982108179172468 0.4546593707863238 0.3822927068280067
accel: 0.0
brake: 0.1897754
steer: 0.5350178745531362
linkid: A219BS010384
trafficlightid: null
turn_signal_lamp: 2.0