position: 0.41154033344557056 0.9560510563594908 0.7210126205344238
orientation: 0.40493638326688497 0.8226670984703373 0.986491825249847
enu_velocity: 0.11736448715704267 0.5979575185268207 0.37149026371619165
velocity: 0.753017672952888 0.4768594909915536 0.7430561066063015
angularVelocity: 0.3299009604840249 0.6485199951673312 0.46801872415213136
acceleration: 0.28611406521078825 0.46290151328706186 0.41237323847459495
accel: 0.0
brake: 0.1872568
steer: 0.5354241143971401
linkid: A219BS010384
trafficlightid: null
turn_signal_lamp: 2.0