position: 0.4103036042389421 0.9565630828873415 0.7231744307914183
orientation: 0.39625710670110514 0.84424564117286 0.9861531481434495
enu_velocity: 0.121810909759134 0.5956405293091269 0.36235397549138326
velocity: 0.7459761985176486 0.47665545583369356 0.7540188821231968
angularVelocity: 0.3475779056927163 0.6604543569126703 0.4680175738981186
acceleration: 0.28883121944980916 0.4307991232177895 0.4165304487676459
accel: 0.0
brake: 0.1877246
steer: 0.5355053623659409
linkid: A219BS010384
trafficlightid: null
turn_signal_lamp: 2.0