position: 0.26782463618803243 0.3407109854072434 0.8784664138472633
orientation: 0.8324255725672212 0.5502782468162793 0.5002180850396294
enu_velocity: 0.8896484643017075 0.9990052823430873 0.5435777402715707
velocity: 0.99976392975218 0.5156376103099853 0.710023116518239
angularVelocity: 0.44228404026757845 0.4788041080553204 0.5233461761838121
acceleration: 0.5897784613018863 0.5185553975869157 0.4556404753941859
accel: 0.02715168
brake: 0.0
steer: 0.5665420864478389
linkid: A219BS010380
trafficlightid: null
turn_signal_lamp: 0.0