position: 0.4090794411443721 0.9570690138612887 0.7251442909817043
orientation: 0.38922107238469095 0.8654457379865879 0.985807346761351
enu_velocity: 0.1264076829491354 0.5933545994759547 0.3655328569394731
velocity: 0.7387549916128442 0.47545163250209926 0.775785556143666
angularVelocity: 0.3576438440627736 0.6490058791495794 0.46719228647591815
acceleration: 0.2810397551188817 0.4312191022648673 0.44349689023068545
accel: 0.0
brake: 0.1857587
steer: 0.5356678583035425
linkid: A219BS010384
trafficlightid: null
turn_signal_lamp: 2.0