position: 0.4078680163003819 0.9575688492813335 0.726124477063792
orientation: 0.3844788990161289 0.8841488759088045 0.9854577092307981
enu_velocity: 0.1309567257937685 0.5910780691933613 0.3761869975463376
velocity: 0.731595108130388 0.4743953985469672 0.8012649993590855
angularVelocity: 0.3880821531121159 0.626637039682019 0.4667716108186942
acceleration: 0.284484670950513 0.43377435838580264 0.4666264970570541
accel: 0.0
brake: 0.1502756
steer: 0.5333116672083199
linkid: A219BS010384
trafficlightid: null
turn_signal_lamp: 2.0