position: 0.4031258582450122 0.9595438087459005 0.719615691151613
orientation: 0.4033041990780468 0.9244736751329263 0.983981888118292
enu_velocity: 0.14440798944613886 0.5861737515098029 0.465587416681493
velocity: 0.7115313806055297 0.46435455088149935 0.9139708004628535
angularVelocity: 0.5491474752821955 0.5026129752856312 0.46220034271619986
acceleration: 0.43880073111112294 0.41331467987261317 0.522860434341955
accel: 0.0
brake: 0.03275543
steer: 0.5344491387715308
linkid: A219BS010384
trafficlightid: null
turn_signal_lamp: 2.0