position: 0.4007949305274318 0.9605251929242797 0.7054084668225622
orientation: 0.43310256437869127 0.9134638218558986 0.9831932856003208
enu_velocity: 0.1472072037364679 0.5864729024238785 0.4821065949065725
velocity: 0.7082184201055003 0.46013247710059135 0.9131109287678136
angularVelocity: 0.5721653175418862 0.3458393696880527 0.46076530167543417
acceleration: 0.5457690026849531 0.4364451194850516 0.424483710228564
accel: 0.0
brake: 0.0
steer: 0.5333116672083199
linkid: A219BS010384
trafficlightid: null
turn_signal_lamp: 2.0