position: 0.025940767358584062 0.032897704414400764 0.6172158044240477
orientation: 0.6572853718988374 0.5177375663776984 0.4979668139181385
enu_velocity: 0.8940490316791416 0.9953435443784455 0.8447123638766753
velocity: 0.9988991697841889 0.5109041978171118 0.9465368386264723
angularVelocity: 0.4616906446614553 0.42428530814896237 0.5134842334384989
acceleration: 0.5911258829628423 0.4988326908547921 0.44886305167215407
accel: 0.04122973
brake: 0.0
steer: 0.5634546636334092
linkid: A219BS010380
trafficlightid: null
turn_signal_lamp: 0.0