position: 0.26875263495662227 0.34189961841832606 0.8775854871152609
orientation: 0.8351163672955764 0.5514988595308639 0.5002266889725913
enu_velocity: 0.889659715025973 0.9990659707457379 0.543122222978251
velocity: 0.9998359723093289 0.5156197508294174 0.7117205369031538
angularVelocity: 0.4419656626291735 0.4809354835124612 0.5234609417863385
acceleration: 0.5895461873590248 0.5182132800652033 0.4573625517267812
accel: 0.02603192
brake: 0.0
steer: 0.5666233344166397
linkid: A219BS010380
trafficlightid: null
turn_signal_lamp: 0.0