position: 0.39731368714094006 0.9620064125227064 0.6446201432254033
orientation: 0.4715361185528164 0.8272209214580101 0.982027096470201
enu_velocity: 0.14811339843638804 0.5885164873225606 0.5009736194042378
velocity: 0.7084662066169397 0.45888351481079004 0.8279516288381834
angularVelocity: 0.4999430846947936 0.16838825116541528 0.4612348928761496
acceleration: 0.612453287373717 0.4461384850681277 0.5503953428125279
accel: 0.1221035
brake: 0.0
steer: 0.5332304192395191
linkid: A219BS010384
trafficlightid: null
turn_signal_lamp: 2.0