position: 0.3961533013685297 0.9625001523888468 0.6233034679465281
orientation: 0.48293936402853377 0.7908063733993733 0.9816401934975202
enu_velocity: 0.14796884367612995 0.5893416043929414 0.5706076256889312
velocity: 0.7091549733484356 0.45983595566241287 0.8523737812816369
angularVelocity: 0.5685988545794827 0.13016366901380927 0.4621209751893184
acceleration: 0.6149074501928644 0.45591514987108495 0.7072529371810536
accel: 0.1436408
brake: 0.0
steer: 0.533961650958726
linkid: A219BS010384
trafficlightid: null
turn_signal_lamp: 2.0