position: 0.3949924852498159 0.9629999878088924 0.6028392553213231
orientation: 0.4877035812432454 0.7484492983712999 0.9812401380158532
enu_velocity: 0.14788667929588883 0.5905046966080496 0.6479535249381467
velocity: 0.7099848338077733 0.4581415045388945 0.8771430738952509
angularVelocity: 0.4539975734496221 0.09320275089277102 0.45952024095045085
acceleration: 0.6243694090438842 0.4458069452738395 0.5764146552043571
accel: 0.1646781
brake: 0.0
steer: 0.5346928826779331
linkid: A219BS010384
trafficlightid: null
turn_signal_lamp: 2.0