position: 0.3880122682091334 0.9660172869908683 0.4627135170799064
orientation: 0.5021506120853326 0.4568957259703965 0.978892415161796
enu_velocity: 0.14899385284291322 0.593835611259926 0.6437572631871111
velocity: 0.7110143693130496 0.46449742319266174 0.5197989359948866
angularVelocity: 0.4630537815209621 0.12380856608477459 0.46273001485711707
acceleration: 0.425010257936674 0.4506434247164697 0.45456579878745323
accel: 0.0
brake: 0.1101152
steer: 0.5357491062723433
linkid: A219BS010677
trafficlightid: null
turn_signal_lamp: 2.0