position: 0.38686023115500845 0.9665171224109139 0.4495018056443536
orientation: 0.5077198994713885 0.4261891895898444 0.9785159245920627
enu_velocity: 0.15180909089204442 0.5925025097821737 0.6612081401196149
velocity: 0.7066761111052232 0.46499578909170697 0.497795516040736
angularVelocity: 0.46874787476031887 0.22353308962055302 0.4637848572827291
acceleration: 0.39898897471637473 0.4506624351665402 0.5043709000845568
accel: 0.0
brake: 0.1280574
steer: 0.5350178745531362
linkid: A219BS010677
trafficlightid: null
turn_signal_lamp: 2.0