position: 0.3845823221020035 0.9675167932510025 0.4433309394313607
orientation: 0.5131347715220393 0.39847223318994673 0.9777892484705688
enu_velocity: 0.15823052699926654 0.5891117240798709 0.6815474069221393
velocity: 0.6965402966634479 0.4664154490778667 0.4805658184215368
angularVelocity: 0.4405778127463509 0.4110382386714606 0.46628070025481094
acceleration: 0.3515520886224828 0.45971866681969137 0.4597294248632375
accel: 0.0
brake: 0.1603484
steer: 0.5359116022099448
linkid: A219BS010677
trafficlightid: null
turn_signal_lamp: 2.0