position: 0.38345851576537965 0.9680105331171438 0.4471903765140701
orientation: 0.5188805180896499 0.3973720674719843 0.9774450911520935
enu_velocity: 0.16193184481705564 0.5870166459910611 0.6744106551459854
velocity: 0.690604638088113 0.46695427220364155 0.47031136232242965
angularVelocity: 0.4851441108532668 0.4726751231201259 0.46841003858408087
acceleration: 0.3292837257739508 0.45583501138785804 0.4359085521558465
accel: 0.0
brake: 0.1680093
steer: 0.5353428664283394
linkid: A219BS010677
trafficlightid: null
turn_signal_lamp: 2.0