position: 0.38234581236338283 0.9685042729832851 0.454162616009365
orientation: 0.5292139865529647 0.4029083174566611 0.9771135383213969
enu_velocity: 0.16583260729227634 0.584809794985585 0.6611745317494072
velocity: 0.6843489011619853 0.4669576289167763 0.46188774144379263
angularVelocity: 0.5244387359141314 0.5289879466499172 0.4700475739110094
acceleration: 0.3187198399533502 0.45400987009065485 0.416499867129701
accel: 0.0
brake: 0.1729728
steer: 0.5356678583035425
linkid: A219BS010677
trafficlightid: null
turn_signal_lamp: 2.0