position: 0.37907707398149576 0.9699550148121947 0.48501548737800615
orientation: 0.5737571914434317 0.4450093891641035 0.9761583373562659
enu_velocity: 0.17830437607148242 0.5777864916606574 0.6234762096006116
velocity: 0.664359459734118 0.46463287540110515 0.46664245434465845
angularVelocity: 0.547525465582879 0.6239687826801164 0.47200074488863303
acceleration: 0.2966507741602004 0.45424045043259137 0.436133660364432
accel: 0.0
brake: 0.1803423
steer: 0.5364803379915503
linkid: A219BS010677
trafficlightid: null
turn_signal_lamp: 2.0