position: 0.37695718809108875 0.9709059212210605 0.5095398453305773
orientation: 0.5966849958235946 0.4835660050966896 0.9755412654763245
enu_velocity: 0.18667644911459363 0.5726330858867588 0.6106269235720168
velocity: 0.6506514312994591 0.46548677022185575 0.4913752104771629
angularVelocity: 0.5176507442785392 0.6366741486992127 0.4734647405993755
acceleration: 0.2954019322222535 0.4690793265114612 0.43163788923403895
accel: 0.0
brake: 0.1831893
steer: 0.5370490737731557
linkid: A219BS010677
trafficlightid: null
turn_signal_lamp: 2.0