position: 0.3759149754135841 0.9713752788715899 0.5211926010912689
orientation: 0.6069522966110079 0.5024634617977761 0.9752420458968859
enu_velocity: 0.1908652983172156 0.5699773041721132 0.6065400954858321
velocity: 0.6437423257148982 0.4662046828268259 0.5048455745078256
angularVelocity: 0.5164475287167932 0.631704243534961 0.4745505407235038
acceleration: 0.29278617740178453 0.47144472362580075 0.4447587811682631
accel: 0.0
brake: 0.1842332
steer: 0.5365615859603511
linkid: A219BS010677
trafficlightid: null
turn_signal_lamp: 2.0