position: 0.2706088046323234 0.3442646933326827 0.876484876086379
orientation: 0.8401340526035552 0.5551414902985289 0.5002451024851722
enu_velocity: 0.8895997111632243 0.9990322549664876 0.5431311995728577
velocity: 0.999754207746198 0.5156699584244577 0.7179129908554158
angularVelocity: 0.4398902812143921 0.4882429305189132 0.5234969179637846
acceleration: 0.5715024394477234 0.5191919009038479 0.4564522232278275
accel: 0.02409498
brake: 0.0
steer: 0.5663795905102373
linkid: A219BS010380
trafficlightid: null
turn_signal_lamp: 0.0