position: 0.3748847263633132 0.9718385409682169 0.5324293433993992
orientation: 0.6177930987728371 0.5206595820075848 0.9749494025719403
enu_velocity: 0.19509199086509382 0.5673245875283086 0.6062934276426332
velocity: 0.6367871029224738 0.466515196458703 0.5208475068429602
angularVelocity: 0.5216877912462884 0.624215829571703 0.47538281891362666
acceleration: 0.2917351861311173 0.46512438572770903 0.4489628419581345
accel: 0.0
brake: 0.1845426
steer: 0.5368865778355542
linkid: A219BS010677
trafficlightid: null
turn_signal_lamp: 2.0