position: 0.37386609666323334 0.9722957075109404 0.5493516028925343
orientation: 0.6448454513173945 0.5445748677149879 0.9746556632045793
enu_velocity: 0.19917174213544547 0.5650206759462028 0.6634815883760999
velocity: 0.6302107890811438 0.4652894661571765 0.5989496851671479
angularVelocity: 0.6620393274049108 0.6689977482201044 0.47407117236367974
acceleration: 0.3258592877528229 0.4294371065573318 0.4547342888226579
accel: 0.0
brake: 0.184768
steer: 0.5371303217419565
linkid: A219BS010677
trafficlightid: null
turn_signal_lamp: 2.0