position: 0.3728590002440838 0.9727528740536648 0.5716433553163598
orientation: 0.6511315973527436 0.5732217248180964 0.9743712401977503
enu_velocity: 0.20316148761167413 0.5625171260833238 0.7271614338206847
velocity: 0.6236048106574584 0.4657772319094804 0.6874206377926733
angularVelocity: 0.47471617890224604 0.710065144232579 0.47736021463739875
acceleration: 0.32778793209892987 0.4985671276023143 0.4723752947438546
accel: 0.0
brake: 0.1875812
steer: 0.5242931426714332
linkid: A219BS010677
trafficlightid: null
turn_signal_lamp: 2.0