position: 0.37186360924438605 0.9732039450424859 0.5926461958854077
orientation: 0.6555870200340979 0.5986310521764985 0.97409448948783
enu_velocity: 0.20740659043562298 0.5595527939040237 0.7378494161892166
velocity: 0.6164082826909161 0.46781505711977406 0.7197742586102708
angularVelocity: 0.4571688231115919 0.6816591971818514 0.4775746973468498
acceleration: 0.28585234508993107 0.492984069887263 0.4707276505557255
accel: 0.0
brake: 0.1892617
steer: 0.5242118947026325
linkid: A219BS010677
trafficlightid: null
turn_signal_lamp: 2.0