position: 0.3708800097334006 0.9736489204774026 0.6118762352680145
orientation: 0.6561494633479861 0.6201789486017742 0.9737717049964574
enu_velocity: 0.2121160413337973 0.5573639246474811 0.7441201958836569
velocity: 0.6091534226884815 0.46210493473931324 0.743759194069754
angularVelocity: 0.4179497263819652 0.6457746950991073 0.4684508726015344
acceleration: 0.28166878169207615 0.4030130719475723 0.46030185651057315
accel: 0.0
brake: 0.1875209
steer: 0.5381052973675658
linkid: A219BS010677
trafficlightid: null
turn_signal_lamp: 2.0