position: 0.367064989754014 0.9753861533397536 0.6670111549993138
orientation: 0.6408973623345546 0.6608739976172875 0.9725375612365749
enu_velocity: 0.2289005877480636 0.5460256145926796 0.7705611143616358
velocity: 0.581011705321377 0.4674718420351999 0.788641165539907
angularVelocity: 0.34377701134213406 0.49003510855041804 0.4700760030338941
acceleration: 0.2869723823610687 0.41115661787675833 0.4580618552192424
accel: 0.0
brake: 0.1885772
steer: 0.524049398765031
linkid: A219BS010677
trafficlightid: null
turn_signal_lamp: 2.0