position: 0.2715362869853492 0.34545332634376447 0.8762279695332185
orientation: 0.8424833484038556 0.5575415214294449 0.5002540352308587
enu_velocity: 0.8894261772647069 0.9986856976234055 0.5425063657520653
velocity: 0.9992601304165473 0.5156234573473946 0.7211136389201594
angularVelocity: 0.43863720356133756 0.4910476100337391 0.5233349850055464
acceleration: 0.5652665959712763 0.5162299626173846 0.45483089212983224
accel: 0.03832118
brake: 0.0
steer: 0.566460838479038
linkid: A219BS010380
trafficlightid: null
turn_signal_lamp: 0.0