position: 0.36256021071958394 0.9774525461128647 0.6944417683345154
orientation: 0.5759518189461581 0.6351788759059538 0.970471521283308
enu_velocity: 0.2511175293273141 0.5343848842149057 0.741362586020462
velocity: 0.5461298957044761 0.4523570751297767 0.7085664532319962
angularVelocity: 0.32570196499326237 0.3796672987137859 0.4493187372709767
acceleration: 0.29031521364294155 0.5595341779967313 0.4253113705328823
accel: 0.0
brake: 0.1887836
steer: 0.5258368540786481
linkid: A219BS010677
trafficlightid: null
turn_signal_lamp: 2.0