position: 0.3616953867883289 0.977854852670462 0.6957627935084387
orientation: 0.5700186274113709 0.6245446177012326 0.9700489969321227
enu_velocity: 0.2550249399577826 0.5312235701495611 0.7326988257357532
velocity: 0.5392649130701413 0.4581532883686886 0.6846973183618053
angularVelocity: 0.3798893632255984 0.3704162512471548 0.45753531899568145
acceleration: 0.29575842882666714 0.5159747520049197 0.4204847356596689
accel: 0.0
brake: 0.1910199
steer: 0.5020311992200196
linkid: A219BS010677
trafficlightid: null
turn_signal_lamp: 2.0