position: 0.3608426125535683 0.9782510636741559 0.6957978262202329
orientation: 0.5660043346151769 0.6126877155751792 0.9696335968566381
enu_velocity: 0.2594376103870778 0.5288973857193446 0.7175331384454801
velocity: 0.5323438419397564 0.45481948921779575 0.6542400193931107
angularVelocity: 0.37937436768740646 0.35971357474450133 0.4536318030955516
acceleration: 0.28976185600521304 0.3273960071610632 0.4085426298968192
accel: 0.0
brake: 0.1925759
steer: 0.5017062073448164
linkid: A219BS010677
trafficlightid: null
turn_signal_lamp: 2.0