position: 0.3591730410350091 0.9790312945737369 0.6931864294952077
orientation: 0.5609092790209583 0.5863044780340313 0.9686619552552741
enu_velocity: 0.2686915015608676 0.5246565537038215 0.7224682008624352
velocity: 0.5182464347014071 0.4440920523809785 0.6261958721624278
angularVelocity: 0.47782682217906824 0.32875785712006633 0.4434651540958611
acceleration: 0.28615996900161916 0.4043843406672653 0.5713971037614461
accel: 0.0
brake: 0.1904337
steer: 0.5017874553136172
linkid: A219BS010677
trafficlightid: null
turn_signal_lamp: 2.0