position: 0.35835684623603503 0.9794153144696258 0.6913742165079975
orientation: 0.5709339529509156 0.5710650821448515 0.9681451712563536
enu_velocity: 0.2732739556472585 0.5225669927425254 0.7208880509138084
velocity: 0.511282736314024 0.4389269895459586 0.6072198353852768
angularVelocity: 0.5283147905971938 0.33282041795415346 0.4410942326759598
acceleration: 0.28885596029893035 0.3994593912850819 0.44202675471888353
accel: 0.0
brake: 0.190773
steer: 0.4746506337341567
linkid: A219BS010677
trafficlightid: null
turn_signal_lamp: 2.0