position: 0.3575529593413374 0.9797932388116104 0.689027024817757
orientation: 0.5751247049286643 0.5523836816983567 0.9676250991301862
enu_velocity: 0.27769105818005224 0.5202747284296151 0.7525440117945272
velocity: 0.5043723843184398 0.43609627335941087 0.6177174901617458
angularVelocity: 0.4608559633508274 0.3017502650259971 0.440539066543087
acceleration: 0.2943418819945235 0.4165336293173975 0.4612623982460803
accel: 0.0
brake: 0.1906362
steer: 0.47416314592135206
linkid: A219BS010677
trafficlightid: null
turn_signal_lamp: 2.0