position: 0.27246368326911435 0.3466358638009428 0.8757958994210846
orientation: 0.8446667732962436 0.5596810592037611 0.5002619267362505
enu_velocity: 0.8894416896269515 0.9987451599977197 0.5416390022981877
velocity: 0.9993334193847195 0.5155836944302765 0.7239832786739436
angularVelocity: 0.43815269672595475 0.48659936063934633 0.5232968193790829
acceleration: 0.5935528430280668 0.5186533159809914 0.45429348226257055
accel: 0.03589755
brake: 0.0
steer: 0.566135846603835
linkid: A219BS010380
trafficlightid: null
turn_signal_lamp: 2.0