position: 0.35521462966733913 0.9809087251758557 0.6874228185568279
orientation: 0.5770546617277851 0.5036999678142817 0.9658484143746183
enu_velocity: 0.29098464122718815 0.5132634810499952 0.7664541427971535
velocity: 0.4835595637685561 0.4294669062535389 0.5788016906188442
angularVelocity: 0.44828315823334586 0.3389045257513491 0.4367377645943683
acceleration: 0.29896065595984217 0.5100570957924151 0.4545858621230909
accel: 0.0
brake: 0.1854189
steer: 0.5046311342216445
linkid: A219BS010677
trafficlightid: null
turn_signal_lamp: 2.0