position: 0.35371547528491487 0.9816340960903105 0.6910450549867604
orientation: 0.5841237979508762 0.4791518721169336 0.9648164904404004
enu_velocity: 0.29924863913114413 0.5081658595654016 0.7635019203628842
velocity: 0.4701254964768267 0.429031028219534 0.54932590628349
angularVelocity: 0.44261281412907155 0.368964944867064 0.43696441421479937
acceleration: 0.2981491561086679 0.29909667373894283 0.440898766190735
accel: 0.0
brake: 0.1785101
steer: 0.47302567435814113
linkid: A219BS010677
trafficlightid: null
turn_signal_lamp: 2.0