position: 0.35298293980731626 0.981987638216685 0.6940104280705444
orientation: 0.5842340533190769 0.4695698146427627 0.9642268196208473
enu_velocity: 0.3038114896828302 0.5064379769633363 0.7571038525569201
velocity: 0.46345669893756514 0.42094426460510304 0.5328426341494891
angularVelocity: 0.4188963414704115 0.3840087059740463 0.4273904137632255
acceleration: 0.30529492234037775 0.3567816520157828 0.43459312824393176
accel: 0.0
brake: 0.1658478
steer: 0.47286317842053954
linkid: A219BS010677
trafficlightid: null
turn_signal_lamp: 2.0