position: 0.35226142119508397 0.9823411803430577 0.697368459465693
orientation: 0.5831863924277292 0.4613558640012292 0.9635998833591662
enu_velocity: 0.30798704257495674 0.5045688967645316 0.7487290488526027
velocity: 0.45716506537396534 0.41632947305433865 0.5156290683894911
angularVelocity: 0.4118824278202624 0.3943085286208359 0.4223974684892375
acceleration: 0.3225771286455641 0.3895986754365346 0.4296219979144691
accel: 0.0
brake: 0.1550151
steer: 0.47302567435814113
linkid: A219BS010677
trafficlightid: null
turn_signal_lamp: 2.0