position: 0.3488028140241495 0.9840479354358926 0.7156591842633055
orientation: 0.5705369468955073 0.4348148694026712 0.9599873275575918
enu_velocity: 0.32583000939776413 0.4961191094702312 0.7047803597855025
velocity: 0.4300551270519791 0.4068756261815851 0.4413806604295958
angularVelocity: 0.4236798384033727 0.43829075888316593 0.4088390476333077
acceleration: 0.3846562582548795 0.4703213118959695 0.4410385543329792
accel: 0.0
brake: 0.1144741
steer: 0.47814429639259026
linkid: A219BS010677
trafficlightid: null
turn_signal_lamp: 2.0