position: 0.3481378429161801 0.9843770953466535 0.7201017700277634
orientation: 0.5709780767806676 0.4327368736292917 0.959283668326824
enu_velocity: 0.3285775726357839 0.4943389163258138 0.6990185530052652
velocity: 0.4255583253619844 0.40983320845771576 0.4322437497765519
angularVelocity: 0.42877425928822976 0.44750120547841093 0.41195167465580873
acceleration: 0.3955306607633732 0.46938060915680757 0.4352749731357089
accel: 0.0
brake: 0.1053201
steer: 0.4794442638934027
linkid: A219BS010677
trafficlightid: null
turn_signal_lamp: 2.0