position: 0.3474807041109322 0.9847062552574144 0.7246115018231607
orientation: 0.572069861501767 0.4313670206715554 0.9585997378595356
enu_velocity: 0.3311763194755663 0.49270727694815397 0.6920375451455384
velocity: 0.4213432125632638 0.41230841338946933 0.42262523772692506
angularVelocity: 0.43345384486218885 0.4534487545301789 0.41485745427566767
acceleration: 0.40871395543754385 0.46757628882872926 0.43663010705799715
accel: 0.0
brake: 0.1020156
steer: 0.40510237244068903
linkid: A219BS010677
trafficlightid: null
turn_signal_lamp: 2.0