position: 0.3455522362562647 0.9856815438818929 0.7400244353164767
orientation: 0.540495918599954 0.4367228852429479 0.9560202020345947
enu_velocity: 0.3415363614032654 0.49256260560446163 0.6382488477194332
velocity: 0.40907528742496835 0.37478313424785514 0.37047163452357385
angularVelocity: 0.21765361299351937 0.5121185265809334 0.3641807330667983
acceleration: 0.4310932334158282 0.3360237441902285 0.4226921955755384
accel: 0.0
brake: 0.07468405
steer: 0.4049398765030875
linkid: A219BS010677
trafficlightid: null
turn_signal_lamp: 2.0