position: 0.3449228117529538 0.9860046082387504 0.7456822182713112
orientation: 0.5150647283211602 0.44292668954351866 0.9549510126582489
enu_velocity: 0.3446712223008448 0.49277286946415005 0.6235408949413478
velocity: 0.4055865829706485 0.3639731576017451 0.3586865701836154
angularVelocity: 0.18454760938505843 0.5174078969680739 0.3495606079251113
acceleration: 0.43882676609696736 0.26025474923697367 0.4159675430699353
accel: 0.0
brake: 0.06983285
steer: 0.40623984400389995
linkid: A219BS010677
trafficlightid: null
turn_signal_lamp: 2.0