position: 0.3442999285134542 0.9863215770417044 0.751097691636232
orientation: 0.49280965876053884 0.4512668244498565 0.9538018121855696
enu_velocity: 0.34770721319730413 0.4930695683215529 0.5772908811084155
velocity: 0.40230852197927247 0.35367384302490024 0.3177134789967553
angularVelocity: 0.26425879481076237 0.553394179071891 0.33829793542295483
acceleration: 0.4488940840442838 0.2809311837050831 0.2671793504129316
accel: 0.0
brake: 0.06447237
steer: 0.319467013324667
linkid: A219BS010677
trafficlightid: null
turn_signal_lamp: 2.0