position: 0.3436841890225905 0.9866446413985637 0.755791345168551
orientation: 0.4794433907164763 0.46136830068815854 0.9526411032675273
enu_velocity: 0.3503518152617439 0.49320831386161945 0.5533709356897014
velocity: 0.39938668525836624 0.3468802089783596 0.299819671973903
angularVelocity: 0.31645494912620853 0.5511995092761788 0.3380822627955595
acceleration: 0.4595697985029122 0.304859647949173 0.3985756240331917
accel: 0.0
brake: 0.0647113
steer: 0.3198732531686709
linkid: A219BS010677
trafficlightid: null
turn_signal_lamp: 2.0