position: 0.3418789723492086 0.9875955478074285 0.7643911460659725
orientation: 0.44810105274904466 0.49162269757369853 0.948502995127708
enu_velocity: 0.36080390856979605 0.49671884166477487 0.5002137416941814
velocity: 0.3900914504107292 0.2943060075094973 0.26461367685182846
angularVelocity: 0.3636223608300302 0.5483605314358296 0.28827299176804844
acceleration: 0.46963361466850684 0.20830957666382105 0.4301260780902046
accel: 0.0
brake: 0.03969095
steer: 0.3242606434839129
linkid: A219BS010677
trafficlightid: null
turn_signal_lamp: 2.0