position: 0.34129060288323937 0.9879125166103844 0.7657391756219036
orientation: 0.442520743439914 0.5009770104456766 0.9469734679368411
enu_velocity: 0.3637204031373157 0.49773358445118177 0.49230080173557067
velocity: 0.38760959678106083 0.28235045533813674 0.2619504376965798
angularVelocity: 0.3843051417699819 0.5437955953163265 0.2780068755442015
acceleration: 0.4760792529329325 0.20979082674437377 0.43788473346504275
accel: 0.0
brake: 0.03525193
steer: 0.32726681832954185
linkid: A219BS010677
trafficlightid: null
turn_signal_lamp: 2.0