position: 0.3401321967038245 0.9885525497701977 0.7669499937233057
orientation: 0.4350986888537135 0.5178750826380429 0.9436930129871711
enu_velocity: 0.36995978207006175 0.5004036698297517 0.4887230183763459
velocity: 0.3827573186672104 0.2528880541469629 0.26748942055233743
angularVelocity: 0.39540140016240755 0.533928956182966 0.24932638249376854
acceleration: 0.4625324580909047 0.04944128609453857 0.459262263705957
accel: 0.0
brake: 0.03122709
steer: 0.3349853753656159
linkid: A219BS010677
trafficlightid: null
turn_signal_lamp: 2.0