position: 0.3384399029004472 0.989509551732966 0.7736864922621498
orientation: 0.46602197691958713 0.5442638436361366 0.9387208165691364
enu_velocity: 0.3752314282504664 0.500819293435783 0.5737572461315814
velocity: 0.3775869564602044 0.2587024113037138 0.36596552665288334
angularVelocity: 0.6658834054783277 0.5734766069072031 0.27402164202925033
acceleration: 0.49887303529110844 0.3064483017024403 0.4991344108311479
accel: 0.0
brake: 0.03420759
steer: 0.3500162495937602
linkid: A219BS010677
trafficlightid: null
turn_signal_lamp: 2.0