position: 0.3378875103854398 0.9898387116437259 0.7806463243386845
orientation: 0.4916075825337861 0.5563431094482614 0.9371825210389454
enu_velocity: 0.3768566465102555 0.5006100512663749 0.5889764725250676
velocity: 0.3757507437406245 0.26259531519448 0.3888126864428727
angularVelocity: 0.6719867687215209 0.564784076858077 0.28073158931687703
acceleration: 0.5052956835972737 0.41662470763185955 0.48981763452064203
accel: 0.0
brake: 0.03181648
steer: 0.3546473838154047
linkid: A219BS010677
trafficlightid: null
turn_signal_lamp: 2.0