position: 0.2752465606744952 0.350189571726383 0.8717963314911965
orientation: 0.8537983462200693 0.5619314224690521 0.5002813266870052
enu_velocity: 0.8896072116460679 0.998988322284434 0.538953546302442
velocity: 0.9997090876671533 0.5147224007071004 0.7255927150267831
angularVelocity: 0.4425013702895222 0.4722618091174679 0.5228654683730222
acceleration: 0.5896074243862557 0.5145359823784329 0.46377498911831216
accel: 0.02789661
brake: 0.0
steer: 0.566135846603835
linkid: A219BS010380
trafficlightid: null
turn_signal_lamp: 2.0