position: 0.33733993774903015 0.9901617760005843 0.7875251432691943
orientation: 0.517115998549009 0.5671608889644038 0.9356858751205442
enu_velocity: 0.37825275911227696 0.5003043615345053 0.6021158910679473
velocity: 0.37409825200588454 0.2681630422703818 0.4087381485334396
angularVelocity: 0.6674901536139498 0.5525099225661615 0.28713027390225354
acceleration: 0.5099044850972544 0.4341822315046273 0.48691931266218175
accel: 0.0
brake: 0.03699043
steer: 0.2577998050048749
linkid: A219BS010677
trafficlightid: null
turn_signal_lamp: 2.0