position: 0.33679692678343626 0.9904848403574418 0.7943426549540635
orientation: 0.5383454149269795 0.5769580761778076 0.934166212311417
enu_velocity: 0.38076729598558823 0.5009226884921507 0.6119105766007826
velocity: 0.3719142906107936 0.2602401392576611 0.42481411302242145
angularVelocity: 0.6023847436382421 0.5445976821114891 0.27376015756100136
acceleration: 0.46644059874377386 0.09006043451229839 0.4773908503492398
accel: 0.0
brake: 0.03924797
steer: 0.2599122521936952
linkid: A219BS010677
trafficlightid: null
turn_signal_lamp: 2.0