position: 0.3362593381812648 0.990807904714301 0.8047276644566865
orientation: 0.5404407728471274 0.5903408778291146 0.932491459500493
enu_velocity: 0.38416620797236556 0.5019895374828536 0.6755586718302433
velocity: 0.369099894520099 0.24466039691542796 0.4942639468642718
angularVelocity: 0.35814147048799905 0.607637445152973 0.25284784548994815
acceleration: 0.45978683284397204 0.1809952883543119 0.7518036884667786
accel: 0.0
brake: 0.01791819
steer: 0.2622684432889178
linkid: A219BS010677
trafficlightid: null
turn_signal_lamp: 2.0