position: 0.33572545055730235 0.9911309690711594 0.8183013805807839
orientation: 0.5303278512576665 0.6063542703948124 0.9306791533664205
enu_velocity: 0.3868080825884985 0.5028030072840387 0.6869181932413064
velocity: 0.3670064225653024 0.23658591180430572 0.5136698758893232
angularVelocity: 0.3314553450088758 0.5940437715036735 0.2322955827568594
acceleration: 0.4930582506164278 0.18245459739886727 0.4826123588938894
accel: 0.0
brake: 0.01373008
steer: 0.2655996100097498
linkid: A219BS010677
trafficlightid: null
turn_signal_lamp: 2.0