position: 0.3346727374299955 0.9917770977848761 0.8431855536774129
orientation: 0.49748566445319947 0.6322478802041298 0.9267947790457955
enu_velocity: 0.392283673716041 0.5054500024622737 0.6998904496394192
velocity: 0.3635451391534959 0.213979862194559 0.5387042541892694
angularVelocity: 0.27520890938723863 0.557770935081985 0.20577607985301338
acceleration: 0.506508746461107 0.19246339222532438 0.46445016266473416
accel: 0.0
brake: 0.004375814
steer: 0.275105622359441
linkid: A219BS010677
trafficlightid: null
turn_signal_lamp: 2.0