position: 0.3316344925281941 0.9937337705877329 0.8909001071417104
orientation: 0.3925295645921191 0.6631168774892973 0.9138795632424421
enu_velocity: 0.4069451573217754 0.5134949960675141 0.670022805936258
velocity: 0.3562177380295032 0.16413655886376316 0.5163229127336176
angularVelocity: 0.307627109892056 0.47603083013276576 0.15745480121478722
acceleration: 0.5263165595451338 0.19908268057472633 0.427878415168238
accel: 0.02351441
brake: 0.0
steer: 0.21636334091647713
linkid: A219BS010677
trafficlightid: null
turn_signal_lamp: 2.0