position: 0.3287809522597997 0.9957513989296194 0.9070479977345511
orientation: 0.3288964070048549 0.6698223542213606 0.8991646457927946
enu_velocity: 0.4222229249189735 0.5220512434890233 0.5792579767366165
velocity: 0.3502960392576297 0.11638943455107231 0.4223039957307253
angularVelocity: 0.3919560619963732 0.47626067587813503 0.11555808787722505
acceleration: 0.5418047345611392 0.21069823434499413 0.4164266652163051
accel: 0.05848137
brake: 0.0
steer: 0.14421514462138446
linkid: A219BS010677
trafficlightid: null
turn_signal_lamp: 2.0