position: 0.3269838260969211 0.9971350896655977 0.8958966476614205
orientation: 0.2834686476158207 0.6664113522933535 0.8884097295904436
enu_velocity: 0.43358334374593555 0.5277598357612441 0.46685033377671725
velocity: 0.3462137938739968 0.08040122968768965 0.3032361381549862
angularVelocity: 0.26775449613698843 0.4358574240799556 0.07288425896223882
acceleration: 0.5222060463590225 0.16213689119762464 0.42170948016463516
accel: 0.1198572
brake: 0.0
steer: 0.06572960675983108
linkid: A219BS010677
trafficlightid: null
turn_signal_lamp: 2.0