position: 0.3252719945713708 0.9985492581710895 0.8640511827919319
orientation: 0.23132714578231475 0.6514944550193897 0.8767829116465414
enu_velocity: 0.4430609027274313 0.5338098769251455 0.438747668105136
velocity: 0.34510922442511566 0.061913867094300135 0.2604929896171866
angularVelocity: 0.39749514517801526 0.4437915907977094 0.061197281553128535
acceleration: 0.560740893274067 0.21714092036968963 0.45185252843988966
accel: 0.1258729
brake: 0.0
steer: 0.007068573285667901
linkid: A219BS010677
trafficlightid: null
turn_signal_lamp: 2.0