position: 0.3248580014275276 0.9989088958513648 0.8566731477183487
orientation: 0.22321576928578152 0.6494055192377371 0.8737709870886753
enu_velocity: 0.44692421392808984 0.5354018747199292 0.43964083926850805
velocity: 0.34364743357694616 0.04550731330624053 0.2578171937715328
angularVelocity: 0.38041377579883195 0.46034356045084357 0.042634958262140754
acceleration: 0.5022972449351676 0.04863652571826976 0.45526831610313284
accel: 0.1703745
brake: 0.0
steer: 0.013730906727331793
linkid: A219BS010677
trafficlightid: null
turn_signal_lamp: 2.0