position: 0.2780299544954401 0.3537493752057248 0.8667428628148199
orientation: 0.8596652616665972 0.5615551146926234 0.5002910814645034
enu_velocity: 0.8896571580431853 0.9991425975167614 0.5412410249762973
velocity: 0.9999082641486825 0.5147382373263321 0.727311150428279
angularVelocity: 0.43627993838765217 0.46098860701905714 0.5226233295907108
acceleration: 0.5888232871529525 0.5154423182438334 0.4557441570067336
accel: 0.02482138
brake: 0.0
steer: 0.5660545986350342
linkid: A219BS010380
trafficlightid: null
turn_signal_lamp: 2.0