position: 0.27988500527075244 0.35611445012008236 0.8625944058598052
orientation: 0.8629075139232185 0.5597163380578014 0.5002961232596148
enu_velocity: 0.8894420305579899 0.9986916234270313 0.5443864057733148
velocity: 0.9992743395022133 0.5147092582918322 0.7268396641434113
angularVelocity: 0.42790166886537734 0.46472977027973195 0.5225510879865983
acceleration: 0.5655497759240327 0.5172798040588769 0.4628451085361892
accel: 0.03793841
brake: 0.0
steer: 0.5659733506662334
linkid: A219BS010380
trafficlightid: null
turn_signal_lamp: 2.0