position: 0.28173945356124 0.3584856205883433 0.8587181822693608
orientation: 0.864760281123363 0.5577916805762754 0.5002993017826198
enu_velocity: 0.8895028867483343 0.9988906486936362 0.5462098483655686
velocity: 0.9995308508908161 0.5149188532266582 0.7254584281988387
angularVelocity: 0.42783254430921536 0.4566135539152684 0.5225344412328778
acceleration: 0.5934324456824174 0.5187106235120756 0.45741054918610385
accel: 0.02967235
brake: 0.0
steer: 0.5659733506662334
linkid: A219BS010380
trafficlightid: null
turn_signal_lamp: 2.0