position: 0.28266684984500523 0.35966815804552166 0.8563038445481801
orientation: 0.8659846180209814 0.5559596746306125 0.5003008910441225
enu_velocity: 0.8895386845073606 0.9989746316346779 0.5459654875071835
velocity: 0.9996472656803959 0.514900320636772 0.722166918527135
angularVelocity: 0.42899917801753434 0.452093775285918 0.5225214902651325
acceleration: 0.5908973886604695 0.5167373308162004 0.456381568989106
accel: 0.02848107
brake: 0.0
steer: 0.5659733506662334
linkid: A219BS010380
trafficlightid: null
turn_signal_lamp: 2.0