position: 0.28359433219803104 0.3608567910566034 0.8538734501674274
orientation: 0.8668114429388538 0.5540050835759615 0.5003023707013834
enu_velocity: 0.8895628906110831 0.9990349113612162 0.5477450973879725
velocity: 0.9997297780901407 0.514892570162813 0.7206083193305888
angularVelocity: 0.4237174682940058 0.4523531763146168 0.5225142642900964
acceleration: 0.5898603839627532 0.5174370924414206 0.46283388731739883
accel: 0.027634
brake: 0.0
steer: 0.5659733506662334
linkid: A219BS010380
trafficlightid: null
turn_signal_lamp: 2.0