position: 0.2845219006203175 0.36203932851378173 0.8516204088901342
orientation: 0.8670983743133251 0.5521941024018984 0.5003036311501612
enu_velocity: 0.8895753345939827 0.9990974388063716 0.5499253955222233
velocity: 0.9998053105981548 0.5150094986148258 0.7196621203890131
angularVelocity: 0.4192071774483813 0.4537366890984241 0.5224702800640453
acceleration: 0.589618859226091 0.5187432435418172 0.4626863321070463
accel: 0.02650434
brake: 0.0
steer: 0.5660545986350342
linkid: A219BS010380
trafficlightid: null
turn_signal_lamp: 2.0