position: 0.2854493829733434 0.3632279615248626 0.8495972697839942
orientation: 0.866976952472239 0.5505676403250273 0.5003046175883352
enu_velocity: 0.8895801076285195 0.9991522014053964 0.5530792232947657
velocity: 0.9998676311493218 0.5151712444872611 0.7199614753762429
angularVelocity: 0.41566501938677586 0.4553835285580973 0.5224318182471734
acceleration: 0.5890182930032117 0.5190179054197122 0.4654453111097223
accel: 0.02562393
brake: 0.0
steer: 0.5659733506662334
linkid: A219BS010380
trafficlightid: null
turn_signal_lamp: 2.0