position: 0.28637695139562985 0.3644104989820427 0.8478324969273392
orientation: 0.8665577580208701 0.549140058333407 0.500305878037113
enu_velocity: 0.8895823236802687 0.9992012425388515 0.5564008595268868
velocity: 0.9999207282589158 0.5153319780456828 0.720758127623062
angularVelocity: 0.4129354718902269 0.4571328041059043 0.5223972831595176
acceleration: 0.5886757494764455 0.5177264758338668 0.4655013011111329
accel: 0.02484825
brake: 0.0
steer: 0.5659733506662334
linkid: A219BS010380
trafficlightid: null
turn_signal_lamp: 2.0