position: 0.28823131361685683 0.36678166945030277 0.8452656209402194
orientation: 0.8648925442002604 0.547262261147904 0.5003077961113402
enu_velocity: 0.8893423082292741 0.9987533335199621 0.5625894315679184
velocity: 0.9992713481157574 0.5155968368455447 0.7231288133317172
angularVelocity: 0.40829002402453174 0.46442460588474227 0.5223404767743386
acceleration: 0.5651915360413271 0.5175637049541325 0.4636981517590326
accel: 0.03827625
brake: 0.0
steer: 0.5658921026974326
linkid: A219BS010380
trafficlightid: null
turn_signal_lamp: 2.0