position: 0.2891581934850579 0.3679642069074811 0.8443693673968067
orientation: 0.863745541451429 0.5466644449303502 0.5003082345283064
enu_velocity: 0.8893559454708079 0.9988036006817536 0.5655263758381671
velocity: 0.9993339179491288 0.5156783837744261 0.7249854595269092
angularVelocity: 0.4064725821609533 0.4639942438181812 0.5222403853985566
acceleration: 0.5927604096171106 0.517684136232046 0.4651053046816942
accel: 0.0359979
brake: 0.0
steer: 0.5658108547286319
linkid: A219BS010380
trafficlightid: null
turn_signal_lamp: 2.0