position: 0.29008515942251967 0.36915283991856374 0.8436774713388626
orientation: 0.8623672590052907 0.5461524382890881 0.5003082345283064
enu_velocity: 0.8894067441955211 0.9989343770376335 0.5691572692193828
velocity: 0.9995081662101913 0.5157730713518844 0.7277281371888186
angularVelocity: 0.40442467156082196 0.4651069980844993 0.5221455140341401
acceleration: 0.5928988731114168 0.5177795933942445 0.46629376311110204
accel: 0.03021172
brake: 0.0
steer: 0.5658921026974326
linkid: A219BS010380
trafficlightid: null
turn_signal_lamp: 2.0