position: 0.29101221142924216 0.37033537737574207 0.8432483206193786
orientation: 0.8607569741127912 0.5458661806784771 0.5003069740795285
enu_velocity: 0.8894439056787008 0.9990148862317223 0.5719099222070358
velocity: 0.999619346073473 0.5158000292917388 0.7299736047903773
angularVelocity: 0.40201284725316716 0.4673052651353416 0.5219644747022949
acceleration: 0.590864266372923 0.5168319091094886 0.46314494058367833
accel: 0.02915465
brake: 0.0
steer: 0.5658108547286319
linkid: A219BS010380
trafficlightid: null
turn_signal_lamp: 2.0