position: 0.2937937977957129 0.3738951808550839 0.8423484178351537
orientation: 0.8576028972407681 0.5457688609306148 0.5003034667437989
enu_velocity: 0.8895301612314019 0.9991873475510391 0.5710394052754728
velocity: 0.9998646397628657 0.515795985335757 0.7291019611980827
angularVelocity: 0.4106595175739392 0.4701907086563926 0.5219729565365613
acceleration: 0.5889566928564414 0.5161491893784519 0.45945849349730694
accel: 0.02571946
brake: 0.0
steer: 0.5658108547286319
linkid: A219BS010380
trafficlightid: null
turn_signal_lamp: 2.0