position: 0.29472119407947805 0.3750777183122631 0.8421900407839154
orientation: 0.8569412204817541 0.5459579413341877 0.5003023707013834
enu_velocity: 0.8895559015247971 0.9992188156116726 0.5717528587312014
velocity: 0.999916241179232 0.5157201677861893 0.7301581183799427
angularVelocity: 0.4117323787269867 0.4710610260673727 0.5219461966702327
acceleration: 0.5886662253914192 0.5146692365808317 0.45891541576953376
accel: 0.02497439
brake: 0.0
steer: 0.5658108547286319
linkid: A219BS010380
trafficlightid: null
turn_signal_lamp: 2.0