position: 0.2965754702314443 0.3774488887805232 0.8421980691137014
orientation: 0.8561472806458428 0.5469293926877126 0.5002993017826198
enu_velocity: 0.8893673666605924 0.998736169123253 0.5710497570843733
velocity: 0.9992671103182781 0.5154822669261818 0.7307740066044702
angularVelocity: 0.4156993590525744 0.47560595321704097 0.5218348603120618
acceleration: 0.565282780292886 0.5135129900139134 0.4544385438687474
accel: 0.03833828
brake: 0.0
steer: 0.5657296067598311
linkid: A219BS010380
trafficlightid: null
turn_signal_lamp: 2.0