position: 0.29750235009964543 0.37863752179160404 0.8421426006533601
orientation: 0.8558823931175208 0.5473609706688043 0.5002968356871849
enu_velocity: 0.8894046986092912 0.998765593803326 0.5713305404753753
velocity: 0.9993246945075562 0.5153235544624056 0.7318397557026122
angularVelocity: 0.4136606447876788 0.4716795761304878 0.5217142490393147
acceleration: 0.5922324132528736 0.5140244509063949 0.46153960656078713
accel: 0.03599025
brake: 0.0
steer: 0.5657296067598311
linkid: A219BS010380
trafficlightid: null
turn_signal_lamp: 2.0