position: 0.29842940210636787 0.37982005924878415 0.8418674478961399
orientation: 0.8548127245174764 0.5472089865147827 0.5002937667684215
enu_velocity: 0.8894602703685414 0.998880023114721 0.5737870026450433
velocity: 0.9994849829651572 0.5153744369334553 0.7340550523675028
angularVelocity: 0.40568074797726905 0.4666717653473983 0.5216543317128303
acceleration: 0.5923841713376121 0.5167888201368999 0.46399976654267033
accel: 0.03067788
brake: 0.0
steer: 0.5657296067598311
linkid: A219BS010380
trafficlightid: null
turn_signal_lamp: 2.0