position: 0.2993564541130903 0.3810025967059625 0.841482817914561
orientation: 0.8528717819327336 0.546620720532464 0.5002903142348125
enu_velocity: 0.8894815785584379 0.9989633930415944 0.576713858838741
velocity: 0.9995881857978896 0.5156066084141492 0.735920854482782
angularVelocity: 0.3980637397868966 0.4633667569027755 0.521692747321222
acceleration: 0.5908048594072701 0.5192490503980994 0.46460525116780355
accel: 0.0298382
brake: 0.0
steer: 0.5658921026974326
linkid: A219BS010380
trafficlightid: null
turn_signal_lamp: 2.0