position: 0.30121081633431723 0.38337376717422256 0.8409492989078553
orientation: 0.8483943515426826 0.5454998151245507 0.500285327241822
enu_velocity: 0.8894926588171841 0.9991037732861094 0.5790751046536282
velocity: 0.9997457321512393 0.5161814791056091 0.7363075831074145
angularVelocity: 0.3969996110022487 0.46509450054475077 0.5218717707734138
acceleration: 0.5890192415293042 0.5194884040857585 0.45994859803943555
accel: 0.02736985
brake: 0.0
steer: 0.5659733506662334
linkid: A219BS010380
trafficlightid: null
turn_signal_lamp: 2.0