position: 0.3021379544103004 0.3845624001853043 0.8406697670616607
orientation: 0.8459901268142718 0.5447405357881523 0.5002839571888025
enu_velocity: 0.8894892495068006 0.9991595575754146 0.5807573723425016
velocity: 0.9998028177761082 0.516461837086698 0.7366361498396842
angularVelocity: 0.3948952632160743 0.4616381313345874 0.5220640303175226
acceleration: 0.5887385181525513 0.5202953033294525 0.4611295851981692
accel: 0.02670236
brake: 0.0
steer: 0.5660545986350342
linkid: A219BS010380
trafficlightid: null
turn_signal_lamp: 2.0