position: 0.3030651785555442 0.3857449376424835 0.8402318581642276
orientation: 0.8432552443936174 0.5435577320272411 0.5002839023866817
enu_velocity: 0.8894791920411695 0.9992116637797106 0.5823183752148323
velocity: 0.9998514278060184 0.5167560123590644 0.7361156575825406
angularVelocity: 0.3913350617022343 0.45785228022739355 0.5222811195025666
acceleration: 0.5885302192343735 0.5208150849378931 0.46063781878335974
accel: 0.0260752
brake: 0.0
steer: 0.5660545986350342
linkid: A219BS010380
trafficlightid: null
turn_signal_lamp: 2.0