position: 0.303992402700788 0.38693357065356526 0.8395465307397447
orientation: 0.8402334305984918 0.5419220047967837 0.500285327241822
enu_velocity: 0.8894669185237891 0.9992752129151461 0.5814115300048959
velocity: 0.9999127512283665 0.5170633282800078 0.7324273041744891
angularVelocity: 0.3902667139940889 0.4541373022880966 0.5225311297903988
acceleration: 0.5889659741005179 0.5206259900317117 0.45175311187647377
accel: 0.02501923
brake: 0.0
steer: 0.566135846603835
linkid: A219BS010380
trafficlightid: null
turn_signal_lamp: 2.0