position: 0.30491954077677114 0.3881161081107436 0.8386393294738963
orientation: 0.8375426358701368 0.5400894643230294 0.5002875193266529
enu_velocity: 0.8893990732471585 0.9991820347615814 0.5787521187007421
velocity: 0.9997679182674547 0.5171933991472889 0.7266007382287567
angularVelocity: 0.39361254599984474 0.4535558332786611 0.5226708098948419
acceleration: 0.5717947088078185 0.5187340774055201 0.44982045890904504
accel: 0.02422741
brake: 0.0
steer: 0.566135846603835
linkid: A219BS010380
trafficlightid: null
turn_signal_lamp: 2.0