position: 0.029696244623436188 0.03761566313530906 0.6434290310243855
orientation: 0.6661853398882818 0.4862845436997382 0.4977847064707988
enu_velocity: 0.8943181967339148 0.9955395045742097 0.7869473492205892
velocity: 0.9993588461695955 0.5130776519049612 0.8367508168388705
angularVelocity: 0.416907642677452 0.3828300797067703 0.5166365700059962
acceleration: 0.5908423162915827 0.5168416691880958 0.40868132072600144
accel: 0.03429762
brake: 0.0
steer: 0.5644296392590186
linkid: A219BS010380
trafficlightid: null
turn_signal_lamp: 0.0