position: 0.3076995778965497 0.3916698160361838 0.8359527583881448
orientation: 0.8289513178642389 0.534852692610427 0.5002993565847407
enu_velocity: 0.8892405403143282 0.9990287812195346 0.5804033300652545
velocity: 0.9994954528177534 0.5176344906867995 0.7190193747988967
angularVelocity: 0.3866973478921256 0.4512653525966095 0.523022349534628
acceleration: 0.5932515223234779 0.5210786919091893 0.4612122574003827
accel: 0.03081429
brake: 0.0
steer: 0.5658108547286319
linkid: A219BS010380
trafficlightid: null
turn_signal_lamp: 2.0