position: 0.31233371902977325 0.3976007899837857 0.8347645655797769
orientation: 0.8133243991913595 0.5307446304158742 0.5003104266131375
enu_velocity: 0.8893891862470464 0.999307907004116 0.5835696577457867
velocity: 0.9999005364003378 0.5170960138324848 0.7153448860698344
angularVelocity: 0.39154883069264934 0.47310587524185754 0.5217135091086731
acceleration: 0.5890106560740307 0.5137455834075442 0.45208352556190784
accel: 0.02536436
brake: 0.0
steer: 0.5655671108222295
linkid: A219BS010380
trafficlightid: null
turn_signal_lamp: 2.0