position: 0.31326059889797436 0.3987894229948674 0.8351667119172526
orientation: 0.8111630181451208 0.5311188357151428 0.5003072480901325
enu_velocity: 0.8894323140233971 0.9993275234574981 0.581114400235115
velocity: 0.9999526363811132 0.5168382323972638 0.7136561856088119
angularVelocity: 0.3994663769392035 0.4722327510827795 0.521594621531228
acceleration: 0.5886717452651724 0.5122337815851187 0.4511302658503294
accel: 0.02456187
brake: 0.0
steer: 0.5655671108222295
linkid: A219BS010380
trafficlightid: null
turn_signal_lamp: 2.0