position: 0.030635742245252146 0.03879210503858488 0.6468739143508588
orientation: 0.6659424962061096 0.47630579511124876 0.49775001672834746
enu_velocity: 0.89432535628572 0.9955787374809735 0.7717342655107925
velocity: 0.9994214160029671 0.5138432457366652 0.804878884617095
angularVelocity: 0.4205089505819858 0.38034778007341496 0.5173149818899446
acceleration: 0.5867555830200127 0.5162457491160678 0.4326327705071511
accel: 0.03278263
brake: 0.0
steer: 0.5645108872278194
linkid: A219BS010380
trafficlightid: null
turn_signal_lamp: 0.0