position: 0.31511384221881256 0.4011605934631284 0.8369460817371555
orientation: 0.8081520455858064 0.5340838630387936 0.5002996305953445
enu_velocity: 0.8892655987456466 0.9987942011311748 0.5784244137520711
velocity: 0.999264118931822 0.5162876236750037 0.7157728599344785
angularVelocity: 0.40515527206701624 0.4887755386651151 0.5213666048933987
acceleration: 0.5855136314466088 0.5122723410379614 0.4544664903650347
accel: 0.04262427
brake: 0.0
steer: 0.5657296067598311
linkid: A219BS010380
trafficlightid: null
turn_signal_lamp: 2.0