position: 0.318821619899399 0.4058968388457451 0.8413054648111009
orientation: 0.808019782508909 0.5439980406338276 0.5002874097224115
enu_velocity: 0.8895076597828713 0.9991000952011004 0.5659928176471233
velocity: 0.9997596919547007 0.5156682747678171 0.7210060350593259
angularVelocity: 0.42107734897076243 0.4929858113846636 0.5216478894970801
acceleration: 0.5898395080148933 0.5136918416783942 0.4526523169924335
accel: 0.02733316
brake: 0.0
steer: 0.5658921026974326
linkid: A219BS010380
trafficlightid: null
turn_signal_lamp: 2.0