position: 0.3197488440446428 0.40708547185682775 0.8423776117616488
orientation: 0.8081961332781056 0.5470169483891033 0.5002855464503051
enu_velocity: 0.8895366389211306 0.9991475016301068 0.5641736389373077
velocity: 0.9998292416898028 0.5156642308118352 0.7244428186630787
angularVelocity: 0.4186930126900476 0.4966212869024278 0.5216875766319551
acceleration: 0.5895061338274398 0.5156942961591833 0.45287995856291435
accel: 0.02620915
brake: 0.0
steer: 0.5658921026974326
linkid: A219BS010380
trafficlightid: null
turn_signal_lamp: 2.0