position: 0.32253043041111357 0.41063917978226616 0.8444846834064641
orientation: 0.8088028811090091 0.5553870168685662 0.500279189404295
enu_velocity: 0.8893124767634188 0.9986548425769399 0.5622186802574702
velocity: 0.9991387299828743 0.515845857259484 0.7364076878337006
angularVelocity: 0.40113436640222216 0.4836299688565325 0.5214899605135646
acceleration: 0.5601000976692597 0.5193838005802254 0.4887982465891455
accel: 0.04090924
brake: 0.0
steer: 0.5662983425414365
linkid: A219BS010380
trafficlightid: null
turn_signal_lamp: 2.0