position: 0.03157548946792406 0.03997464249576321 0.6496903984095153
orientation: 0.6690857318423213 0.46571194723024645 0.4977200399682828
enu_velocity: 0.8943679726655132 0.9955382785458733 0.7664248790987356
velocity: 0.9994209174385578 0.5138951405217286 0.7816193596262291
angularVelocity: 0.45703781846083114 0.3738785644965904 0.5180841983954154
acceleration: 0.5859259727150303 0.5075577662982005 0.44398934524919903
accel: 0.03427635
brake: 0.0
steer: 0.5645921351966202
linkid: A219BS010380
trafficlightid: null
turn_signal_lamp: 0.0