position: 0.3280837051790775 0.41775269118704816 0.835903858561265
orientation: 0.7219884329795887 0.5222516917457745 0.5002922871111606
enu_velocity: 0.8884644108055365 0.9994164105118852 0.6603914764720762
velocity: 0.9993356629245616 0.526075915777594 0.7740700855162935
angularVelocity: 0.20181853580022424 0.37060052363472623 0.5229736576957099
acceleration: 0.5844607514975826 0.5377501354820615 0.5142582632842072
accel: 0.03517013
brake: 0.0
steer: 0.5659733506662334
linkid: A219BS010380
trafficlightid: null
turn_signal_lamp: 2.0