position: 0.3327058826850673 0.42368366513465094 0.8283148973687515
orientation: 0.6511756850450428 0.4752227342922149 0.5003389237159411
enu_velocity: 0.8886435700661865 0.9995116320460105 0.6164814495979473
velocity: 0.9996198446378823 0.5229276098312121 0.6514667347983386
angularVelocity: 0.44698116325244963 0.43225939099051425 0.5236362752038254
acceleration: 0.5648046043862099 0.46812447717426464 0.4128803084308471
accel: 0.03047612
brake: 0.0
steer: 0.5645108872278194
linkid: A219BS010380
trafficlightid: null
turn_signal_lamp: 2.0