position: 0.33455731855143134 0.42605483560291013 0.8275901581434999
orientation: 0.666074759283007 0.4708619115807862 0.5003406773838059
enu_velocity: 0.8892040606932253 0.9990314376142633 0.5821512732132492
velocity: 0.9995191346271967 0.5157255579608073 0.611248178625897
angularVelocity: 0.5059169350190158 0.4658430640984689 0.5214916983887221
acceleration: 0.5948064314027605 0.474979700705857 0.4099173882295204
accel: 0.03174382
brake: 0.0
steer: 0.5644296392590186
linkid: A219BS010380
trafficlightid: null
turn_signal_lamp: 2.0