position: 0.3364101315259661 0.428426006071172 0.8384225645696668
orientation: 0.6800035790533158 0.489712650526674 0.5003110842385867
enu_velocity: 0.8892587801248797 0.9979576411296545 0.5841656264289616
velocity: 0.998397863270603 0.5115997034785618 0.6452598057724152
angularVelocity: 0.47201840108536874 0.6055220053137848 0.5180578079986086
acceleration: 0.5269009307888067 0.4866675831780072 0.45954291344887566
accel: 0.0
brake: 0.004661762
steer: 0.5638609034774131
linkid: A219BS010380
trafficlightid: null
turn_signal_lamp: 2.0