position: 0.339182422412284 0.43196752288880447 0.866688124202641
orientation: 0.702391092378098 0.5437321663611066 0.5002095359087884
enu_velocity: 0.88841838511536 0.9947718064975823 0.5652984780542908
velocity: 0.9943689642787688 0.5085818028340906 0.7170997707532007
angularVelocity: 0.456401384480099 0.6444117964442599 0.5146389417107787
acceleration: 0.5210515393756323 0.4951269879652651 0.49336116055646184
accel: 0.0
brake: 0.02305327
steer: 0.5632109197270069
linkid: A219BS010380
trafficlightid: null
turn_signal_lamp: 2.0