position: 0.34102404638293116 0.4343204066953552 0.8932662748841733
orientation: 0.692388245469574 0.5908308619130062 0.500119934441319
enu_velocity: 0.887246264205531 0.9923160717398221 0.5970037922521576
velocity: 0.9908610650946895 0.5113095721621773 0.8253197814089477
angularVelocity: 0.3375468891463508 0.6860999824690277 0.5137861830496386
acceleration: 0.5080553920967832 0.5302531642656321 0.47109057492366124
accel: 0.0
brake: 0.04389101
steer: 0.5632921676958077
linkid: A219BS010380
trafficlightid: null
turn_signal_lamp: 2.0