position: 0.3419418029095008 0.4354907530447285 0.9065028011572471
orientation: 0.6856612586486862 0.6140678671074788 0.5000730786280553
enu_velocity: 0.886472862145046 0.9907890534468662 0.5870093056765651
velocity: 0.9886671324114119 0.5130378889878432 0.8532235378649614
angularVelocity: 0.3614506670909815 0.6681298037642476 0.5136413601198405
acceleration: 0.49000051004212036 0.5192199409341174 0.42789961398434856
accel: 0.0
brake: 0.06259017
steer: 0.5634546636334092
linkid: A219BS010380
trafficlightid: null
turn_signal_lamp: 2.0