position: 0.03345609420673057 0.04233362185621736 0.6531579070290214
orientation: 0.6811505818021473 0.4435943507650308 0.4976654022538688
enu_velocity: 0.8945863389955728 0.9955542169142462 0.7350938709427812
velocity: 0.9996250795641803 0.513043618367157 0.7135766599029123
angularVelocity: 0.47096692142130675 0.37496799432412364 0.5187015883123879
acceleration: 0.5905722124485295 0.5081506606553343 0.40896482507319004
accel: 0.03083591
brake: 0.0
steer: 0.5647546311342218
linkid: A219BS010380
trafficlightid: null
turn_signal_lamp: 0.0