position: 0.3428571494967716 0.4366610993941009 0.917881863857043
orientation: 0.6818783900996099 0.6350131721975831 0.5000245239490475
enu_velocity: 0.8856074087042081 0.9888253647281047 0.5707796154462776
velocity: 0.9859472142762862 0.5137876462003156 0.8707347146274107
angularVelocity: 0.39491607478701707 0.6454689965292977 0.5136749862093467
acceleration: 0.46835477920885615 0.5091781332873442 0.3990825667647411
accel: 0.0
brake: 0.0728213
steer: 0.5635359116022101
linkid: A219BS010380
trafficlightid: null
turn_signal_lamp: 2.0