position: 0.34649133795948156 0.4412998159142729 0.9250008028329786
orientation: 0.7298736251596463 0.6769141165875612 0.4998250442294217
enu_velocity: 0.8815414651409094 0.9771903558159005 0.4549353406913881
velocity: 0.9706856591421402 0.5064346335767774 0.8170845108863889
angularVelocity: 0.5310913624521929 0.5343715684197281 0.5135660135240123
acceleration: 0.39859989631681075 0.4841474480580496 0.42448328084519193
accel: 0.0
brake: 0.1168052
steer: 0.5619922001949952
linkid: A219BS010380
trafficlightid: null
turn_signal_lamp: 2.0