position: 0.3491796252473814 0.44471942165384526 0.9066845333496818
orientation: 0.7448388670735118 0.6982963093044662 0.49965981583528113
enu_velocity: 0.8769441805543505 0.9663720861137783 0.28567312161616043
velocity: 0.9559847396862914 0.505807194990936 0.6755165464915822
angularVelocity: 0.39068276181518513 0.5373023597979314 0.5141640117448867
acceleration: 0.3424676294536383 0.5129796080318308 0.3809371117161706
accel: 0.0
brake: 0.1443912
steer: 0.5612609684757882
linkid: A219BS010380
trafficlightid: null
turn_signal_lamp: 2.0