position: 0.35006588042454423 0.4458470991258974 0.8980591877665769
orientation: 0.7369204284369663 0.7072154450395365 0.4996135628453459
enu_velocity: 0.8749713831009689 0.9622107416020635 0.2770326107114831
velocity: 0.9501472982995954 0.5071823679279134 0.6763911548580004
angularVelocity: 0.33245759752387827 0.5495706345817608 0.5143491034811148
acceleration: 0.3417102549677722 0.5222863909726907 0.42849669541785923
accel: 0.0
brake: 0.1480175
steer: 0.5612609684757882
linkid: A219BS010380
trafficlightid: null
turn_signal_lamp: 2.0