position: 0.35182177941155984 0.44807807185438886 0.8820718637694613
orientation: 0.7106401887068869 0.7275649294836286 0.4995198512188184
enu_velocity: 0.8709702164349558 0.953920542329548 0.27987298477695227
velocity: 0.9384514758210116 0.5105973871698297 0.701086415317767
angularVelocity: 0.28363298655031666 0.5618631085604562 0.514368194722932
acceleration: 0.3345067093376532 0.5291190965571293 0.45429477359330434
accel: 0.0
brake: 0.1571399
steer: 0.560935976600585
linkid: A219BS010380
trafficlightid: null
turn_signal_lamp: 2.0