position: 0.3526912510828912 0.4491813671108291 0.8748522057471166
orientation: 0.6954321031108492 0.7384219077264823 0.4994745298649364
enu_velocity: 0.8689196867048317 0.9496427251258774 0.28904464078451125
velocity: 0.9324203421612892 0.5121642955610649 0.7216023034550954
angularVelocity: 0.27631187292281134 0.5645353808361736 0.5144620901563145
acceleration: 0.3293102936396225 0.5212247977281975 0.46940120580392736
accel: 0.0
brake: 0.1596828
steer: 0.560935976600585
linkid: A219BS010380
trafficlightid: null
turn_signal_lamp: 2.0