position: 0.35355487004449676 0.4502846623672694 0.8682872215264339
orientation: 0.6805217901250941 0.7491591516768359 0.4994280576665181
enu_velocity: 0.8668908060956424 0.9452251406918601 0.30716676950851884
velocity: 0.926248114773725 0.5129880170641162 0.7503504973408591
angularVelocity: 0.28281100408466764 0.5622424802346354 0.514249444878489
acceleration: 0.32441069200535616 0.5123553809546898 0.4907095273968061
accel: 0.0
brake: 0.1610806
steer: 0.560935976600585
linkid: A219BS010380
trafficlightid: null
turn_signal_lamp: 2.0