position: 0.35441280843489775 0.45137576651590283 0.8624374885048915
orientation: 0.6669572358780436 0.7593693509289527 0.4993801058108388
enu_velocity: 0.8648984051075561 0.9407738404785926 0.33066704535927116
velocity: 0.9200616783004948 0.5133709844656617 0.783303961723022
angularVelocity: 0.29707199824358144 0.5568672475190448 0.5141142067377318
acceleration: 0.3240021254292537 0.5076335902224607 0.5028386534728289
accel: 0.0
brake: 0.1625094
steer: 0.560935976600585
linkid: A219BS010380
trafficlightid: null
turn_signal_lamp: 2.0