position: 0.356112245986911 0.45353359259755877 0.8528896148445275
orientation: 0.6466100069954881 0.7771844595151274 0.4992832156613063
enu_velocity: 0.8609940628564328 0.931766210291241 0.38446476426295606
velocity: 0.9076294761893237 0.5129752120868526 0.8511873484368228
angularVelocity: 0.3404884694870087 0.5407265637967855 0.5141121670200557
acceleration: 0.324381535866238 0.5001940324064499 0.5100888394196836
accel: 0.0
brake: 0.1630671
steer: 0.5610172245693859
linkid: A219BS010380
trafficlightid: null
turn_signal_lamp: 2.0