position: 0.3569537451485233 0.45460641008448466 0.8492089905616038
orientation: 0.6396070384482981 0.7845833973579202 0.49923477058654003
enu_velocity: 0.8590572336275966 0.9272376702927818 0.4141357307782833
velocity: 0.9013964239438207 0.5125260326353784 0.8852247865580628
angularVelocity: 0.3577564506881282 0.5311084414320331 0.5143536400432772
acceleration: 0.3216830324211699 0.5005319857343373 0.5170147455020899
accel: 0.0
brake: 0.1623251
steer: 0.5610172245693859
linkid: A219BS010380
trafficlightid: null
turn_signal_lamp: 2.0