position: 0.3577899080159737 0.45566703646360374 0.8462465368704695
orientation: 0.6343134798263754 0.7905733191514714 0.49918818878388016
enu_velocity: 0.8571319960540642 0.9226942136162299 0.44794804921543663
velocity: 0.8951534004101308 0.5118743338470282 0.920982665663294
angularVelocity: 0.37332485213686756 0.5180088257152475 0.5145981771052053
acceleration: 0.32262257568225744 0.4961406024548184 0.5255099205847502
accel: 0.0
brake: 0.1601601
steer: 0.5610172245693859
linkid: A219BS010380
trafficlightid: null
turn_signal_lamp: 2.0