position: 0.358620820658523 0.4567154717349169 0.8439555434887325
orientation: 0.6306630911789128 0.7949443335318451 0.49914330584696437
enu_velocity: 0.8552388059981362 0.9182312661337666 0.4824077596556291
velocity: 0.8890193131998809 0.5112273521239779 0.9548967168614552
angularVelocity: 0.3885664839996466 0.5035834239458741 0.5149966548431791
acceleration: 0.32754136099030384 0.4977031724589979 0.5260171336687931
accel: 0.0
brake: 0.1587785
steer: 0.5610172245693859
linkid: A219BS010380
trafficlightid: null
turn_signal_lamp: 2.0