position: 0.3594465691454318 0.45776390700622915 0.842320683604983
orientation: 0.6285787551818396 0.7976800483042344 0.4991002313800342
enu_velocity: 0.8533691401838539 0.9138124556714129 0.5166571036012123
velocity: 0.8829515350560723 0.5105055633986827 0.9861235491136633
angularVelocity: 0.40248713381331397 0.4893179376263064 0.5153512285754034
acceleration: 0.3296954896290166 0.497495192918477 0.5258095506630236
accel: 0.0
brake: 0.1559454
steer: 0.5610172245693859
linkid: A219BS010380
trafficlightid: null
turn_signal_lamp: 2.0