position: 0.03533792973596473 0.04469869677057581 0.6553956214949044
orientation: 0.6935023631364448 0.4249760602685412 0.4976223825890594
enu_velocity: 0.8946901524967488 0.9955215228252761 0.7081815017160555
velocity: 0.9996878986797566 0.5127787595672949 0.655689183544806
angularVelocity: 0.4927859085660212 0.39267280645053737 0.5195684316355947
acceleration: 0.5843264414209012 0.5072586593443957 0.4470542710366444
accel: 0.0305077
brake: 0.0
steer: 0.5652421189470264
linkid: A219BS010380
trafficlightid: null
turn_signal_lamp: 0.0