position: 0.36026672313039687 0.4588062467236389 0.8362585647681857
orientation: 0.6157418646824411 0.7929968695184143 0.499050306648007
enu_velocity: 0.8515308400250994 0.9096410985949512 0.491689603361986
velocity: 0.8772260213792722 0.5103589810361608 0.9488796205786715
angularVelocity: 0.2624987042970673 0.40505361645315807 0.514066890642277
acceleration: 0.3461760162969876 0.5114037506589982 0.3632185750610639
accel: 0.0
brake: 0.1543836
steer: 0.5611797205069874
linkid: A219BS010380
trafficlightid: null
turn_signal_lamp: 2.0