position: 0.36108102440563605 0.4598363953332436 0.8234052087803654
orientation: 0.588479951049652 0.7786993121264895 0.4989949017039021
enu_velocity: 0.8494581497774829 0.905547389979793 0.4571743726841508
velocity: 0.8714341986360303 0.512586349237028 0.8878391069402746
angularVelocity: 0.13939874028987792 0.3246374333222555 0.5139580488479164
acceleration: 0.33556417129193666 0.5416438561723663 0.3589978319320328
accel: 0.0
brake: 0.1519479
steer: 0.5612609684757882
linkid: A219BS010380
trafficlightid: null
turn_signal_lamp: 2.0