position: 0.36269146634211213 0.4618845014446462 0.7984225061818138
orientation: 0.5455689303480231 0.7475270592374007 0.4988793788333057
enu_velocity: 0.8453062915925214 0.8973853106684286 0.5090502744952865
velocity: 0.8597782613101932 0.5177017168174332 0.8803363100246859
angularVelocity: 0.26610972796549587 0.3375176071549311 0.5129907506686594
acceleration: 0.347732406020933 0.5217107272333367 0.5096658967981836
accel: 0.0
brake: 0.1328375
steer: 0.5614234644133898
linkid: A219BS010380
trafficlightid: null
turn_signal_lamp: 2.0