position: 0.36348872590373776 0.4628963633925416 0.7884257759015816
orientation: 0.5333495927778866 0.7332238002124998 0.4988167400092583
enu_velocity: 0.8435902152110133 0.8935004355465666 0.5354544517715399
velocity: 0.8544142068301608 0.5179783682805449 0.8799843738963845
angularVelocity: 0.31816317327306226 0.3451667037720988 0.5125380007732483
acceleration: 0.3616471163208149 0.501537544948437 0.5096293515022932
accel: 0.0
brake: 0.1256104
steer: 0.5614234644133898
linkid: A219BS010380
trafficlightid: null
turn_signal_lamp: 2.0