position: 0.3642815098638084 0.46390212978653356 0.7797967810776645
orientation: 0.5258172828234856 0.7193549343499724 0.4987535531640032
enu_velocity: 0.8420232961587811 0.8897667705861907 0.5598512470554525
velocity: 0.8493188785667597 0.5175713102788386 0.8788629916838085
angularVelocity: 0.35824340549362743 0.34724851569308823 0.512507429798064
acceleration: 0.37230676825893694 0.4956781068967274 0.5042951059678406
accel: 0.0
brake: 0.1154643
steer: 0.5566298342541437
linkid: A219BS010380
trafficlightid: null
turn_signal_lamp: 2.0