position: 0.365070076430106 0.4649018006266221 0.7722610988010055
orientation: 0.5219684272857715 0.7055666040532337 0.4986895990890573
enu_velocity: 0.8405886583494268 0.886193306661768 0.5829037039404198
velocity: 0.8444900329801479 0.5166695787625353 0.8770572698441487
angularVelocity: 0.39065220043826315 0.34784582352369675 0.5124041578112807
acceleration: 0.38514681219868496 0.49060869957474285 0.5033979173634208
accel: 0.0
brake: 0.1031718
steer: 0.556548586285343
linkid: A219BS010380
trafficlightid: null
turn_signal_lamp: 2.0