position: 0.36741503343717624 0.4678703353773761 0.7579962164671263
orientation: 0.5229830224078948 0.6678524400280861 0.4983573338307905
enu_velocity: 0.8381477625803979 0.8764406599220123 0.6507124094777759
velocity: 0.8323632015696942 0.5038519343236109 0.8793609865373094
angularVelocity: 0.4396856156128474 0.36441459996579845 0.5002891599764356
acceleration: 0.438195227376016 0.4080232077856002 0.49848348154216066
accel: 0.0
brake: 0.06286361
steer: 0.5519174520636985
linkid: A219BS010380
trafficlightid: null
turn_signal_lamp: 2.0