position: 0.036279243419180915 0.04587513867385162 0.6572523552200202
orientation: 0.703637111747339 0.41743133879758826 0.49760418828496167
enu_velocity: 0.8947820334115826 0.9954422396595239 0.7101015953024403
velocity: 0.9996744374407045 0.5120300129021452 0.6447548349798002
angularVelocity: 0.5171452001999686 0.40628340161091353 0.519526940188477
acceleration: 0.5876992464317986 0.5004649811859453 0.4617584823492423
accel: 0.03205756
brake: 0.0
steer: 0.5655671108222295
linkid: A219BS010380
trafficlightid: null
turn_signal_lamp: 0.0