position: 0.3712846213278303 0.4727467784997623 0.7481082335630895
orientation: 0.5335040081132918 0.604511573887319 0.49734930362123103
enu_velocity: 0.8374798786762807 0.8668189938761928 0.7087152500313731
velocity: 0.8216984102896145 0.48785816791657116 0.8390608118772338
angularVelocity: 0.43646711630267776 0.3547584042011236 0.4849328127706753
acceleration: 0.5409134549872604 0.4492043075623847 0.46997849902522026
accel: 0.04866428
brake: 0.0
steer: 0.5442801429964251
linkid: A219BS010380
trafficlightid: null
turn_signal_lamp: 2.0