position: 0.37205743721942447 0.4737159715703365 0.7471747577633949
orientation: 0.5347502081697962 0.5917021427021805 0.49708888394330203
enu_velocity: 0.8380105378374643 0.8659129589356112 0.7123197118297693
velocity: 0.8211330382494292 0.4840061099245817 0.824416920489118
angularVelocity: 0.4317364714270251 0.3540995407889081 0.4805167793799912
acceleration: 0.580521604090081 0.418000195781552 0.46605909555640695
accel: 0.07937909
brake: 0.0
steer: 0.5445238869028275
linkid: A219BS010380
trafficlightid: null
turn_signal_lamp: 2.0