position: 0.37594793994042236 0.4785619369232075 0.7412680965851863
orientation: 0.5462195851839624 0.5244362724206025 0.4955625352754402
enu_velocity: 0.8423398506278841 0.8659362534740025 0.7031731005211631
velocity: 0.8243831796338822 0.4732055497421603 0.7237166234013109
angularVelocity: 0.4347162477514056 0.3539838865627786 0.46962988296462893
acceleration: 0.6236462073800811 0.4047343232064968 0.44055023411730787
accel: 0.1302675
brake: 0.0
steer: 0.5392427689307768
linkid: A219BS010380
trafficlightid: null
turn_signal_lamp: 2.0