position: 0.3767323751822076 0.47952503443988004 0.74008647241028
orientation: 0.547708412097923 0.5122622525954545 0.49521761072727405
enu_velocity: 0.8433355397253699 0.8661217924289073 0.6973341847932537
velocity: 0.8253234721098875 0.4714088425364102 0.7015291258537895
angularVelocity: 0.4369336458575182 0.3625861446523902 0.46767969669784876
acceleration: 0.6266022135828023 0.42133802574864965 0.44979039412145544
accel: 0.08284592
brake: 0.0
steer: 0.5366428339291518
linkid: A219BS010380
trafficlightid: null
turn_signal_lamp: 2.0