position: 0.37751939250181304 0.48050032306435586 0.739477779042848
orientation: 0.5504324171453132 0.5015467104856166 0.49486698675854723
enu_velocity: 0.8442134371491073 0.8662305002747326 0.6920529848882621
velocity: 0.8260967455087657 0.47046800884546913 0.6817816374098686
angularVelocity: 0.4490854001149781 0.3770112309359639 0.46700435876858953
acceleration: 0.6085237325643623 0.42852664562373 0.44567908013995355
accel: 0.0
brake: 0.05768019
steer: 0.5371303217419565
linkid: A219BS010380
trafficlightid: null
turn_signal_lamp: 2.0