position: 0.37830658195993977 0.48146951613493094 0.7406061243019004
orientation: 0.5534762025116831 0.4946476633140114 0.49450288146810945
enu_velocity: 0.8442311655631014 0.8641587167243139 0.6829171454931839
velocity: 0.8239369644875277 0.4681013140825246 0.6622392415758994
angularVelocity: 0.44810614704421 0.41669493491133597 0.4643986962862363
acceleration: 0.4701881141915794 0.41244561538315194 0.4272146202811762
accel: 0.0
brake: 0.06779908
steer: 0.5375365615859604
linkid: A219BS010380
trafficlightid: null
turn_signal_lamp: 2.0