position: 0.37987691562094167 0.4833896156143709 0.7482877762110371
orientation: 0.5590896137274908 0.4940286797840335 0.4937614087740059
enu_velocity: 0.8432122931550082 0.8586769396943226 0.6553169895876889
velocity: 0.8174326932033467 0.46716756482298905 0.6313482135927917
angularVelocity: 0.44594160979279845 0.48821165798901467 0.4636034146281967
acceleration: 0.4387105982946323 0.43422872195153095 0.41688906339877296
accel: 0.0
brake: 0.1177457
steer: 0.5281930451738708
linkid: A219BS010380
trafficlightid: null
turn_signal_lamp: 2.0