position: 0.38298487662388925 0.48716276348031684 0.7811119674662883
orientation: 0.5785986343945723 0.5479294234765306 0.4919365529542755
enu_velocity: 0.8401381179822542 0.8404027830025884 0.5222284629502727
velocity: 0.7959934264731338 0.4481019995586806 0.5658981216411942
angularVelocity: 0.48645622283565976 0.6704329576542771 0.44192109673943636
acceleration: 0.31782269870137186 0.4456164111584438 0.3334278771906305
accel: 0.0
brake: 0.1682808
steer: 0.5293305167370816
linkid: A219BS010380
trafficlightid: null
turn_signal_lamp: 2.0