position: 0.3845144134553315 0.4890036207590178 0.7997172568218907
orientation: 0.5599608154372837 0.5952717212973381 0.4909385515328181
enu_velocity: 0.8367975052030339 0.8300299702626828 0.485436462675948
velocity: 0.7826373845114653 0.4500746161996036 0.5849156652560736
angularVelocity: 0.21863616699899135 0.667560853804956 0.43869129254737527
acceleration: 0.30045127308797004 0.33499098116016834 0.4158087189315288
accel: 0.0
brake: 0.170553
steer: 0.5158433539161522
linkid: A219BS010380
trafficlightid: null
turn_signal_lamp: 2.0