position: 0.3852711343951796 0.48990576273665987 0.8071222962774824
orientation: 0.52494604497624 0.6169482608166391 0.4903833512472333
enu_velocity: 0.8354232121874664 0.8247566180498753 0.4774145289056221
velocity: 0.776088990277058 0.4486942120902094 0.6008334503256455
angularVelocity: 0.07398201736452303 0.6521812795745531 0.4332803290995722
acceleration: 0.3155219519844825 0.3978729162920325 0.4279803698644755
accel: 0.0
brake: 0.172783
steer: 0.5159246018849529
linkid: A219BS010380
trafficlightid: null
turn_signal_lamp: 2.0