position: 0.38751272222018 0.49258171090006897 0.8226746307698147
orientation: 0.4023336916482227 0.673208411505097 0.4885615095441456
enu_velocity: 0.8316395595239171 0.808218517482449 0.46049328900810604
velocity: 0.7559754063112664 0.4398499443227292 0.640550872471985
angularVelocity: 0.0572392405019716 0.6148418860458121 0.4140635806871954
acceleration: 0.2854642563243319 0.3131725387834663 0.4419424317761507
accel: 0.0
brake: 0.1810135
steer: 0.4857816054598636
linkid: A219BS010380
trafficlightid: null
turn_signal_lamp: 2.0