position: 0.3882497332993337 0.49345337510819576 0.8259414311446647
orientation: 0.36523458519010576 0.6886680329679821 0.4878467254828602
enu_velocity: 0.8304689728037606 0.8023233645650429 0.46403509417614697
velocity: 0.7489496366549211 0.4358304040122262 0.6573455330881871
angularVelocity: 0.09634506586760844 0.5991904921184119 0.4078575636489587
acceleration: 0.2893299949680919 0.32725576865126155 0.45435442448553914
accel: 0.0
brake: 0.1801983
steer: 0.48545661358466047
linkid: A219BS010380
trafficlightid: null
turn_signal_lamp: 2.0