position: 0.03910482839170834 0.04941055993758159 0.6684277902825095
orientation: 0.7350127323087112 0.40792867656261084 0.49755968896289127
enu_velocity: 0.8949284632925517 0.9953893161030036 0.6915282131675512
velocity: 0.9997360101452574 0.511492884033158 0.6106370863595102
angularVelocity: 0.5183478037691855 0.4581606066505124 0.5205903946452105
acceleration: 0.583839421231607 0.5127522344566939 0.4589084788426115
accel: 0.02922169
brake: 0.0
steer: 0.5658921026974326
linkid: A219BS010380
trafficlightid: null
turn_signal_lamp: 0.0