position: 0.39115870217160237 0.49684859863215713 0.8331676578004712
orientation: 0.2751276212210975 0.7322691330410486 0.48457092871345614
enu_velocity: 0.826838398176428 0.7782272079799732 0.5060057367620813
velocity: 0.7211967995270978 0.412846547505706 0.7263801241542763
angularVelocity: 0.3437031132442451 0.5402614731967925 0.3880785492599751
acceleration: 0.2876275961714868 0.239697993147032 0.4709165935522203
accel: 0.0
brake: 0.1818143
steer: 0.48586285342866437
linkid: A219BS010380
trafficlightid: null
turn_signal_lamp: 2.0