position: 0.3918775526367538 0.49767759396296274 0.8341682796311054
orientation: 0.26979014836664855 0.739155280268045 0.48369902697190503
enu_velocity: 0.826013345063634 0.7720400559804539 0.5201896987831867
velocity: 0.7141790069013019 0.4059256940313577 0.7419181565383297
angularVelocity: 0.3944157058702706 0.526597998314302 0.3836422376843244
acceleration: 0.28746712321780243 0.27010796217181277 0.4784089660337079
accel: 0.0
brake: 0.1803675
steer: 0.48610659733506667
linkid: A219BS010380
trafficlightid: null
turn_signal_lamp: 2.0