position: 0.39472050638608525 0.5008777597620293 0.8378489039140298
orientation: 0.2782812138512543 0.7520548685246197 0.4798321345278077
enu_velocity: 0.8236401241057165 0.746722570834298 0.5779186287856768
velocity: 0.6864029865284444 0.3707644419490914 0.7873098075599996
angularVelocity: 0.5117921397974534 0.4683818776352475 0.3555529355325264
acceleration: 0.2968626319543672 0.23581887935621632 0.4200807018096283
accel: 0.0
brake: 0.1785237
steer: 0.46506337341566467
linkid: A219BS010380
trafficlightid: null
turn_signal_lamp: 2.0