position: 0.3954238643843153 0.5016579906616103 0.8347207746900336
orientation: 0.289747551705648 0.7476036749305184 0.47873543448683215
enu_velocity: 0.8235506297081512 0.7402276857223484 0.5527858771596116
velocity: 0.6797705841910643 0.3581063473855356 0.7517755073033722
angularVelocity: 0.5335275899619456 0.4141778242880328 0.3437553949144295
acceleration: 0.29443658235239034 0.07450792240176712 0.3507889919461993
accel: 0.0
brake: 0.1832672
steer: 0.46563210919727016
linkid: A219BS010380
trafficlightid: null
turn_signal_lamp: 2.0