position: 0.39682180131618666 0.5031818791373563 0.815092968058925
orientation: 0.3097513230102122 0.7217200429789092 0.4765170446378071
enu_velocity: 0.8210071136965806 0.7285323970836055 0.5156790946422118
velocity: 0.6659992380764199 0.3587607474446138 0.6740011109183038
angularVelocity: 0.46133350877119167 0.34898289887712153 0.34777622680787945
acceleration: 0.2803328519652227 0.3297525971742401 0.49864658361120007
accel: 0.0
brake: 0.1806178
steer: 0.4671758206044849
linkid: A219BS010380
trafficlightid: null
turn_signal_lamp: 2.0