position: 0.04004706301601373 0.05059309739475992 0.6733462370488446
orientation: 0.7479709000993853 0.4070250390062965 0.49755124943629175
enu_velocity: 0.8949577833618494 0.9952846950182996 0.700086857529415
velocity: 0.9996435264473257 0.5110676273461879 0.6174614731962619
angularVelocity: 0.5421650995195476 0.4631182365491016 0.5209231571815167
acceleration: 0.5823832654419058 0.5073500506638468 0.48593785359521907
accel: 0.03199071
brake: 0.0
steer: 0.5659733506662334
linkid: A219BS010380
trafficlightid: null
turn_signal_lamp: 0.0