position: 0.39888892674980037 0.5053945652041394 0.8001391090597512
orientation: 0.24647441204545134 0.6965156180555891 0.4732756087981298
enu_velocity: 0.8157093862917426 0.71216655349744 0.6172234997911147
velocity: 0.6452602050591179 0.37379025383641395 0.7238756748131101
angularVelocity: 0.13728755731214415 0.4436684688792977 0.35483164693865343
acceleration: 0.28901293147089296 0.4102474151004655 0.5692976735213747
accel: 0.0
brake: 0.1802221
steer: 0.44166395840104
linkid: A219BS010813
trafficlightid: null
turn_signal_lamp: 2.0