position: 0.39956852963208433 0.5061199361185942 0.8009127481118827
orientation: 0.21725919681909467 0.6938864525494424 0.47214219133623414
enu_velocity: 0.8150750840949023 0.7057836456402127 0.6293436170398028
velocity: 0.6383563344008549 0.3646241832807772 0.7256425057922095
angularVelocity: 0.17478407182344322 0.4499728395406957 0.3403255555999571
acceleration: 0.2903251861082796 0.21940897906978607 0.4710670812919733
accel: 0.0
brake: 0.1793091
steer: 0.44166395840104
linkid: A219BS010813
trafficlightid: null
turn_signal_lamp: 2.0