position: 0.4002440872591166 0.5068270203713414 0.8025271722470857
orientation: 0.19346958646684193 0.6919190328205949 0.470952546898422
enu_velocity: 0.8142007664470673 0.6995464308169579 0.6391386077768548
velocity: 0.63142404557126 0.35870092728317005 0.7260703924576145
angularVelocity: 0.23025893786401602 0.4564287796184701 0.3327898052590208
acceleration: 0.29004085665761026 0.24720458926687489 0.4628891282833714
accel: 0.0
brake: 0.1781481
steer: 0.41525836854078657
linkid: A219BS010813
trafficlightid: null
turn_signal_lamp: 2.0