position: 0.4009157717694185 0.5075341046240878 0.8047626971684809
orientation: 0.17506821486259708 0.6904601274828116 0.46970700429741796
enu_velocity: 0.8137406800108211 0.6929183172924555 0.6461600372420957
velocity: 0.6244633385703329 0.3477692962862916 0.724373844065089
angularVelocity: 0.27054460832669386 0.461735157558269 0.3203298769852913
acceleration: 0.283013846501682 0.08960350860180677 0.4556151529073946
accel: 0.0
brake: 0.1784595
steer: 0.4150146246343842
linkid: A219BS010813
trafficlightid: null
turn_signal_lamp: 0.0