position: 0.4015835831629901 0.5082229022151239 0.807850684743546
orientation: 0.15886559043068688 0.6898839062001552 0.46836133822175563
enu_velocity: 0.8134360581280602 0.6859612194976922 0.6547813472109092
velocity: 0.61733087613039 0.3348994461246658 0.7249890346957051
angularVelocity: 0.294921532995386 0.4713192802334882 0.30686347645038353
acceleration: 0.2804535111832444 0.14827169078544006 0.45980807835515003
accel: 0.0
brake: 0.1728121
steer: 0.415095872603185
linkid: A219BS010813
trafficlightid: null
turn_signal_lamp: 0.0