position: 0.4055346786435027 0.5121667255903546 0.8319320248615478
orientation: 0.14910537037961888 0.6926841206955878 0.4597789424933398
enu_velocity: 0.808073894756975 0.6493896115758326 0.6470348871758753
velocity: 0.577237572742713 0.3117206352526607 0.684947667376759
angularVelocity: 0.5341522048369595 0.47547608061952806 0.3019417775133075
acceleration: 0.2995898347844158 0.30065586819912277 0.41804086043974903
accel: 0.0
brake: 0.1784503
steer: 0.3915339616509588
linkid: A219BS010813
trafficlightid: null
turn_signal_lamp: 0.0