position: 0.40618355479972595 0.5127884720884577 0.8349017770343057
orientation: 0.157458289610027 0.6929171749434896 0.45832537104186893
enu_velocity: 0.8075127222678596 0.6425994579728725 0.6382313972195177
velocity: 0.5702339892025832 0.3003532145563335 0.670684313467312
angularVelocity: 0.5109617041849962 0.47800853532490917 0.2903350204056053
acceleration: 0.2812801600466498 0.16829541779108093 0.41888652303951907
accel: 0.0
brake: 0.1748507
steer: 0.3918589535261619
linkid: A219BS010813
trafficlightid: null
turn_signal_lamp: 0.0