position: 0.40682872997774017 0.51340412303266 0.8377861369720643
orientation: 0.16379520876642562 0.6936330862340627 0.4568281771022601
enu_velocity: 0.8066043115161903 0.6361493228952005 0.6306437510962666
velocity: 0.5632889869805501 0.2937012691379024 0.6581939816829278
angularVelocity: 0.49503983880116786 0.4818737311107359 0.2846862816045924
acceleration: 0.28880564121810237 0.21565675504659176 0.4210125750486595
accel: 0.0
brake: 0.1715157
steer: 0.39234644133896657
linkid: A219BS010813
trafficlightid: null
turn_signal_lamp: 0.0