position: 0.40747054845458813 0.5140075828690547 0.8404296470162349
orientation: 0.1689715736292287 0.6945713612107074 0.4553114736076549
enu_velocity: 0.8055455501766108 0.6300745568265156 0.6224727250661171
velocity: 0.5566009947115291 0.2900124180719075 0.645596220436188
angularVelocity: 0.4860761754750879 0.4831579339838794 0.28233758190229996
acceleration: 0.29812943955506055 0.24865730065724917 0.4203692474356669
accel: 0.0
brake: 0.1726742
steer: 0.3671595710107248
linkid: A219BS010813
trafficlightid: null
turn_signal_lamp: 0.0