position: 0.4081090962995305 0.5145988515976443 0.842772459617501
orientation: 0.17333047317440997 0.6956888812740413 0.45379055034974997
enu_velocity: 0.8043170051799358 0.6242143457166964 0.6133908798875987
velocity: 0.5499895320793411 0.2884333495456689 0.6323512664381464
angularVelocity: 0.4788873287329345 0.48476444503717536 0.28220520353100215
acceleration: 0.30024855037655573 0.27621861741400194 0.4180041879191557
accel: 0.0
brake: 0.1740643
steer: 0.39389015274618144
linkid: A219BS010813
trafficlightid: null
turn_signal_lamp: 0.0