position: 0.4087436849584818 0.5151840247723305 0.8448853700476151
orientation: 0.17435851142893918 0.6971713058478513 0.45220945436323257
enu_velocity: 0.8036487803447802 0.6175042926317128 0.6035256024147757
velocity: 0.5430801772125755 0.2780255954676599 0.6179610376360635
angularVelocity: 0.44451470713671265 0.4881050739796275 0.2701242641225163
acceleration: 0.28553132305687273 0.1720870743055432 0.412786973208227
accel: 0.0
brake: 0.1710527
steer: 0.39494637634059154
linkid: A219BS010813
trafficlightid: null
turn_signal_lamp: 0.0