position: 0.40937500298552754 0.5157631023931142 0.8463538245503404
orientation: 0.17669971243983384 0.6983283809899573 0.4506561978540696
enu_velocity: 0.8018590628589898 0.6122205191780461 0.5934047702700932
velocity: 0.5365599518672957 0.28353961513340553 0.6038651062653525
angularVelocity: 0.46727293451565194 0.48312814208620003 0.27889633920752854
acceleration: 0.3070506852453949 0.35052784302124695 0.4173219295470944
accel: 0.0
brake: 0.1720748
steer: 0.39616509587260323
linkid: A219BS010813
trafficlightid: null
turn_signal_lamp: 0.0