position: 0.4100030503806676 0.5163238933521894 0.8470457206082846
orientation: 0.18048543584767368 0.6988468732387298 0.44914546779062897
enu_velocity: 0.8001573055810922 0.6070098987484499 0.5841732107537448
velocity: 0.5301905422558397 0.28776571697007525 0.5901987183455863
angularVelocity: 0.47709507036192855 0.4773699884811832 0.28519873959924946
acceleration: 0.3088254034471235 0.3483197769440526 0.4198249006414829
accel: 0.0
brake: 0.1671532
steer: 0.3691095222619435
linkid: A219BS010813
trafficlightid: null
turn_signal_lamp: 2.0