position: 0.4106276550053807 0.5168785887573604 0.8470646966605069
orientation: 0.18467593486325334 0.6988279865794962 0.4476706331162969
enu_velocity: 0.7984258873028588 0.6018376938733934 0.5760749166837371
velocity: 0.5238335967546169 0.29157523303980937 0.5771557177848952
angularVelocity: 0.4782742269673743 0.472352174288696 0.290663239438561
acceleration: 0.31314782010281533 0.35119466639498653 0.4230778772621944
accel: 0.0
brake: 0.1536939
steer: 0.3695157621059474
linkid: A219BS010813
trafficlightid: null
turn_signal_lamp: 2.0