position: 0.04193204868018857 0.05294598120131244 0.685960202839401
orientation: 0.7740194987576305 0.40892574962932254 0.4975319042876577
enu_velocity: 0.8950764273631934 0.9952564963665629 0.7050516324745186
velocity: 0.9996961249925106 0.5104722029701965 0.6257065100335804
angularVelocity: 0.5261466540647205 0.48646051462187057 0.5205680707929781
acceleration: 0.5877811964979138 0.5159514590635504 0.45358093327907206
accel: 0.03036998
brake: 0.0
steer: 0.5662170945726358
linkid: A219BS010380
trafficlightid: null
turn_signal_lamp: 0.0