position: 0.4124798654950908 0.5185000060955538 0.845608649576542
orientation: 0.18220557859639386 0.698108868120374 0.4430224816384125
enu_velocity: 0.7960040836719773 0.5854497817771731 0.5680446337827675
velocity: 0.5065648213084893 0.2758910792521738 0.5532481280503384
angularVelocity: 0.4192713490725062 0.4688233290276692 0.27333843080959336
acceleration: 0.3655984963653789 0.2765205751681482 0.444502822559548
accel: 0.0
brake: 0.1140195
steer: 0.37227819304517396
linkid: A219BS010813
trafficlightid: null
turn_signal_lamp: 2.0