position: 0.41370299575853264 0.5195423458129635 0.8430206079927134
orientation: 0.17809689477373652 0.6944384418919499 0.439851904940899
enu_velocity: 0.794882079624785 0.5762586560154774 0.5724889188427877
velocity: 0.49724116828952025 0.26989369289502196 0.5459986449238271
angularVelocity: 0.41304441803526687 0.4516776674413994 0.26704416152382476
acceleration: 0.3822576900268495 0.16838072699397993 0.45077438814062215
accel: 0.0
brake: 0.0988863
steer: 0.3756093597660059
linkid: A219BS010813
trafficlightid: null
turn_signal_lamp: 2.0