position: 0.414311677570021 0.5200543723408142 0.8409660854155903
orientation: 0.17528485889155876 0.6910687768030201 0.43822132263932057
enu_velocity: 0.7942861321697585 0.5720662521192411 0.5724484254245166
velocity: 0.49295501006246945 0.2694136829167505 0.5392718340354326
angularVelocity: 0.4264359811827597 0.44207960352039133 0.26706082037504425
acceleration: 0.4069555281333905 0.38433124642882793 0.4457901679795461
accel: 0.0
brake: 0.08525041
steer: 0.377803054923627
linkid: A219BS010813
trafficlightid: null
turn_signal_lamp: 2.0