position: 0.41491967082742404 0.5205542077608589 0.8381262462157373
orientation: 0.17614756829996628 0.6862708526535541 0.43663929501675003
enu_velocity: 0.7935059114885066 0.5687772267688576 0.5725540646828273
velocity: 0.48934041809479256 0.27462171167989535 0.532496017174762
angularVelocity: 0.455097274300024 0.429220330621948 0.27392991918771437
acceleration: 0.4302581346008768 0.36490634092871654 0.44927766743685327
accel: 0.0
brake: 0.08448408
steer: 0.3800779980500488
linkid: A219BS010813
trafficlightid: null
turn_signal_lamp: 2.0