position: 0.41552714766926296 0.5210540431809036 0.8346594674443928
orientation: 0.17921321682522212 0.6802681021858065 0.4350945876384282
enu_velocity: 0.7928226856876639 0.5655725930356279 0.5734393633727292
velocity: 0.48589808013054075 0.27888120397880045 0.5257805421874278
angularVelocity: 0.47212025959193105 0.4194370084202443 0.2796070176997319
acceleration: 0.43344544109888955 0.3633409170555192 0.4514155449821226
accel: 0.0
brake: 0.08163967
steer: 0.35472863178420544
linkid: A219BS010813
trafficlightid: null
turn_signal_lamp: 2.0