position: 0.4161339359570165 0.5215477830470459 0.8308518495812134
orientation: 0.18354963887482134 0.6735291283600078 0.43358298074105517
enu_velocity: 0.7921290614901516 0.5624125049986197 0.574913769934548
velocity: 0.4824888966995098 0.282876045947396 0.5191889773186059
angularVelocity: 0.4812452976980284 0.4135841373739894 0.2846675403969705
acceleration: 0.43619510100737124 0.36654159253256025 0.45297245887342213
accel: 0.0
brake: 0.07638317
steer: 0.3565973350666234
linkid: A219BS010813
trafficlightid: null
turn_signal_lamp: 2.0