position: 0.4197559886539714 0.5243883111658354 0.8098125166040457
orientation: 0.17083861512319148 0.6312051940736085 0.42383477949736487
enu_velocity: 0.7929626378789043 0.5400532218900821 0.5965543700665759
velocity: 0.4641526948529965 0.2508035352902735 0.4899806330490347
angularVelocity: 0.373965876061568 0.41594981481342064 0.24491228271974386
acceleration: 0.46780362921612617 0.20935522813460694 0.4569294359317866
accel: 0.0
brake: 0.03339662
steer: 0.32734806629834257
linkid: A219BS010813
trafficlightid: null
turn_signal_lamp: 2.0