position: 0.4209631100349279 0.52529654869738 0.8040167923465202
orientation: 0.158055822390491 0.6171004231466912 0.42027116198964365
enu_velocity: 0.7937939982159079 0.5338198894898926 0.599300400122728
velocity: 0.45988573135570504 0.24459237930717087 0.47736377516897033
angularVelocity: 0.39066824611738554 0.4126623452282235 0.23993227780339954
acceleration: 0.49297732900837915 0.27821325705013056 0.45391876098406403
accel: 0.0
brake: 0.03074623
steer: 0.2878615534611635
linkid: A219BS010813
trafficlightid: null
turn_signal_lamp: 2.0