position: 0.4215685212145106 0.5257415241322976 0.8010689356186338
orientation: 0.15411506931055013 0.6098507968174623 0.4184889422198772
enu_velocity: 0.794061117684451 0.5310680688888976 0.5998186817655382
velocity: 0.45795304642291895 0.24452701173559915 0.47054435868883737
angularVelocity: 0.4076415758654626 0.41259118166998826 0.24099150309343959
acceleration: 0.4954615386372131 0.29676800868067177 0.45275430349484674
accel: 0.0
brake: 0.03021543
steer: 0.29062398440039
linkid: A219BS010813
trafficlightid: null
turn_signal_lamp: 2.0