position: 0.42278037640480426 0.5266253794482294 0.7960402817797785
orientation: 0.1398748531102891 0.5969095153697495 0.4146912648543204
enu_velocity: 0.7958972017914563 0.5230829463340834 0.5997526409590163
velocity: 0.4533383342501165 0.22160313439272378 0.455394973312673
angularVelocity: 0.3688929552392489 0.42366498419523696 0.2150267994311002
acceleration: 0.4908244183807 0.1859967705249953 0.45051021399672114
accel: 0.0
brake: 0.01292449
steer: 0.296555086122847
linkid: A219BS010813
trafficlightid: null
turn_signal_lamp: 2.0