position: 0.04381744747681465 0.05530496056176659 0.7012147592814792
orientation: 0.7979732092826131 0.4154606406297795 0.49752072465501934
enu_velocity: 0.8950655175699663 0.9952213502209202 0.7164139366299099
velocity: 0.9996430278829164 0.5108988058758027 0.6479296720698221
angularVelocity: 0.5497995533219528 0.5114529949461326 0.5217337600246867
acceleration: 0.5826814512905969 0.5108271095462226 0.5037416626074035
accel: 0.03167504
brake: 0.0
steer: 0.5663795905102373
linkid: A219BS010380
trafficlightid: null
turn_signal_lamp: 0.0