position: 0.425221903122351 0.5283321345410652 0.7888994473589714
orientation: 0.12082065842294276 0.575041971145746 0.40666357619240245
enu_velocity: 0.7992112219496857 0.5095778355327941 0.6094020223549521
velocity: 0.4463197937777066 0.1955410836070674 0.4408365371787035
angularVelocity: 0.40252195618821984 0.44310293907288045 0.1904649098652031
acceleration: 0.4906462842670276 0.14856735775304153 0.4575959776001827
accel: 0.01907878
brake: 0.0
steer: 0.2676308092297693
linkid: A219BS010813
trafficlightid: null
turn_signal_lamp: 2.0