position: 0.4276994928601202 0.5299718385409671 0.7857238780044202
orientation: 0.12338085239722488 0.5583187252745121 0.3983641238135547
enu_velocity: 0.8019323630322338 0.5004492372162537 0.6111010942289293
velocity: 0.4428006768944172 0.2016119643149593 0.4280192082483504
angularVelocity: 0.4775496278129185 0.447410030082288 0.20330114968880175
acceleration: 0.5268225746164978 0.21295187026618317 0.45311220089671156
accel: 0.0
brake: 0.01161889
steer: 0.28607409814754636
linkid: A219BS010813
trafficlightid: null
turn_signal_lamp: 2.0