position: 0.4283250442467007 0.5303741450985644 0.7857756972239496
orientation: 0.12620987288217358 0.5556375323674576 0.39633222558153136
enu_velocity: 0.8024800687453346 0.49760505581391834 0.610788601017479
velocity: 0.4413525965675045 0.19978856240633225 0.424938023140934
angularVelocity: 0.4627850785511536 0.4578990402420063 0.20097138951378862
acceleration: 0.5123485460373914 0.26135195447066256 0.4510350826889005
accel: 0.0
brake: 0.006220036
steer: 0.2903802404939877
linkid: A219BS010813
trafficlightid: null
turn_signal_lamp: 2.0