position: 0.42895231701849473 0.5307703561022583 0.7863296519792025
orientation: 0.12811717149844884 0.5539548379353587 0.3942988476922471
enu_velocity: 0.8029357230780823 0.4950555298884253 0.6096432234520356
velocity: 0.44006480469819287 0.20036821376397257 0.42193618934093946
angularVelocity: 0.4553265343513319 0.4657384027599271 0.2012184958068779
acceleration: 0.5216442920577307 0.2837605033120224 0.4496769685279482
accel: 0.0
brake: 0.006382796
steer: 0.2945238869028275
linkid: A219BS010813
trafficlightid: null
turn_signal_lamp: 2.0