position: 0.43021237099476595 0.5315505870018402 0.7882717779393176
orientation: 0.1332815387269541 0.552628139212211 0.3902560952425786
enu_velocity: 0.8037612875874339 0.49024541204871175 0.6058803068056411
velocity: 0.4376759333308654 0.2033710586666888 0.4163324174506605
angularVelocity: 0.4693521026342071 0.47741902859771224 0.2045248811346343
acceleration: 0.5233380810388416 0.2990590824534928 0.44977133745127895
accel: 0.0
brake: 0.01079339
steer: 0.26153721156971077
linkid: A219BS010813
trafficlightid: null
turn_signal_lamp: 2.0