position: 0.43084480792220037 0.5319346068977291 0.7897942412060597
orientation: 0.13600088204294558 0.55313487184297 0.38823247213079254
enu_velocity: 0.8043463252492333 0.4872113392908775 0.6046562763182534
velocity: 0.4361954463173459 0.1994198539688451 0.41466726078414784
angularVelocity: 0.4553119995287658 0.4852042286569375 0.1996180561718614
acceleration: 0.5012894930561952 0.15469044113450203 0.4483500466835144
accel: 0.0
brake: 0.01268416
steer: 0.26527461813454667
linkid: A219BS010813
trafficlightid: null
turn_signal_lamp: 2.0