position: 0.4321125220626716 0.5326904555816991 0.7938996371194935
orientation: 0.13568500456885813 0.556563691374028 0.38405024828374834
enu_velocity: 0.8054898079518414 0.48085632357830266 0.5994676699866303
velocity: 0.4330771752191617 0.19065123591527589 0.40988115615726906
angularVelocity: 0.434082625111354 0.49483644750083267 0.18966350012975058
acceleration: 0.5189665557007864 0.24345159807458977 0.44092242998546305
accel: 0.0
brake: 0.00270415
steer: 0.2733181670458239
linkid: A219BS010813
trafficlightid: null
turn_signal_lamp: 2.0