position: 0.4340264442122851 0.5337876552842351 0.7981327564613458
orientation: 0.13343389422755506 0.5608659298066261 0.3777012033833296
enu_velocity: 0.8071451986085241 0.4720237702373857 0.5853560961220932
velocity: 0.4290884106622791 0.18215380494917321 0.39633510318721943
angularVelocity: 0.4092263725940566 0.4929875429714962 0.17907689933958565
acceleration: 0.4825409537178645 0.044985107713609085 0.43597132164360963
accel: 0.0
brake: 0.01055843
steer: 0.21750081247968805
linkid: A219BS010813
trafficlightid: null
turn_signal_lamp: 2.0