position: 0.43466568061131283 0.5341472929645121 0.7995019516139863
orientation: 0.12637823727432249 0.5630888539632193 0.3754502062724425
enu_velocity: 0.8078962696859974 0.4676538170042366 0.5792649820710476
velocity: 0.42698072962181643 0.16936755461151437 0.38962163378238035
angularVelocity: 0.36889364373084416 0.5008198328713976 0.16345010361706297
acceleration: 0.48429610761736486 0.11622826533248803 0.43456835123305393
accel: 0.02263847
brake: 0.0
steer: 0.22083197920052006
linkid: A219BS010813
trafficlightid: null
turn_signal_lamp: 2.0