position: 6.2969930000000005 11.200000000000045 -0.2693296
orientation: 1.813019 0.8173386 60.59897
enu_velocity: 19.73603 34.81467 0.1202942
velocity: 40.01373 -0.08101273 0.6940615
angularVelocity: 0.0284662 0.01402157 0.001382651
acceleration: 0.03484558 0.01435841 -0.2077374
accel: 0.02724562
brake: 0.0
steer: 0.0011
linkid: A219BS010380
trafficlightid: null
turn_signal_lamp: 0.0