position: 6.735534 11.97400000000016 -0.2658652
orientation: 1.874237 0.8691377 60.60774
enu_velocity: 19.71474 34.83113 0.07694917
velocity: 40.01763 -0.06001091 0.6863742
angularVelocity: 0.005886776 0.008878028 0.001777124
acceleration: 0.02250262 0.08660758 -0.2207574
accel: 0.02557478
brake: 0.0
steer: 0.0016
linkid: A219BS010380
trafficlightid: null
turn_signal_lamp: 0.0