position: 7.5015695000000004 13.327999999999975 -0.2634704
orientation: 1.844055 0.9095684 60.63458
enu_velocity: 19.6593 34.84785 0.003565184
velocity: 40.00565 -0.024086 0.6398135
angularVelocity: -0.006737005 0.0031829 0.00496291
acceleration: 0.04815997 0.1175084 -0.1214635
accel: 0.02956843
brake: 0.0
steer: 0.0035
linkid: A219BS010380
trafficlightid: null
turn_signal_lamp: 0.0