position: 3.7778410000000004 6.751999999999953 -0.2903417
orientation: 1.047791 0.7291358 60.61766
enu_velocity: 19.68543 34.82891 0.1970887
velocity: 40.00133 -0.05199623 0.7072507
angularVelocity: 0.01501088 -0.02750356 -0.003991467
acceleration: 0.0509751 -0.08813563 -0.278565
accel: 0.03237159
brake: 0.0
steer: -0.0012
linkid: A219BS010380
trafficlightid: null
turn_signal_lamp: 0.0