position: 4.762383 8.492999999999938 -0.2865763
orientation: 1.287445 0.5964739 60.59033
enu_velocity: 19.71762 34.81487 0.1430052
velocity: 40.00701 -0.06817436 0.5611916
angularVelocity: 0.0326068 0.001486533 -0.001593803
acceleration: 0.01573062 -0.06047956 0.01070384
accel: 0.03132612
brake: 0.0
steer: 0.0005
linkid: A219BS010380
trafficlightid: null
turn_signal_lamp: 0.0