position: 4.8718960000000004 8.68600000000015 -0.2856559
orientation: 1.321075 0.6012684 60.58859
enu_velocity: 19.71955 34.81537 0.1422344
velocity: 40.00835 -0.0680027 0.5638276
angularVelocity: 0.02837966 0.004806015 -0.001602108
acceleration: 0.01645772 -0.003271876 -0.02311163
accel: 0.03036998
brake: 0.0
steer: 0.0006
linkid: A219BS010380
trafficlightid: null
turn_signal_lamp: 0.0