position: 0.003635169652281653 0.004644812074072746 0.4028287455077848
orientation: 0.4939345453883153 0.1771755115148754 0.5002792990085365
enu_velocity: 0.8861626149001524 0.9864013023690341 0.46808712898163585
velocity: 0.983971154239888 0.48992581487303055 0.0
angularVelocity: 0.7846614782450043 0.8131320605632354 0.506745426674331
acceleration: 0.6784654887992467 0.433224850509431 0.2957212583095622
accel: 0.243583
brake: 0.0
steer: 0.5573610659733508
linkid: A219BS010380
trafficlightid: null
turn_signal_lamp: 0.0