position: 0.045703947959977356 0.05766393992222074 0.7227131667527891
orientation: 0.8290839423156633 0.429454550430516 0.4975261500649762
enu_velocity: 0.895201719519785 0.9951516709438029 0.7291816164369347
velocity: 0.9996527498888985 0.509594733423093 0.6845335581911041
angularVelocity: 0.5397078347666071 0.533115970787449 0.5220579956288364
acceleration: 0.5898497941180725 0.5140353692568955 0.44181882343549006
accel: 0.03109482
brake: 0.0
steer: 0.566460838479038
linkid: A219BS010380
trafficlightid: null
turn_signal_lamp: 0.0