position: 0.4359485429416627 0.5348543772172576 0.8015820188767928
orientation: 0.10795500251119156 0.5676619199621866 0.37077574977658545
enu_velocity: 0.8097630375864537 0.4608804395556792 0.5697525170820107
velocity: 0.42481920362514564 0.15592762855813802 0.380172375455507
angularVelocity: 0.36168777594647517 0.49918699667915345 0.14929047671980078
acceleration: 0.5411465290111197 0.18987082099981162 0.443142504230619
accel: 0.01670311
brake: 0.0
steer: 0.22960675983100426
linkid: A219BS010813
trafficlightid: null
turn_signal_lamp: 2.0