position: 0.4365938041889376 0.5351957282358253 0.8021958211813613
orientation: 0.10042872751139215 0.5696268452266071 0.36840944900358513
enu_velocity: 0.810486322784302 0.4579760805958335 0.5664062526649265
velocity: 0.42390857573149576 0.15393056091206486 0.3770085254695897
angularVelocity: 0.3794787353633381 0.4991909366665842 0.14866636475804157
acceleration: 0.5300066457727024 0.2294257524547877 0.4444043251946101
accel: 0.008411946
brake: 0.0
steer: 0.16176470588235298
linkid: A219BS010813
trafficlightid: null
turn_signal_lamp: 2.0