position: 0.43788871621578185 0.535878430272958 0.8039868685718623
orientation: 0.08705259394274134 0.5752429537081567 0.36358960248130856
enu_velocity: 0.8117146973154579 0.4499802711606872 0.5618076240372378
velocity: 0.4203535622107343 0.13648112935376738 0.37223427993920466
angularVelocity: 0.36186919348182056 0.5164466690973414 0.1290072346019412
acceleration: 0.46879333930666245 0.038540733916913816 0.44318221106037503
accel: 0.03053345
brake: 0.0
steer: 0.16883327916802082
linkid: A219BS010813
trafficlightid: null
turn_signal_lamp: 2.0