position: 0.43853664561013767 0.5362075901837198 0.8055553122728347
orientation: 0.07663604547565958 0.5795323634665586 0.3610330287449728
enu_velocity: 0.8125271359798333 0.4454693655364661 0.5596131249303192
velocity: 0.4185377906319372 0.12400316661716992 0.3703658618467578
angularVelocity: 0.34821414842578313 0.5221125789565952 0.11557316017118552
acceleration: 0.5100825430852372 0.08458698991694324 0.4432877964315698
accel: 0.05057681
brake: 0.0
steer: 0.17248943776405595
linkid: A219BS010813
trafficlightid: null
turn_signal_lamp: 2.0