position: 0.4391866406667497 0.5365306545405772 0.8067077425212459
orientation: 0.06574241035797687 0.5833232366916046 0.3584138161845898
enu_velocity: 0.8136061827161942 0.4416291995812705 0.5562833469268897
velocity: 0.4175810455304238 0.11502484232723392 0.3676698357776733
angularVelocity: 0.3483062915509459 0.5174460420693144 0.10691373065156234
acceleration: 0.5301601380006501 0.1222393420266889 0.4426748230423657
accel: 0.03889762
brake: 0.0
steer: 0.1774455638609035
linkid: A219BS010813
trafficlightid: null
turn_signal_lamp: 2.0