position: 0.4404952377060411 0.5371706877003906 0.8075696932010266
orientation: 0.04901655174836245 0.5890013504317704 0.35309970933503165
enu_velocity: 0.8153742510810498 0.434999063110013 0.5508724890893981
velocity: 0.41608161306934954 0.10715988678336602 0.3633532990524059
angularVelocity: 0.39182965493948735 0.5082015194226324 0.10229536163044145
acceleration: 0.5372222877748993 0.19644223799794652 0.4481105763962872
accel: 0.0223327
brake: 0.0
steer: 0.11959701007474816
linkid: A219BS010813
trafficlightid: null
turn_signal_lamp: 2.0