position: 0.44115332327315654 0.5374815609494439 0.8076273512058552
orientation: 0.044108904983867825 0.591272738468661 0.35041193932155745
enu_velocity: 0.8161295837965024 0.4308469751122378 0.5515146836441599
velocity: 0.4146711743553415 0.09806390086460098 0.3635967593274846
angularVelocity: 0.3983011125641684 0.5099538279361959 0.092702441483554
acceleration: 0.4752719399946864 0.0 0.4493977405210838
accel: 0.01107316
brake: 0.0
steer: 0.12430939226519339
linkid: A219BS010813
trafficlightid: null
turn_signal_lamp: 2.0