position: 0.4418112367017506 0.5377924341984954 0.8084433214514053
orientation: 0.03829778576431542 0.5947044088162069 0.3476223469676809
enu_velocity: 0.8165538724737222 0.42572413831152606 0.5548170112212818
velocity: 0.41227781590833007 0.08456602734237184 0.3661714912552243
angularVelocity: 0.398405193368602 0.5214887057876229 0.07889017146618421
acceleration: 0.46562285658605207 0.05285733662213615 0.45461880695989104
accel: 0.06291319
brake: 0.0
steer: 0.12820929476763088
linkid: A219BS010813
trafficlightid: null
turn_signal_lamp: 2.0