position: 0.04664727566389332 0.05884038182549656 0.7328565965136615
orientation: 0.8401011675215944 0.4361881433401933 0.49752713650315017
enu_velocity: 0.8951974578818056 0.9952313627856673 0.7171150984346435
velocity: 0.9997330187588014 0.5100092062274448 0.6843394526852569
angularVelocity: 0.5134907633115069 0.5262029957527724 0.5218682669608672
acceleration: 0.5901482829470082 0.5219919652846781 0.4235038891796504
accel: 0.02927978
brake: 0.0
steer: 0.5663795905102373
linkid: A219BS010380
trafficlightid: null
turn_signal_lamp: 0.0