position: 0.4444651823546414 0.5389627805478687 0.8122472900737732
orientation: 0.03466929641319155 0.6060645561692095 0.33603032837047153
enu_velocity: 0.8198573237697631 0.40951436813258113 0.5706037253585745
velocity: 0.40817911789918915 0.05437627941562806 0.3843398014822127
angularVelocity: 0.4668529546425562 0.5144552725385028 0.05383684578931175
acceleration: 0.48519675065106493 0.004138110075876167 0.4529499464622548
accel: 0.03871091
brake: 0.0
steer: 0.09042898927526816
linkid: A219BS010813
trafficlightid: null
turn_signal_lamp: 2.0