position: 0.4464757602839921 0.5397856803247709 0.817258427556731
orientation: 0.03188074987527156 0.6165680331675392 0.3268034597017263
enu_velocity: 0.8218042104642305 0.3964688953545991 0.5711349575344239
velocity: 0.40459668333591425 0.030933171551538186 0.3877820786380176
angularVelocity: 0.44387460502575915 0.5218304701204475 0.030125450074067472
acceleration: 0.5249316048741757 0.13338400740901224 0.44604639376013727
accel: 0.06870449
brake: 0.0
steer: 0.10789730256743585
linkid: A219BS010813
trafficlightid: null
turn_signal_lamp: 2.0