position: 0.44715071542619966 0.5400477891425988 0.8186597360285166
orientation: 0.030874574779628405 0.6197605912821461 0.32368253372563616
enu_velocity: 0.8223865206777232 0.3929339695875498 0.5693405982110366
velocity: 0.4039288563096104 0.02961645665714835 0.3875520470457333
angularVelocity: 0.4493173070339744 0.519469381565376 0.029685081274866187
acceleration: 0.5307435043852203 0.1671992865941191 0.44549634252833975
accel: 0.06354359
brake: 0.0
steer: 0.11472213194670133
linkid: A219BS010813
trafficlightid: null
turn_signal_lamp: 2.0