position: 0.0475905172985486 0.06002291928267489 0.7422643393268462
orientation: 0.8500816092094419 0.44236643283319554 0.49752883536889425
enu_velocity: 0.895148363812284 0.9952777475243935 0.7121529267019758
velocity: 0.999743737893602 0.5106969614149358 0.6900304238144609
angularVelocity: 0.5179617512319219 0.5250718716087517 0.5221713664888763
acceleration: 0.5844563354463287 0.5240061063590953 0.4686836187221965
accel: 0.02804408
brake: 0.0
steer: 0.566460838479038
linkid: A219BS010380
trafficlightid: null
turn_signal_lamp: 0.0