position: 0.4491889215882268 0.5408036378265688 0.8221308938888352
orientation: 0.026509206630413062 0.6292741222549844 0.3142650632808309
enu_velocity: 0.8234507369139161 0.3811180397605077 0.560255409251027
velocity: 0.40064082403004775 0.019263293334857434 0.38164473460475634
angularVelocity: 0.4211318339006377 0.526115771099278 0.01725480178991423
acceleration: 0.4904695204157681 0.08984624090214183 0.43745077000365934
accel: 0.0630346
brake: 0.0
steer: 0.0776730581735457
linkid: A219BS010813
trafficlightid: null
turn_signal_lamp: 2.0