position: 0.4512402102778764 0.5415107220793143 0.8249357003768933
orientation: 0.013089671981064532 0.6402871827005613 0.30458004888239576
enu_velocity: 0.8243397145963999 0.3697743351810262 0.5491200693136729
velocity: 0.3978840121286313 0.013994137058837341 0.37427404453613927
angularVelocity: 0.42704975231514863 0.5242905423451852 0.013221574917878343
acceleration: 0.5243740755486569 0.1828723976857271 0.4410728095842186
accel: 0.04510172
brake: 0.0
steer: 0.04948001299967508
linkid: A219BS010813
trafficlightid: null
turn_signal_lamp: 2.0