position: 0.45261525278640846 0.5419556975142328 0.8262720523622267
orientation: 0.005049630816169437 0.6478767688959957 0.29806161062665737
enu_velocity: 0.8243514767172228 0.361198471306135 0.5449299385767538
velocity: 0.39501502323511445 0.004603290391549941 0.37149360960377537
angularVelocity: 0.42234428710711513 0.5325954192178892 0.002372597221006134
acceleration: 0.48805458516447336 0.09789599273828431 0.44019820336455273
accel: 0.05931633
brake: 0.0
steer: 0.06215469613259672
linkid: A219BS010813
trafficlightid: null
turn_signal_lamp: 2.0