position: 0.45538057206261173 0.5427725017372325 0.8274916286415774
orientation: 0.002579961160911304 0.6655137014516641 0.2848893728768631
enu_velocity: 0.8246569509275796 0.34669874501696113 0.5139626620342651
velocity: 0.39159312641164545 0.004258432284230951 0.3501822028097339
angularVelocity: 0.4819906280994075 0.5325181251969546 0.007913251808749688
acceleration: 0.5269482809677403 0.21275486124366094 0.4226939767213781
accel: 0.03212807
brake: 0.0
steer: 0.0508612284692882
linkid: A219BS010813
trafficlightid: null
turn_signal_lamp: 2.0