position: 0.048533965499429496 0.06119936118595071 0.7526033683952389
orientation: 0.8649698783490474 0.4495471406738246 0.49753574043611204
enu_velocity: 0.8951742745711982 0.9952127680225655 0.721682300004614
velocity: 0.999684658011096 0.5102309330302163 0.711658799841995
angularVelocity: 0.56817891295592 0.5344189629910061 0.5229791721721029
acceleration: 0.5839622804820583 0.508667301473517 0.4791127730898126
accel: 0.03056535
brake: 0.0
steer: 0.5665420864478389
linkid: A219BS010380
trafficlightid: null
turn_signal_lamp: 0.0