position: 0.4560758395503384 0.5429614639082248 0.8266209197838483
orientation: 0.004666646092410243 0.6698341138393741 0.2816354969557696
enu_velocity: 0.8244994407878643 0.3430210891177521 0.503315244896761
velocity: 0.3904980296865416 0.003848206605340132 0.3420553209411588
angularVelocity: 0.4774220273706009 0.5352214799940775 0.006772120500213807
acceleration: 0.49039286184633724 0.10957629557981724 0.42143138286731724
accel: 0.01913553
brake: 0.0
steer: 0.05809229769255764
linkid: A219BS010813
trafficlightid: null
turn_signal_lamp: 2.0