position: 0.4574665466643131 0.5433211015885009 0.8244934123904863
orientation: 0.004925751628299391 0.6800610616383584 0.27506220177713414
enu_velocity: 0.8237751327969011 0.33513568353429646 0.4870629318527458
velocity: 0.387666433123725 8.480117393094844e-05 0.33048084276320433
angularVelocity: 0.46620940624867324 0.5407377133517535 0.0031310707506368995
acceleration: 0.5023930110526889 0.16142096900207265 0.43457560304111575
accel: 0.04431053
brake: 0.0
steer: 0.07174195645108877
linkid: A219BS010813
trafficlightid: null
turn_signal_lamp: 2.0