position: 0.46165355798833385 0.5442659124434632 0.8128880967603502
orientation: 0.09773847484482753 0.6911585775223952 0.2558676493709895
enu_velocity: 0.8215348749439382 0.31555838132382863 0.563267056741593
velocity: 0.3814702746445127 0.012231685993973174 0.4187116486847303
angularVelocity: 0.754623584432593 0.4741451643376286 0.0335293095134237
acceleration: 0.5169255193865487 0.2283026169058291 0.5059236934857931
accel: 0.02736947
brake: 0.0
steer: 0.11626584335391615
linkid: A219BS010813
trafficlightid: null
turn_signal_lamp: 2.0