position: 0.4637536479487858 0.5446560278932546 0.8114904375293766
orientation: 0.20657201496871108 0.6821154312700928 0.24676638716306357
enu_velocity: 0.8200792698757255 0.307297708900414 0.6286156960065464
velocity: 0.3787194455160083 0.025414558488871364 0.4875460302982475
angularVelocity: 0.8074579704568257 0.44562463858054335 0.0508072155434221
acceleration: 0.5227881871199901 0.2850582465460514 0.493646573274193
accel: 0.01609552
brake: 0.0
steer: 0.10619109522261944
linkid: A219BS010813
trafficlightid: null
turn_signal_lamp: 2.0