position: 0.46515218736548186 0.5448937544954706 0.8135157661800039
orientation: 0.26728320654267135 0.6755671057969357 0.24079734016810772
enu_velocity: 0.8186875893772025 0.30148186775608826 0.6415827370031926
velocity: 0.3763171129096288 0.031018502732806152 0.5011711729780023
angularVelocity: 0.6956861794109649 0.4433750348199526 0.05206763612586912
acceleration: 0.5187789363261894 0.26967343759877305 0.4561188700156344
accel: 0.02893748
brake: 0.0
steer: 0.12040948976275595
linkid: A219BS010813
trafficlightid: null
turn_signal_lamp: 2.0