position: 0.46654952181252846 0.5451131944359782 0.8147032291402099
orientation: 0.3019322732098391 0.6680626877440832 0.23487224447401447
enu_velocity: 0.817654397865499 0.29666283464698867 0.6301534943818188
velocity: 0.3748077091603679 0.042952147934234575 0.488073672892983
angularVelocity: 0.5769331983379813 0.43611631961436165 0.05680132802775367
acceleration: 0.5124361743186941 0.30114977165979184 0.431968784783035
accel: 0.01180071
brake: 0.0
steer: 0.13552161195970108
linkid: A219BS010813
trafficlightid: null
turn_signal_lamp: 2.0