position: 0.4672472853088147 0.5452168188523281 0.8147995690976451
orientation: 0.3104019886873872 0.6645700811941043 0.23194285191003752
enu_velocity: 0.8168753704428813 0.29439170297583644 0.6186228431711723
velocity: 0.3737362942447075 0.0501339240206215 0.47472242302269185
angularVelocity: 0.5240685569330913 0.43842757216827294 0.060646250385111955
acceleration: 0.5151786555746461 0.3051234006825964 0.42354752725272415
accel: 0.01954413
brake: 0.0
steer: 0.11902827429314272
linkid: A219BS010813
trafficlightid: null
turn_signal_lamp: 2.0