position: 0.4679444463202762 0.5453143477147764 0.8143974227601689
orientation: 0.31335756614545135 0.6613144487646984 0.22903247568196994
enu_velocity: 0.8162756727464331 0.29203308600936156 0.6039819455547993
velocity: 0.37291191799387247 0.05583662629836339 0.4580739083309281
angularVelocity: 0.4718829977383051 0.44010355104363064 0.06302370643772381
acceleration: 0.5235517734621279 0.2774408712094943 0.416757687990004
accel: 0.01701906
brake: 0.0
steer: 0.1264218394540137
linkid: A219BS010813
trafficlightid: null
turn_signal_lamp: 2.0