position: 0.050421696773019845 0.06355834054640574 0.7718501942855807
orientation: 0.8977790716591953 0.462569884202685 0.49755141384265406
enu_velocity: 0.8953542861594442 0.9952282977148261 0.6997768957176437
velocity: 0.9998269981499608 0.5085120503351501 0.7130682011407404
angularVelocity: 0.5509495637832001 0.5174304828832821 0.5227958040320171
acceleration: 0.5887886301715035 0.5102801164501307 0.41965985839572517
accel: 0.02719069
brake: 0.0
steer: 0.566460838479038
linkid: A219BS010380
trafficlightid: null
turn_signal_lamp: 0.0