position: 0.4700325726534944 0.545588647640411 0.8099694339589594
orientation: 0.29330373543452865 0.6538135942324561 0.2203941817903623
enu_velocity: 0.8143569128626291 0.28514092950520975 0.553326546429371
velocity: 0.37039292131570867 0.07299208045370037 0.3998910881505826
angularVelocity: 0.3527704710544746 0.4536345003798377 0.07146954568635405
acceleration: 0.5290268091841077 0.3004352303686033 0.41201882225866154
accel: 0.02256314
brake: 0.0
steer: 0.14917127071823205
linkid: A219BS010813
trafficlightid: null
turn_signal_lamp: 2.0