position: 0.47142224693634105 0.545747132041889 0.8055764778695438
orientation: 0.26780103817119627 0.6532256133317862 0.21474441195104924
enu_velocity: 0.8131486532627357 0.2805664884362029 0.5196556542402471
velocity: 0.36887903048676374 0.08283961677642826 0.362949479376944
angularVelocity: 0.3335199018057987 0.47663646607147403 0.07905081038865797
acceleration: 0.531635971519857 0.2897970500200385 0.412832440136404
accel: 0.02916991
brake: 0.0
steer: 0.06946701332466687
linkid: A219BS010813
trafficlightid: null
turn_signal_lamp: 2.0