position: 0.47211622338515763 0.5458202786887245 0.8033124888698155
orientation: 0.2529283081362535 0.654877305134577 0.2119226891137615
enu_velocity: 0.81245366534107 0.27729058363239917 0.5032340605751375
velocity: 0.3678377787178681 0.07922390672294877 0.34561374748321194
angularVelocity: 0.3060688239148321 0.49182642975117136 0.0730497567163183
acceleration: 0.49378517482645246 0.1046099497534933 0.41214230973585453
accel: 0.02828488
brake: 0.0
steer: 0.07588560285992851
linkid: A219BS010813
trafficlightid: null
turn_signal_lamp: 2.0