position: 0.472808134171718 0.5458873297816567 0.8014010165325207
orientation: 0.2343298428649599 0.6584935658497271 0.20902955911310223
enu_velocity: 0.811527867106445 0.27347194469140973 0.48743249825270585
velocity: 0.3664228529241761 0.07170875602154586 0.3293243192573415
angularVelocity: 0.2815349231624255 0.5092898378797347 0.06346397607709636
acceleration: 0.5046149676808385 0.14900709907589882 0.41362929615954747
accel: 0.07160917
brake: 0.0
steer: 0.0818979525511862
linkid: A219BS010813
trafficlightid: null
turn_signal_lamp: 2.0