position: 0.4734990981964109 0.5459543808745897 0.7994639995095418
orientation: 0.2151507932785205 0.6633139401790369 0.20609946508197932
enu_velocity: 0.8109281694099967 0.2700379435336303 0.47261402564182203
velocity: 0.36559872595554577 0.06713991610690534 0.31512244081133656
angularVelocity: 0.28282668639322583 0.5196339360904642 0.05871283204536282
acceleration: 0.5311949221120007 0.1782831921844496 0.41752466211106815
accel: 0.0812464
brake: 0.0
steer: 0.0887227819304518
linkid: A219BS010813
trafficlightid: null
turn_signal_lamp: 2.0