position: 0.47418989008258255 0.5460153364136193 0.7970066007467809
orientation: 0.19684699279657697 0.6684913792734808 0.20315515538072706
enu_velocity: 0.8105285982330568 0.2668946214341222 0.4559395523300457
velocity: 0.36515550219564713 0.06479693033883899 0.29974189025278186
angularVelocity: 0.29215666549750596 0.5220842210852783 0.05720114045702168
acceleration: 0.5447717409260081 0.2045133171348138 0.40972690104319487
accel: 0.08405542
brake: 0.0
steer: 0.09627884302892431
linkid: A219BS010813
trafficlightid: null
turn_signal_lamp: 2.0