position: 0.47488094017653615 0.5460701963987464 0.7936456499589823
orientation: 0.18037846898766924 0.6733694826366745 0.2002146927883533
enu_velocity: 0.8102071002638976 0.2640447124360754 0.4402878722077629
velocity: 0.36490248075790976 0.06476106650903074 0.2855614628195525
angularVelocity: 0.3133289295370927 0.520218409385129 0.05854792925025554
acceleration: 0.5520843442190532 0.23158241820289727 0.4172819173780516
accel: 0.08494245
brake: 0.0
steer: 0.10424114397140077
linkid: A219BS010813
trafficlightid: null
turn_signal_lamp: 2.0