position: 0.4755723345475325 0.5461189608299701 0.7894424543917886
orientation: 0.16668353081126194 0.6778417010023754 0.19728927885834469
enu_velocity: 0.8099231047089566 0.2613430404807993 0.42714407308671515
velocity: 0.364749421484244 0.06577143716259515 0.2739792239093337
angularVelocity: 0.3397451280613492 0.5178577868886253 0.0610987166834131
acceleration: 0.5555899626755744 0.24250966786488254 0.4229887245516801
accel: 0.09073251
brake: 0.0
steer: 0.04021774455638605
linkid: A219BS010813
trafficlightid: null
turn_signal_lamp: 2.0