position: 0.4762635567800075 0.5461616297072913 0.7847217964774611
orientation: 0.15427389341518513 0.6822782841619753 0.1943524989684871
enu_velocity: 0.8092952802018448 0.2578124058129273 0.41702350126327614
velocity: 0.364032236581416 0.06000725403375334 0.2647552012166038
angularVelocity: 0.3381675260699255 0.5217137403745462 0.054690810233968656
acceleration: 0.5035862051115355 0.06799220187962568 0.428021845117601
accel: 0.09461004
brake: 0.0
steer: 0.047448813779655485
linkid: A219BS010813
trafficlightid: null
turn_signal_lamp: 2.0