position: 0.4769529715580083 0.5462042985846116 0.7800011385631334
orientation: 0.13960895373329155 0.687331356387126 0.1913356038582666
enu_velocity: 0.8084124392780513 0.2536982838259686 0.41024383842057893
velocity: 0.36294686186229425 0.04994630142329942 0.2583901799705092
angularVelocity: 0.3240399845318888 0.5270883636289327 0.043604443907218515
acceleration: 0.5172620710602862 0.10880513720972629 0.4353118523964443
accel: 0.1441989
brake: 0.0
steer: 0.054029899252518665
linkid: A219BS010813
trafficlightid: null
turn_signal_lamp: 2.0