position: 0.4790213880305321 0.5462957318931574 0.7610265460373622
orientation: 0.10402010369858875 0.6970854250011473 0.18209577448795777
enu_velocity: 0.8075713624064549 0.24334933777101103 0.3913157910327769
velocity: 0.36286734083900535 0.03643058432072227 0.24132860248395752
angularVelocity: 0.3864995978061598 0.49944421081764956 0.0345115867764022
acceleration: 0.571796147583352 0.195497239111876 0.4441013618291223
accel: 0.1620469
brake: 0.0
steer: 0.07889177770555744
linkid: A219BS010813
trafficlightid: null
turn_signal_lamp: 2.0