position: 0.483175090550672 0.5463444963243811 0.7134681800798162
orientation: 0.08457005935432055 0.6952569825760946 0.16319549850995774
enu_velocity: 0.8064737349285043 0.22305068135503106 0.4258040470438189
velocity: 0.36489051521208576 0.01533258225404699 0.27212955365325575
angularVelocity: 0.4633283749188632 0.45512338542075587 0.0183750103745971
acceleration: 0.5955764655908077 0.20855614480961016 0.4790334961968561
accel: 0.2228947
brake: 0.0
steer: 0.07580435489112775
linkid: A219BS010813
trafficlightid: null
turn_signal_lamp: 2.0