position: 0.052309496902018734 0.06591122435295738 0.7875353611434677
orientation: 0.9229123086404432 0.4728509975149432 0.49756484036224424
enu_velocity: 0.8953094537279018 0.9952372885892931 0.6911293830691732
velocity: 0.9997998263896521 0.5088493576046071 0.7222856838905509
angularVelocity: 0.5468446621437869 0.5223888441353162 0.5231953461515921
acceleration: 0.5837994384969135 0.5164227003339334 0.48030715860006395
accel: 0.02853894
brake: 0.0
steer: 0.5665420864478389
linkid: A219BS010380
trafficlightid: null
turn_signal_lamp: 0.0