position: 0.48387147693878735 0.5463323052165752 0.7042888797414584
orientation: 0.08585976890388095 0.6902434654297163 0.16001955778086266
enu_velocity: 0.8066462460339067 0.22026066997135796 0.438063202766371
velocity: 0.36589960957657924 0.017239901991043194 0.28203564879285736
angularVelocity: 0.4801926705479743 0.4398300284403278 0.02155734675666543
acceleration: 0.5999499854219305 0.22856729024216155 0.48746569505161114
accel: 0.2236743
brake: 0.0
steer: 0.040623984400390056
linkid: A219BS010813
trafficlightid: null
turn_signal_lamp: 2.0