position: 0.4845695847121163 0.5463201141087684 0.6948599713315642
orientation: 0.08848276977096298 0.6836089027577943 0.1568653603412068
enu_velocity: 0.8068562595535269 0.2175775069572 0.4524757537691374
velocity: 0.366985732142315 0.01999965019515748 0.29326978834128736
angularVelocity: 0.49026572333118246 0.4257076113458732 0.0250409306982865
acceleration: 0.6048008666148504 0.23980294187865597 0.49149125958339956
accel: 0.2274605
brake: 0.0
steer: 0.050454988625284414
linkid: A219BS010813
trafficlightid: null
turn_signal_lamp: 2.0