position: 0.48596812412881235 0.5462713496775446 0.678250816700094
orientation: 0.09229657197955396 0.6701031596454381 0.15047835401172624
enu_velocity: 0.8063324190131104 0.2104688311924495 0.4963312298778411
velocity: 0.3679756317770492 0.010954368311638651 0.32826720288385325
angularVelocity: 0.5064635208465693 0.43723633722420535 0.01635185238988579
acceleration: 0.5899279219133127 0.19159480338069945 0.5422704552274802
accel: 0.2657156
brake: 0.0
steer: 0.06995450113747159
linkid: A219BS010813
trafficlightid: null
turn_signal_lamp: 2.0