position: 0.4909140941934587 0.5459360942128813 0.6930346210774307
orientation: 0.2191474148603421 0.6716942715978569 0.1285235557873807
enu_velocity: 0.8076794375456102 0.1895478632267309 0.7005232995591953
velocity: 0.3769393212924786 0.015360849312023972 0.550541550873344
angularVelocity: 0.6344935819195987 0.49566487377520707 0.03160352648048348
acceleration: 0.6346775962856753 0.23143343396546023 0.4536780725203071
accel: 0.2790111
brake: 0.0
steer: 0.10805979850503739
linkid: A219BS010813
trafficlightid: null
turn_signal_lamp: 2.0