position: 0.49234594241403573 0.5457958964731118 0.7020861979873709
orientation: 0.2427232360423967 0.6693762014409737 0.12235012428298961
enu_velocity: 0.8086947301778007 0.1845156912214941 0.6839858090811181
velocity: 0.3805955433883349 0.02612282496030688 0.5389448368894636
angularVelocity: 0.5355830433699981 0.4467469828981601 0.03722331061151968
acceleration: 0.6352638173836057 0.27780757803490563 0.43099451391178273
accel: 0.2689406
brake: 0.0
steer: 0.10399740006499836
linkid: A219BS010813
trafficlightid: null
turn_signal_lamp: 2.0