position: 0.49306573964105455 0.5457166542723737 0.7037619293682145
orientation: 0.24746692718397234 0.6644660263922888 0.11929811197377566
enu_velocity: 0.809229139580406 0.1821912232309484 0.6701559288342761
velocity: 0.38245793073940487 0.03317050919041553 0.5244656648636771
angularVelocity: 0.4945590804200258 0.425179136780661 0.041465070603285414
acceleration: 0.6383123924248849 0.28887997608887384 0.4231782098434707
accel: 0.2692598
brake: 0.0
steer: 0.11472213194670133
linkid: A219BS010813
trafficlightid: null
turn_signal_lamp: 2.0