position: 0.49523821384973354 0.5454545454545459 0.6982231116638493
orientation: 0.23795963316438107 0.6393364354017811 0.11023621960941543
enu_velocity: 0.81049910769824 0.17458016192156242 0.6123311928942713
velocity: 0.3877925699192866 0.048659090270673 0.45507835287613607
angularVelocity: 0.4002258481929582 0.38417763427953977 0.05003833023177917
acceleration: 0.6409249728040974 0.27841164697701626 0.40703191606604683
accel: 0.2670099
brake: 0.0
steer: 0.14616509587260323
linkid: A219BS010813
trafficlightid: null
turn_signal_lamp: 2.0