position: 0.4974319471657991 0.5451497677593959 0.6814964514782345
orientation: 0.21056408323149195 0.607676336541167 0.10144995999171173
enu_velocity: 0.8120701179229322 0.16768595938045522 0.5623225394570704
velocity: 0.3935058687680582 0.07019028500084534 0.3869643241753786
angularVelocity: 0.3520356975242225 0.3874294324589716 0.06738971369483504
acceleration: 0.644285906774958 0.30350574793769614 0.42226608823955525
accel: 0.2662236
brake: 0.0
steer: 0.15892102697432564
linkid: A219BS010813
trafficlightid: null
turn_signal_lamp: 2.0