position: 0.498167581136782 0.5450339522352392 0.6751489620099438
orientation: 0.19829353889087362 0.5981806231713793 0.0985894536935506
enu_velocity: 0.8125008842898807 0.16520251638229283 0.548124241814378
velocity: 0.3953380929723634 0.0754133306385405 0.3668702187567307
angularVelocity: 0.3358113548328859 0.39503916505249076 0.07154143656215256
acceleration: 0.6409865584869867 0.278033739482879 0.42396453802245426
accel: 0.271321
brake: 0.0
steer: 0.1689145271368216
linkid: A219BS010813
trafficlightid: null
turn_signal_lamp: 2.0