position: 0.5011324950284889 0.5445341168151945 0.644792387391727
orientation: 0.154413673082245 0.5637463235157865 0.08750627278774936
enu_velocity: 0.8148042143849374 0.15566626364390745 0.48557093206315716
velocity: 0.4034843861386885 0.09995196366835041 0.2842128393903378
angularVelocity: 0.3725030991684169 0.40449395181456316 0.09639743417993685
acceleration: 0.652570231658086 0.2990466543142215 0.4239791052509293
accel: 0.2745086
brake: 0.0
steer: 0.19613259668508287
linkid: A219BS010813
trafficlightid: null
turn_signal_lamp: 2.0