position: 0.5033798494939545 0.5441013324880819 0.6157765438478182
orientation: 0.13520491850968275 0.5382370394042706 0.0796117532793178
enu_velocity: 0.816707802837535 0.14832642023633333 0.45424782331045677
velocity: 0.40997370049058957 0.11582515340620697 0.2387427962528743
angularVelocity: 0.39646971727092645 0.406788393994441 0.11361217539906132
acceleration: 0.6627478937924829 0.29661841070796213 0.4374861543741364
accel: 0.2854282
brake: 0.0
steer: 0.22400064998375047
linkid: A219BS010813
trafficlightid: null
turn_signal_lamp: 2.0