position: 0.504133558009679 0.5439489436405083 0.6061534958267285
orientation: 0.1321614222429346 0.5307504033192626 0.07705523434510288
enu_velocity: 0.8173969949315487 0.14594410414211634 0.45566100859939807
velocity: 0.4122035298113392 0.12155912611683589 0.23610074651268442
angularVelocity: 0.42079260835423354 0.41824551176636554 0.11999499441184786
acceleration: 0.6615951300873847 0.3021934284909416 0.46634381330919883
accel: 0.2967514
brake: 0.0
steer: 0.22684432889177775
linkid: A219BS010398
trafficlightid: null
turn_signal_lamp: 2.0