position: 0.5056484630668067 0.5436197837297465 0.5901676315259374
orientation: 0.13061192054588366 0.5201657849566403 0.0720560204815254
enu_velocity: 0.8188875454311917 0.14103026430514543 0.47074833021875423
velocity: 0.4168877917192438 0.13174834050286038 0.2461932736251078
angularVelocity: 0.44150114882472574 0.44286172149845715 0.1316006607614344
acceleration: 0.6706399962850663 0.3003835231718821 0.4809481802653176
accel: 0.3108634
brake: 0.0
steer: 0.245206369840754
linkid: A219BS010398
trafficlightid: null
turn_signal_lamp: 2.0