position: 0.5071740407122579 0.5432784327111797 0.5784528386714429
orientation: 0.13245041345221012 0.5141335285382409 0.06720329268678302
enu_velocity: 0.8206637961409675 0.13619985569646484 0.4928918207244794
velocity: 0.4219666673571369 0.14310162767019907 0.26681781201413673
angularVelocity: 0.4529262958272437 0.45926811238034393 0.14358729917283847
acceleration: 0.6812004564496349 0.31477009169818715 0.48836359929498435
accel: 0.3320809
brake: 0.0
steer: 0.26015599610009754
linkid: A219BS010398
trafficlightid: null
turn_signal_lamp: 2.0