position: 0.5102627222008144 0.5425225840272105 0.5665263898498556
orientation: 0.14190389880472482 0.5107270166462025 0.057957298077886854
enu_velocity: 0.8252024405889311 0.12648268204324165 0.5422487195336623
velocity: 0.4335707539844031 0.16741924764045152 0.3203567495262901
angularVelocity: 0.47438566468699833 0.48623919774829183 0.16879333098588967
acceleration: 0.7005822092740883 0.33269269599789375 0.48693906429729744
accel: 0.3485875
brake: 0.0
steer: 0.2952551186220345
linkid: A219BS010398
trafficlightid: null
turn_signal_lamp: 1.0