position: 0.511043628602912 0.5423153351945089 0.5661979581767809
orientation: 0.14615275980642176 0.512345140084846 0.05575151271664032
enu_velocity: 0.8264456456202549 0.1240989560164378 0.5538025303583941
velocity: 0.43660975334150304 0.17393409782769426 0.3350247951035883
angularVelocity: 0.47659511071518595 0.49402558446433203 0.17555543634340592
acceleration: 0.699867312923021 0.3360080939407758 0.49171231250458214
accel: 0.3503081
brake: 0.0
steer: 0.3030549236269094
linkid: A219BS010398
trafficlightid: null
turn_signal_lamp: 1.0