position: 0.5118279777754365 0.5421080863618064 0.5666986340161793
orientation: 0.14950122003654073 0.5144165077098906 0.053584088839937205
enu_velocity: 0.8276787931859477 0.12171290053579484 0.5665749228775875
velocity: 0.4396377842815976 0.1802973659165355 0.3511354648896624
angularVelocity: 0.4664698473193389 0.4969346646834082 0.181466552051126
acceleration: 0.7012908633186081 0.3375789493711362 0.4907207390737438
accel: 0.3531426
brake: 0.0
steer: 0.3114234644133897
linkid: A219BS010398
trafficlightid: null
turn_signal_lamp: 1.0