position: 0.5126159418569094 0.5418947419752032 0.5677868376263002
orientation: 0.15189709701337684 0.516605043892596 0.051456067688072246
enu_velocity: 0.828984729528327 0.1193873086859408 0.5772908088737587
velocity: 0.4427420955763204 0.1873084796403865 0.3653358609486056
angularVelocity: 0.4596091433213829 0.49626820093147184 0.18804184029139498
acceleration: 0.706481493464229 0.35337158540709374 0.4824433885854315
accel: 0.3538328
brake: 0.0
steer: 0.3195482612934677
linkid: A219BS010398
trafficlightid: null
turn_signal_lamp: 1.0