position: 0.514202972954482 0.5414558620941881 0.5700026566473113
orientation: 0.1570536224146453 0.519367378163943 0.047351114831322635
enu_velocity: 0.8317885463876737 0.11499724858807514 0.5893575469193135
velocity: 0.4490960496910871 0.2035085072361018 0.3836298252788849
angularVelocity: 0.4610189063617006 0.4852142560862768 0.2043401463737895
acceleration: 0.7090002641561429 0.37200050694533526 0.4728868239259413
accel: 0.3488004
brake: 0.0
steer: 0.33482287942801436
linkid: A219BS010398
trafficlightid: null
turn_signal_lamp: 1.0