position: 0.5150019539013212 0.5412303265997771 0.5709675159179883
orientation: 0.15948928672690876 0.5198737188074349 0.04537730684732222
enu_velocity: 0.833206137645111 0.11287055940199245 0.5935918335251034
velocity: 0.45225919158611144 0.21184393262617401 0.39035131701370507
angularVelocity: 0.45851750164759864 0.4798875149721315 0.21259698698894142
acceleration: 0.7089828313732237 0.37752697826824777 0.4700221832172488
accel: 0.3466301
brake: 0.0
steer: 0.34497887552811185
linkid: A219BS010398
trafficlightid: null
turn_signal_lamp: 1.0