position: 0.5158045497571087 0.5409925999975611 0.5718564709797773
orientation: 0.1619155914389218 0.5199187260727407 0.043459177818030534
enu_velocity: 0.834671118316878 0.11086375535340168 0.5973962130619864
velocity: 0.45542632199641037 0.22102436638064527 0.396321500105947
angularVelocity: 0.4594671993041645 0.4757835394566976 0.22199297571605542
acceleration: 0.7109032541448534 0.4032689381827422 0.4694204008309682
accel: 0.34451
brake: 0.0
steer: 0.35269743256418595
linkid: A219BS010398
trafficlightid: null
turn_signal_lamp: 1.0