position: 0.5166108465911051 0.5407548733953442 0.5726687919845155
orientation: 0.164638873737258 0.5195537859270584 0.04160445484247706
enu_velocity: 0.8361640553337895 0.10894301849402449 0.600561863009626
velocity: 0.45858397968293196 0.23061820585802972 0.40136876645340636
angularVelocity: 0.461017452879444 0.4718452072508675 0.23167444558996075
acceleration: 0.7098773843517555 0.40252702429839327 0.46839564560732067
accel: 0.3399163
brake: 0.0
steer: 0.36000974975625616
linkid: A219BS010398
trafficlightid: null
turn_signal_lamp: 1.0