position: 0.518234284985943 0.5402672290831063 0.5742912444495047
orientation: 0.1724722448101378 0.5190056451868097 0.03806927963543874
enu_velocity: 0.839137826315751 0.10501829745123015 0.5953247740905319
velocity: 0.4649055271110919 0.2480559772549118 0.400425706684432
angularVelocity: 0.4790120222107389 0.47703970711445576 0.2497436470528856
acceleration: 0.7101432913855409 0.39892522679052667 0.4482084344570933
accel: 0.3319222
brake: 0.0
steer: 0.3735781605459864
linkid: A219BS010398
trafficlightid: null
turn_signal_lamp: 1.0