position: 0.5190514265467845 0.5400112158191819 0.5752750797724042
orientation: 0.1779204717296346 0.519767383352429 0.03638449803641261
enu_velocity: 0.8405687138836835 0.103032376751969 0.588007781271269
velocity: 0.467995380037944 0.2558603352932416 0.39621869220325445
angularVelocity: 0.4857413008130703 0.483144973970629 0.2583072881779966
acceleration: 0.708585835901941 0.3964714517969249 0.4414450801968866
accel: 0.3289826
brake: 0.0
steer: 0.38259668508287303
linkid: A219BS010398
trafficlightid: null
turn_signal_lamp: 1.0