position: 0.5198717526702709 0.5397552025552557 0.5762581852471413
orientation: 0.18345423599968225 0.5210283707555261 0.03475320330726414
enu_velocity: 0.8419764181410088 0.10113313625608958 0.5827925503600422
velocity: 0.4710057119415072 0.2639115000815328 0.39441000558947115
angularVelocity: 0.48423151524377767 0.48581078954264956 0.2670454506015977
acceleration: 0.7074421996670263 0.418211596896218 0.4499008649212392
accel: 0.3281841
brake: 0.0
steer: 0.38885277868053303
linkid: A219BS010398
trafficlightid: null
turn_signal_lamp: 1.0