position: 0.057028992921052915 0.07180562497714149 0.8249510271883036
orientation: 0.9705985684798586 0.5004039963315693 0.4976237526420788
enu_velocity: 0.8950791548115 0.9954878070460258 0.6565051944860011
velocity: 0.9998908143943558 0.5110305621664156 0.7356457408839735
angularVelocity: 0.4604367484683931 0.509930238202534 0.5238440596668487
acceleration: 0.5863837441963677 0.532039252053098 0.4449549918759076
accel: 0.02643508
brake: 0.0
steer: 0.566867078323042
linkid: A219BS010380
trafficlightid: null
turn_signal_lamp: 0.0