position: 0.5223535598018132 0.5389566849939653 0.57788355710478
orientation: 0.19754039823906527 0.5251366111261095 0.030174760127007177
enu_velocity: 0.8462305556374736 0.09564651641416955 0.5648025930150244
velocity: 0.4799409832856046 0.2877362132283118 0.3867210382987777
angularVelocity: 0.46830280319353 0.4848101044365549 0.2903374994013225
acceleration: 0.7048873453982402 0.415809145514792 0.44481682107769827
accel: 0.3190998
brake: 0.0
steer: 0.40558986025349375
linkid: A219BS010398
trafficlightid: null
turn_signal_lamp: 1.0