position: 0.5231876570070074 0.5386762895144281 0.5778207901628147
orientation: 0.20084842065960823 0.5264432472282223 0.028738122530856197
enu_velocity: 0.8476097921530972 0.09382469960773224 0.5587937413746147
velocity: 0.48285534154037074 0.29498759694496707 0.3839598743982162
angularVelocity: 0.4606426457049026 0.4845865074610599 0.2970032214053545
acceleration: 0.7038875105909865 0.417802833861248 0.4468703422837503
accel: 0.3172962
brake: 0.0
steer: 0.4146896327591811
linkid: A219BS010398
trafficlightid: null
turn_signal_lamp: 1.0