position: 0.5240251109133679 0.5383958940348901 0.5775529358872182
orientation: 0.20373854957707976 0.5278171269642482 0.027348340747968908
enu_velocity: 0.8490664200144248 0.09215405209517005 0.5535248753106126
velocity: 0.4857893930893058 0.3034322038464753 0.3819903923878552
angularVelocity: 0.45903016013932013 0.48481889501815656 0.305348413427867
acceleration: 0.707503709224226 0.4557975581928443 0.4482762340915449
accel: 0.3157002
brake: 0.0
steer: 0.4198082547936302
linkid: A219BS010398
trafficlightid: null
turn_signal_lamp: 1.0