position: 0.5274085796197338 0.5372377387933236 0.5757100692771875
orientation: 0.20961374050027676 0.5353020881945693 0.02225897739571442
enu_velocity: 0.8546131975427735 0.08538809211804774 0.5400658181869756
velocity: 0.4971464410517466 0.33181992682718703 0.3826391547254575
angularVelocity: 0.4235073100595125 0.49400809292777637 0.3313168851636965
acceleration: 0.6997793116258392 0.42663491404944376 0.4569318951852925
accel: 0.3063832
brake: 0.0
steer: 0.44207019824504395
linkid: A219BS010398
trafficlightid: null
turn_signal_lamp: 1.0