position: 0.5282628170319259 0.5369390566520771 0.5754268881901812
orientation: 0.20910228713215412 0.537909409319376 0.021097172435256634
enu_velocity: 0.8561502851291507 0.08401773981267516 0.5395302745527367
velocity: 0.4999974816265274 0.3412455773096086 0.38617979262277
angularVelocity: 0.423961538564518 0.4953129386104069 0.3408445581433075
acceleration: 0.7020974149999581 0.46419052613683726 0.46039785072948264
accel: 0.3020799
brake: 0.0
steer: 0.4461325966850829
linkid: A219BS010398
trafficlightid: null
turn_signal_lamp: 1.0