position: 0.5291204111452841 0.5366342789569281 0.5750772909203969
orientation: 0.20839099365057728 0.540502725808185 0.01997981199474841
enu_velocity: 0.8575704333693754 0.08245868131252876 0.5377690666908915
velocity: 0.5027929322696673 0.34831804821618084 0.3884547335670854
angularVelocity: 0.4220584865960249 0.4943961906523709 0.3472735856362625
acceleration: 0.7001410609028355 0.4465654606973138 0.4559429605538219
accel: 0.3004051
brake: 0.0
steer: 0.4498700032499188
linkid: A219BS010398
trafficlightid: null
turn_signal_lamp: 1.0