position: 0.5299813619598088 0.5363295012617799 0.5745839135626221
orientation: 0.20735858276427083 0.5429747044202193 0.018897744120020155
enu_velocity: 0.8589128493328576 0.0808253867966148 0.5362394818996844
velocity: 0.5055238188217983 0.3541892398263766 0.39080048029340797
angularVelocity: 0.41810606710268583 0.49333959285840534 0.35261582140680225
acceleration: 0.6984634029553516 0.4376183665190225 0.45764204232543226
accel: 0.299666
brake: 0.0
steer: 0.4532824179395516
linkid: A219BS010398
trafficlightid: null
turn_signal_lamp: 1.0