position: 0.5308454973369784 0.5360186280127275 0.5740117126033102
orientation: 0.20595648573680037 0.545374557375105 0.017845927015960383
enu_velocity: 0.8602162286924493 0.07915504579113672 0.5357173492977879
velocity: 0.5082218001229134 0.35937656296955334 0.3940397576209954
angularVelocity: 0.415184234613456 0.4930092613007551 0.35726483081498767
acceleration: 0.6974371525338056 0.43345334415144043 0.4610460001587129
accel: 0.2989489
brake: 0.0
steer: 0.46571335716607093
linkid: A219BS010398
trafficlightid: null
turn_signal_lamp: 1.0