position: 0.5317128172767929 0.5357016592097716 0.573462866785194
orientation: 0.20488016784545832 0.5477881298843394 0.01683181377099477
enu_velocity: 0.8616334790188482 0.07769525471862548 0.5362120404499715
velocity: 0.5109484488775651 0.3664170214329667 0.3983746933856761
angularVelocity: 0.4222053265534761 0.49278724892439063 0.3646649305102794
acceleration: 0.7011116634452812 0.49134680830040134 0.4628909269226078
accel: 0.2983958
brake: 0.0
steer: 0.469369515762106
linkid: A219BS010398
trafficlightid: null
turn_signal_lamp: 1.0