position: 0.5343344008876701 0.5347385616931009 0.5698931794229529
orientation: 0.21271852588681125 0.5525807443880963 0.014135165813954798
enu_velocity: 0.8660072833097722 0.07362913174103589 0.5200230123979339
velocity: 0.5190900056820016 0.38727005410844906 0.3925244092469561
angularVelocity: 0.47699914053299197 0.4718899420617499 0.38766832504869486
acceleration: 0.6976294460257442 0.44572752792955794 0.4297872309972811
accel: 0.2911561
brake: 0.0
steer: 0.4827754306142347
linkid: A219BS010398
trafficlightid: null
turn_signal_lamp: 1.0