position: 0.5352147172858466 0.5344094017823391 0.5662950279823789
orientation: 0.219673250934641 0.5515373455534531 0.013305132892676763
enu_velocity: 0.8673232771177827 0.07197460650109702 0.5070741938883394
velocity: 0.5217882362653212 0.39067630526231917 0.38095594781648745
angularVelocity: 0.49500770919339004 0.4587323350358811 0.3921770232992874
acceleration: 0.6985840621733732 0.43981293042021846 0.4290982297159693
accel: 0.2886472
brake: 0.0
steer: 0.485619109522262
linkid: A219BS010398
trafficlightid: null
turn_signal_lamp: 1.0