position: 0.5360981321774071 0.5340802418715782 0.5614933569220257
orientation: 0.2288534648698065 0.5492437211479553 0.012521626971937871
enu_velocity: 0.8687565512029838 0.07065315229254021 0.49672109235820705
velocity: 0.524445086002666 0.3967505250164346 0.3708560959679944
angularVelocity: 0.5124249783220771 0.4489887461196143 0.4000685591055545
acceleration: 0.6950134628282064 0.4679837630196267 0.4406354110558585
accel: 0.2860886
brake: 0.0
steer: 0.4883815404614885
linkid: A219BS010398
trafficlightid: null
turn_signal_lamp: 1.0