position: 0.5387676563664799 0.5330622843697803 0.5484560791972837
orientation: 0.24622705118169108 0.5446296033915593 0.010350147738297288
enu_velocity: 0.8727285682652184 0.06640251205032602 0.5041296374658643
velocity: 0.5321249721640585 0.4095466158236517 0.3792048998996337
angularVelocity: 0.4583133638896103 0.46384715214912153 0.41252442182630783
acceleration: 0.6925351148774719 0.4691100439618576 0.47255999956743605
accel: 0.2870572
brake: 0.0
steer: 0.4996750081247969
linkid: A219BS010398
trafficlightid: null
turn_signal_lamp: 1.0