position: 0.5432843990281437 0.5313128603996242 0.5300872606462952
orientation: 0.26979600986147717 0.5406039654287185 0.007336907929532566
enu_velocity: 0.879817035948962 0.060105630514701025 0.49148325838176055
velocity: 0.5450450195497637 0.43342360536077684 0.3717086429269645
angularVelocity: 0.5003766814016618 0.44445783227555963 0.436652417729817
acceleration: 0.695603284671255 0.49501085390829697 0.4404046095418209
accel: 0.2802888
brake: 0.0
steer: 0.5135684107897304
linkid: A219BS010398
trafficlightid: null
turn_signal_lamp: 1.0