position: 0.5460349143915111 0.5302278518048933 0.5149779439885327
orientation: 0.2875080270316819 0.5333241917151281 0.005840262011131497
enu_velocity: 0.8838647397017092 0.05632864588643999 0.5011316164459112
velocity: 0.5525092766041189 0.44369679057590417 0.3790420989205606
angularVelocity: 0.45504961920677356 0.45336973967760935 0.4469898199545074
acceleration: 0.6907414413790322 0.48378621881994666 0.4736631665560607
accel: 0.2803171
brake: 0.0
steer: 0.5224244393890154
linkid: A219BS010398
trafficlightid: null
turn_signal_lamp: 1.0