position: 0.5469586957663279 0.5298621185707146 0.5108980927607822
orientation: 0.29002828912072587 0.5318124037314906 0.005379485779644283
enu_velocity: 0.8852683527865742 0.05519640871779713 0.5067640615212706
velocity: 0.5549881388473313 0.447980186205711 0.38457515222807137
angularVelocity: 0.4440530161478054 0.45689175144451266 0.4507825842419761
acceleration: 0.6912896985955572 0.514919083607315 0.47505067916522153
accel: 0.2802404
brake: 0.0
steer: 0.5238869028274293
linkid: A219BS010398
trafficlightid: null
turn_signal_lamp: 1.0