position: 0.05985783131163383 0.07534714179477486 0.8374401889430922
orientation: 0.972252941064657 0.508830689153527 0.49766562146235194
enu_velocity: 0.8947423149456155 0.9958090264701562 0.6171605738629213
velocity: 1.0 0.5143406134552256 0.7113454929765372
angularVelocity: 0.39639332912843467 0.4841100199365515 0.5244455493052911
acceleration: 0.588197651217973 0.5355087282361801 0.4199193172740772
accel: 0.02435805
brake: 0.0
steer: 0.5671920701982451
linkid: A219BS010380
trafficlightid: null
turn_signal_lamp: 0.0