position: 0.5525752314408875 0.5276128591805129 0.49407947170670585
orientation: 0.2956798567887204 0.5268204458848036 0.0030926480817695667
enu_velocity: 0.8938059478488019 0.04875036040124642 0.5407772043329663
velocity: 0.5697748113815859 0.47183055170760413 0.4214137787005394
angularVelocity: 0.4287936212018692 0.46456642392185415 0.47283379652541974
acceleration: 0.6902731161365908 0.5228339425678807 0.47447290408036663
accel: 0.2776672
brake: 0.0
steer: 0.5385115372115697
linkid: A219BS010398
trafficlightid: null
turn_signal_lamp: 1.0