position: 0.5535238007627785 0.5272288392846258 0.49233294505411074
orientation: 0.2963554289764984 0.5263415799852156 0.002797100244422923
enu_velocity: 0.8952492793996341 0.04774113474235325 0.5456895021059989
velocity: 0.5722222640670102 0.4754472511081128 0.42711992249731645
angularVelocity: 0.42586136227242005 0.46516159146811675 0.4762732245953262
acceleration: 0.6899662534817987 0.5119142817425417 0.4724993515515928
accel: 0.2769019
brake: 0.0
steer: 0.5427364315892104
linkid: A219BS010398
trafficlightid: null
turn_signal_lamp: 1.0