position: 0.5544758989243571 0.5268448193887378 0.49081194148369356
orientation: 0.2967821368017964 0.5259064741187198 0.0025226512235751453
enu_velocity: 0.8967103393644602 0.046777885146074144 0.5499825674532737
velocity: 0.5746642325439317 0.4792593818807098 0.4322563064669571
angularVelocity: 0.42485233959006447 0.46546180847215607 0.48004986549465034
acceleration: 0.6899159344009708 0.5312338349800874 0.47092070609073955
accel: 0.2765577
brake: 0.0
steer: 0.5436301592460189
linkid: A219BS010398
trafficlightid: null
turn_signal_lamp: 1.0