position: 0.5563911121128808 0.5260645884891559 0.4881662418950361
orientation: 0.2978471936485391 0.5249088308887107 0.0020411597904344825
enu_velocity: 0.8996026278282574 0.044807657609518575 0.555745882301405
velocity: 0.5795347082587229 0.4856105834691772 0.4396422564023861
angularVelocity: 0.425331720988016 0.4637221803367022 0.48609682025168943
acceleration: 0.6895573062772482 0.5108354854983561 0.4647008366773552
accel: 0.2752523
brake: 0.0
steer: 0.5451738706532337
linkid: A219BS010398
trafficlightid: null
turn_signal_lamp: 1.0