position: 0.060799893797417875 0.07652358369805068 0.8403559323518335
orientation: 0.9708302095516925 0.5112423373616319 0.4976835965579665
enu_velocity: 0.8944625810286537 0.9955515605195173 0.6118391318843075
velocity: 0.9995258652467227 0.5153545545915508 0.7098739186204381
angularVelocity: 0.4074032200751909 0.49302449066072407 0.5249351717829998
acceleration: 0.5634785253235913 0.5324157632994899 0.4466656918073812
accel: 0.03333563
brake: 0.0
steer: 0.5671920701982451
linkid: A219BS010380
trafficlightid: null
turn_signal_lamp: 0.0