position: 0.5583211292142405 0.5252782620356706 0.4853278623915078
orientation: 0.2991531487899627 0.5231090391693632 0.0016163885522972876
enu_velocity: 0.9024393445328043 0.04273996082022116 0.5571584661585076
velocity: 0.5843944648387133 0.49031014086005 0.4419779752162323
angularVelocity: 0.42772721657000373 0.4598717120016176 0.490697459495441
acceleration: 0.6893238287872341 0.5271979302391665 0.46136343692445736
accel: 0.2741668
brake: 0.0
steer: 0.5495612609684759
linkid: A219BS010398
trafficlightid: null
turn_signal_lamp: 1.0