position: 0.5592915601283427 0.5248820510319776 0.4838528392553214
orientation: 0.300002325806456 0.5220090516274313 0.0014307189671071419
enu_velocity: 0.9038777325835805 0.041773033138932936 0.5583106569592575
velocity: 0.5868080151443028 0.49294809337810597 0.4433582519691768
angularVelocity: 0.42668065579589437 0.45952764247141537 0.49343537144131483
acceleration: 0.6887205326971255 0.5168389253311255 0.4636830978960692
accel: 0.2738213
brake: 0.0
steer: 0.5501299967500813
linkid: A219BS010398
trafficlightid: null
turn_signal_lamp: 1.0