position: 0.5602657780899147 0.5244858400282837 0.4824077398937927
orientation: 0.3005647669520971 0.5208808410022672 0.0012579826824202223
enu_velocity: 0.905289698478885 0.04076135542336701 0.5591851747590367
velocity: 0.5892153333947756 0.4949591355509665 0.4444254834543804
angularVelocity: 0.4234430890934899 0.4591856773749 0.49532256146892983
acceleration: 0.6885127856901974 0.5121797713467868 0.46226553958302424
accel: 0.2730767
brake: 0.0
steer: 0.5506987325316868
linkid: A219BS010398
trafficlightid: null
turn_signal_lamp: 1.0