position: 0.5612436970296956 0.5240835334706864 0.4809538823543149
orientation: 0.3006971059176452 0.51970220656047 0.0010945627582652495
enu_velocity: 0.9066839359601957 0.03972311376051296 0.5594866088059316
velocity: 0.5916164195901318 0.4965750749209538 0.44486950197898667
angularVelocity: 0.4195741163114751 0.45876873779509125 0.4966971348461619
acceleration: 0.6882091203143686 0.5093707817207542 0.461148654590816
accel: 0.2726367
brake: 0.0
steer: 0.5541111472213196
linkid: A219BS010398
trafficlightid: null
turn_signal_lamp: 1.0