position: 0.5622253169476855 0.523681226913089 0.4794773995218038
orientation: 0.3006419673923091 0.5184836963230453 0.000942377268869421
enu_velocity: 0.9081146530626091 0.03876599430591576 0.5593365291207013
velocity: 0.5940140158346225 0.49885500748282025 0.4448211064013833
angularVelocity: 0.4192555145308064 0.4584495199417499 0.49898852016747297
acceleration: 0.6881209667658077 0.5308397524928393 0.459943093980729
accel: 0.2722746
brake: 0.0
steer: 0.5545986350341242
linkid: A219BS010398
trafficlightid: null
turn_signal_lamp: 1.0