position: 0.5651925547094306 0.5224682116863955 0.4743151834692312
orientation: 0.3020094736500511 0.5141655289533198 0.0005685720030542407
enu_velocity: 0.9123744159212068 0.03584191672365997 0.5536880967303472
velocity: 0.6011993261019549 0.504114764962063 0.43888981416970196
angularVelocity: 0.4246536829901649 0.4547507895211392 0.5042069449759136
acceleration: 0.6877605116255348 0.5113312194244759 0.45407414051364114
accel: 0.2701685
brake: 0.0
steer: 0.5584172895677609
linkid: A219BS010398
trafficlightid: null
turn_signal_lamp: 1.0