position: 0.5661892367480386 0.5220537140209922 0.4722504430178347
orientation: 0.3030130468490996 0.5124873601923958 0.00046894174748288164
enu_velocity: 0.9138341121618795 0.03497184528094546 0.5516193417606801
velocity: 0.6035804697209376 0.5065468431967993 0.4364551242196758
angularVelocity: 0.42757427963698136 0.4547784016987476 0.5070309177371052
acceleration: 0.6871304954183753 0.5264238382144723 0.4573308147454067
accel: 0.2692224
brake: 0.0
steer: 0.558742281442964
linkid: A219BS010398
trafficlightid: null
turn_signal_lamp: 1.0