position: 0.5671895336955949 0.5216453119094924 0.470236791937805
orientation: 0.303762967653872 0.5109808818544674 0.0003818063754485457
enu_velocity: 0.9152581811090452 0.034048237267542525 0.5508159455199702
velocity: 0.6059486506652777 0.5082338830510543 0.43540603017616863
angularVelocity: 0.42470532750971446 0.456407183181452 0.508791649235195
acceleration: 0.6867336521984718 0.521754149003877 0.4587172201974941
accel: 0.2688374
brake: 0.0
steer: 0.5590672733181671
linkid: A219BS010398
trafficlightid: null
turn_signal_lamp: 1.0