position: 0.5692015748023771 0.5208163165786868 0.4664532590639845
orientation: 0.3042812979792442 0.5085640665414777 0.00022890845848264063
enu_velocity: 0.9180510881751649 0.032125211821937394 0.5496875067885497
velocity: 0.6106603336156957 0.5104823119768055 0.4343418506643274
angularVelocity: 0.41828304692720464 0.45988534600725833 0.5106997322387146
acceleration: 0.6862659359615474 0.5154929831646278 0.4591472414424292
accel: 0.2683162
brake: 0.0
steer: 0.562073448163796
linkid: A219BS010398
trafficlightid: null
turn_signal_lamp: 1.0