position: 0.5712288501682986 0.5199812256939786 0.46304121890481875
orientation: 0.30453494675977505 0.5069640814227399 0.00011787936178983549
enu_velocity: 0.92093144405262 0.03041265457407677 0.5491738570685566
velocity: 0.6153528218363544 0.5142147561462742 0.4346794861174451
angularVelocity: 0.418522313821354 0.46360711764644724 0.5145297915293509
acceleration: 0.6857898458987666 0.5246845999090445 0.46017016304004704
accel: 0.2671382
brake: 0.0
steer: 0.5623984400389991
linkid: A219BS010398
trafficlightid: null
turn_signal_lamp: 1.0