position: 0.5732712737240988 0.5191400392553671 0.46003570417210415
orientation: 0.30408278772404945 0.5061378078988712 3.792306757718911e-05
enu_velocity: 0.9237676493606094 0.028645947741359534 0.5490582923895893
velocity: 0.6200218775297743 0.5168993917105792 0.4361853297744417
angularVelocity: 0.4159114741331795 0.4666638423517459 0.5170915668631254
acceleration: 0.6854405812348653 0.5391493751868057 0.4602494637876353
accel: 0.2660978
brake: 0.0
steer: 0.5650796230094248
linkid: A219BS010398
trafficlightid: null
turn_signal_lamp: 1.0