position: 0.5742981660732034 0.5187194460360605 0.4586380449411305
orientation: 0.30399456174701744 0.5059224999836077 1.419374928104955e-05
enu_velocity: 0.925206378342424 0.027822261037371232 0.5490626998975412
velocity: 0.6223456862416835 0.5185724464379002 0.4371979745360782
angularVelocity: 0.41720364395651643 0.4675041061552355 0.5188079749093901
acceleration: 0.6850024778911966 0.5308634610864219 0.4606963500982096
accel: 0.2656956
brake: 0.0
steer: 0.5671108222294443
linkid: A219BS010398
trafficlightid: null
turn_signal_lamp: 1.0