position: 0.576363484052343 0.5178660684896439 0.4558799487354648
orientation: 0.30418204285164685 0.5055636178229626 0.0
enu_velocity: 0.9280969621510293 0.02622678949563445 0.5490072514726552
velocity: 0.626977598886608 0.5219204077381778 0.4392243976494573
angularVelocity: 0.4194631949605475 0.4676374634368091 0.5223835611249444
acceleration: 0.6844915222625774 0.5341312914769969 0.4604159675271669
accel: 0.2632572
brake: 0.0
steer: 0.5692232694182646
linkid: A219BS010398
trafficlightid: null
turn_signal_lamp: 1.0