position: 0.5774019096823779 0.5174393797164347 0.45450418494936295
orientation: 0.30462317273680706 0.5053888984074483 1.3371717469401467e-05
enu_velocity: 0.9295682500470059 0.025511606299415346 0.549067610094791
velocity: 0.6292757315314365 0.5240573003298942 0.4403155217261264
angularVelocity: 0.421827394392083 0.4677669707161062 0.5247718466207668
acceleration: 0.6838324260419895 0.5416943358985422 0.46071308173694164
accel: 0.2619338
brake: 0.0
steer: 0.5692232694182646
linkid: A219BS010398
trafficlightid: null
turn_signal_lamp: 1.0