position: 0.5815936548157357 0.5157082424079871 0.44937627176042305
orientation: 0.3048547668299525 0.5051322180179013 0.00013875896980561353
enu_velocity: 0.9352098064040145 0.02239606395862892 0.5503049798017645
velocity: 0.6383171970947221 0.5283826419770404 0.44604285493796203
angularVelocity: 0.4152247829434622 0.46995444743558445 0.5288837409512938
acceleration: 0.6803994619436259 0.539317385217695 0.4610559650335627
accel: 0.2510991
brake: 0.0
steer: 0.570929476763081
linkid: A219BS010398
trafficlightid: null
turn_signal_lamp: 1.0