position: 0.583712163597972 0.5148365781998603 0.44730496267556497
orientation: 0.3042040975390322 0.5057082254893213 0.00023581352570045677
enu_velocity: 0.937922424210604 0.020890501161559716 0.5513200890262747
velocity: 0.6426686672593958 0.5298568838854626 0.4499740582264198
angularVelocity: 0.41304152637056685 0.4727965715297727 0.5301396695935011
acceleration: 0.6780378908007433 0.530737927673753 0.4612770799767879
accel: 0.2425046
brake: 0.0
steer: 0.5723106922326943
linkid: A219BS010398
trafficlightid: null
turn_signal_lamp: 1.0