position: 0.5847769264217733 0.5143976983188461 0.4464189270064254
orientation: 0.3036857708274053 0.5062019512698533 0.00028962920830280514
enu_velocity: 0.9392546122429359 0.020187373910648287 0.5519257129346086
velocity: 0.6447835774837938 0.5307549071170975 0.4522326057138173
angularVelocity: 0.4125034128145881 0.4737837968644297 0.5310492934415986
acceleration: 0.6756387896928862 0.5433565611676191 0.4615067173847945
accel: 0.2372098
brake: 0.0
steer: 0.5723106922326943
linkid: A219BS010398
trafficlightid: null
turn_signal_lamp: 1.0