position: 0.5869171246576994 0.5135199385568168 0.44489938313233335
orientation: 0.3023292937202286 0.5074967564835406 0.00041507126275977524
enu_velocity: 0.9418317099617833 0.01884425986814886 0.553199787936929
velocity: 0.6488643271741987 0.5322925008025194 0.45708358657445636
angularVelocity: 0.40926148566541376 0.47554474180176093 0.5324391364408503
acceleration: 0.6717933004825607 0.5341080155667814 0.4614666018456806
accel: 0.227671
brake: 0.0
steer: 0.573529411764706
linkid: A219BS010398
trafficlightid: null
turn_signal_lamp: 1.0