position: 0.06362421699458382 0.08006510051568316 0.8469844133626439
orientation: 0.9658566119360126 0.5175696176513433 0.4977530856471109
enu_velocity: 0.8941497768009725 0.9957667284925511 0.5891424228295626
velocity: 0.9995348394060908 0.5174248957519735 0.6982913309132637
angularVelocity: 0.3915046142324218 0.48105184399657414 0.5265126876488202
acceleration: 0.5918387125014368 0.5364722312407211 0.432579860933858
accel: 0.03047229
brake: 0.0
steer: 0.5684920376990577
linkid: A219BS010380
trafficlightid: null
turn_signal_lamp: 0.0