position: 0.5879923879313029 0.5130749631218983 0.4442483585714827
orientation: 0.30133674605800015 0.5082795906911719 0.0004812722246575474
enu_velocity: 0.9430689486999362 0.018163609803404313 0.5535347405880854
velocity: 0.650845622136895 0.5326638398430895 0.4593429188550042
angularVelocity: 0.40745939716440915 0.4763359909426895 0.5326608280698469
acceleration: 0.6699502214115682 0.5324335002488697 0.4602768870723322
accel: 0.2207539
brake: 0.0
steer: 0.5733669158271044
linkid: A219BS010398
trafficlightid: null
turn_signal_lamp: 1.0