position: 0.5923261473447733 0.5113011569361303 0.4422266791616676
orientation: 0.29873407431493687 0.51247406826052 0.0007896985603866313
enu_velocity: 0.9477483976667361 0.015846416247654482 0.5536335728947058
velocity: 0.6581824959846652 0.5350871570565442 0.46810033842024623
angularVelocity: 0.4123417473381194 0.4796942548243336 0.5352537683461795
acceleration: 0.6599034650130137 0.5434362700361551 0.4600838045020688
accel: 0.1967596
brake: 0.0
steer: 0.574260643483913
linkid: A219BS010398
trafficlightid: null
turn_signal_lamp: 1.0