position: 0.594511359804032 0.5104051105123926 0.4414442819315867
orientation: 0.2978249669468789 0.5149303317466638 0.0009654489617162698
enu_velocity: 0.9498826259667739 0.01484352506849923 0.5539888126496735
velocity: 0.6614962043313085 0.5360431401238698 0.47302665942331656
angularVelocity: 0.41204662541582027 0.48014943271709637 0.5362674891908349
acceleration: 0.6551346701511932 0.5353766524055048 0.4598662852470076
accel: 0.1830255
brake: 0.0
steer: 0.5752356191095224
linkid: A219BS010398
trafficlightid: null
turn_signal_lamp: 1.0