position: 0.5967077612671785 0.509509064088653 0.4407465470883438
orientation: 0.29696490598010516 0.5175174833448173 0.0011541326635491067
enu_velocity: 0.9518859367480872 0.013992865741110638 0.5541525995948683
velocity: 0.6645514070317119 0.5372408984048369 0.47780090495370153
angularVelocity: 0.41386519181567094 0.4810714794025416 0.5375988586307078
acceleration: 0.6490848093470167 0.5401362768486168 0.4603422344506366
accel: 0.1702541
brake: 0.0
steer: 0.5749106272343192
linkid: A219BS010398
trafficlightid: null
turn_signal_lamp: 1.0