position: 0.06456545407615799 0.08124154241895898 0.847880666906057
orientation: 0.9630111489100834 0.5187890900393326 0.497783939241108
enu_velocity: 0.8940493726101799 0.9959201863726543 0.5805738988276747
velocity: 0.9996288187972504 0.5182309273768047 0.6919656365239244
angularVelocity: 0.3918270501462853 0.48064154037375745 0.5270779313950825
acceleration: 0.5901945521411492 0.5344832379691009 0.4379399489860748
accel: 0.02956843
brake: 0.0
steer: 0.5685732856678584
linkid: A219BS010380
trafficlightid: null
turn_signal_lamp: 0.0