position: 0.5989146631801272 0.5086069221110119 0.44028236365706475
orientation: 0.2964730151883545 0.5204377172143987 0.0013529547577255663
enu_velocity: 0.9537136680446531 0.01316897469906625 0.5547300549493263
velocity: 0.6673685452266579 0.5375524261174188 0.4832497237964106
angularVelocity: 0.414405477945128 0.48266060288619317 0.5378850834762143
acceleration: 0.6445657828727855 0.5347137262507465 0.45917273091164296
accel: 0.1558431
brake: 0.0
steer: 0.575723106922327
linkid: A219BS010398
trafficlightid: null
turn_signal_lamp: 1.0