position: 0.6022428754211402 0.5072476135906472 0.43985467263390543
orientation: 0.2960603371870072 0.5255235738291625 0.0016695466094503175
enu_velocity: 0.9562207044351207 0.012205112088619019 0.5528170977556539
velocity: 0.6711324572349305 0.5385232370233445 0.4893225403928675
angularVelocity: 0.41449065927277695 0.48491224654928444 0.5389793815976611
acceleration: 0.6368258404085818 0.5358355422688689 0.457027205889486
accel: 0.1365395
brake: 0.0
steer: 0.5761293467663309
linkid: A219BS010398
trafficlightid: null
turn_signal_lamp: 1.0