position: 0.6044724996189068 0.5063393760591017 0.4393985175324122
orientation: 0.29591533529665703 0.5290166792720268 0.001887987862864704
enu_velocity: 0.957722505659029 0.011697332019303452 0.5501657258896299
velocity: 0.6733463324945814 0.539166174790413 0.4920188280596687
angularVelocity: 0.416923125705943 0.4842794680766014 0.5397156929055802
acceleration: 0.6314979556446056 0.539596389272644 0.455302751059265
accel: 0.1246302
brake: 0.0
steer: 0.5758043548911278
linkid: A219BS010398
trafficlightid: null
turn_signal_lamp: 1.0