position: 0.6067099561193949 0.505431138527558 0.4385971442501102
orientation: 0.2960145304360829 0.5323427981391009 0.00211108729654505
enu_velocity: 0.9590681604673756 0.011226741476191238 0.54743493809112
velocity: 0.6753398422853064 0.5391900993216082 0.4943433853709325
angularVelocity: 0.4164399629591522 0.483787600619356 0.5397217614870959
acceleration: 0.6271370270025434 0.5359260989083491 0.4559784573591301
accel: 0.113334
brake: 0.0
steer: 0.5762918427039325
linkid: A219BS010398
trafficlightid: null
turn_signal_lamp: 1.0