position: 0.6078313525167199 0.5049739719848345 0.43814390854126684
orientation: 0.29605332326881184 0.5340455195570286 0.002224801697155915
enu_velocity: 0.9597142247850388 0.011067357792462429 0.546549639401218
velocity: 0.6762564529518683 0.5395927776960192 0.4959798534878388
angularVelocity: 0.41681189491629284 0.4842969165923662 0.5402193653394156
acceleration: 0.624894470762787 0.5413012231130249 0.45644002333301054
accel: 0.1082699
brake: 0.0
steer: 0.576860578485538
linkid: A219BS010398
trafficlightid: null
turn_signal_lamp: 1.0