position: 0.6089544702992583 0.5045229009960126 0.4376826445026376
orientation: 0.29610446860562406 0.5358006959983374 0.002341036995322454
enu_velocity: 0.9603340374127494 0.010932699013517233 0.5457549773870605
velocity: 0.6771252014351341 0.5400043866940598 0.4977424117042306
angularVelocity: 0.4172091144047359 0.48475278281778295 0.5407059227868195
acceleration: 0.6228625466935949 0.5456275044234971 0.4566361311476766
accel: 0.103814
brake: 0.0
steer: 0.5770230744231395
linkid: A219BS010398
trafficlightid: null
turn_signal_lamp: 1.0