position: 0.6112055257429329 0.5036085679105664 0.4366367720859352
orientation: 0.2963823012922536 0.5392904160966221 0.0025820567224967006
enu_velocity: 0.9614991692362923 0.01071344427936205 0.5439653855330688
velocity: 0.6787378080171275 0.5406744414031838 0.5009901473579939
angularVelocity: 0.41811138302279177 0.48414452978096323 0.5414252381001016
acceleration: 0.6194115484193643 0.5418296491827809 0.4559913596933376
accel: 0.09516142
brake: 0.0
steer: 0.5766168345791356
linkid: A219BS010398
trafficlightid: null
turn_signal_lamp: 1.0