position: 0.6123333773348084 0.5031574969217454 0.43599450570303366
orientation: 0.2965615645594508 0.5409339118020096 0.0027044298581901938
enu_velocity: 0.9620346014320127 0.01060330606714427 0.5430770617307844
velocity: 0.6794849067845156 0.5407288731567007 0.5024745400022148
angularVelocity: 0.4178633530458677 0.48349339935590707 0.5414518525981213
acceleration: 0.6178142944252396 0.5387596839754334 0.4562564329978259
accel: 0.09184883
brake: 0.0
steer: 0.5763730906727332
linkid: A219BS010398
trafficlightid: null
turn_signal_lamp: 1.0