position: 0.6134626921041154 0.502700330379021 0.43527414556675614
orientation: 0.29667838975269045 0.5424997583933026 0.0028260357641928247
enu_velocity: 0.9625417363515504 0.01048928543186134 0.5423145897848867
velocity: 0.6801986017364782 0.5406188436335253 0.5039756749003095
angularVelocity: 0.4172266136808635 0.48280058536956116 0.5412862061042988
acceleration: 0.616473408915993 0.5368511207112947 0.456485531609216
accel: 0.08851875
brake: 0.0
steer: 0.5762918427039325
linkid: A219BS010398
trafficlightid: null
turn_signal_lamp: 1.0