position: 0.6145933839815931 0.5022431638362974 0.4345450272525304
orientation: 0.2967071067769938 0.5440572663463679 0.002946107210813731
enu_velocity: 0.9630258584259999 0.010383642656877023 0.5425001539485975
velocity: 0.6808773971797875 0.5404705829144362 0.5063713867905361
angularVelocity: 0.41653824054442856 0.48296997973362243 0.541083860557879
acceleration: 0.6150244629903541 0.5370881913037394 0.45911581376021043
accel: 0.08597348
brake: 0.0
steer: 0.5759668508287293
linkid: A219BS010398
trafficlightid: null
turn_signal_lamp: 1.0