position: 0.6157254529672417 0.501785997293573 0.43384802225744945
orientation: 0.29668946013608927 0.5456347300148499 0.0030648634065359726
enu_velocity: 0.9634920816209361 0.010283721347462416 0.5430084446416104
velocity: 0.6815300179916066 0.540289638409561 0.5090920902442363
angularVelocity: 0.4160560982951801 0.48310588958212114 0.540846025708772
acceleration: 0.6139574091991806 0.5356665502615433 0.45962446766401294
accel: 0.08325168
brake: 0.0
steer: 0.5758043548911278
linkid: A219BS010398
trafficlightid: null
turn_signal_lamp: 1.0