position: 0.6179934640552691 0.5008716642081268 0.43251385981660384
orientation: 0.2964844485001909 0.5487135049163755 0.0032961831583327994
enu_velocity: 0.9643701495101928 0.010086535123361995 0.5446953352767062
velocity: 0.6827644634691195 0.5397530059807795 0.5150640173212568
angularVelocity: 0.4152053540931399 0.4821934257778428 0.5401700333246435
acceleration: 0.6121745912240782 0.5345869132000342 0.4605190211267752
accel: 0.08117073
brake: 0.0
steer: 0.5753981150471239
linkid: A219BS010398
trafficlightid: null
turn_signal_lamp: 1.0