position: 0.6191293200883873 0.5004144976654024 0.43183145178477034
orientation: 0.2963351155361341 0.550100640949071 0.0034085275059242415
enu_velocity: 0.9647934153942979 0.009987022490059505 0.5457781459777405
velocity: 0.6833619929137071 0.5394446795125134 0.5180979404411757
angularVelocity: 0.4150017514461192 0.4811309950816481 0.539801158761926
acceleration: 0.6118021843505375 0.5335918642024786 0.4609413848758772
accel: 0.08032776
brake: 0.0
steer: 0.5751543711407215
linkid: A219BS010398
trafficlightid: null
turn_signal_lamp: 1.0