position: 0.6236850521251366 0.4985919270484107 0.4285084531014167
orientation: 0.29621076656137896 0.5538988906617799 0.0038346687970808313
enu_velocity: 0.9664697733098386 0.009526648849750463 0.5478900424610877
velocity: 0.685771554704022 0.5379837478550161 0.5260662068941462
angularVelocity: 0.4173906147120709 0.47389566526096233 0.538279858586185
acceleration: 0.6128441242767108 0.5302261092804752 0.45835414427313115
accel: 0.08428752
brake: 0.0
steer: 0.574260643483913
linkid: A219BS010398
trafficlightid: null
turn_signal_lamp: 1.0