position: 0.6282609243688836 0.49675716532361314 0.4234615530585013
orientation: 0.29753140145884005 0.5538775095381192 0.004220694935829161
enu_velocity: 0.9682741508302779 0.008865410900331883 0.5510180984305142
velocity: 0.6884662953364763 0.5362436365994093 0.5307343309507594
angularVelocity: 0.4212915543883498 0.4656778628274913 0.5366814913915882
acceleration: 0.6177495495262317 0.5287364725074216 0.4602604941693714
accel: 0.1061914
brake: 0.0
steer: 0.5732044198895029
linkid: A219BS010398
trafficlightid: null
turn_signal_lamp: 1.0