position: 0.6294083997521929 0.4962999987808887 0.4219660941737682
orientation: 0.29805860894946906 0.5533012882554627 0.004310844424506188
enu_velocity: 0.9687892976292167 0.008644725799784259 0.5512971897334329
velocity: 0.6892555227964532 0.535809283219844 0.5308111534802524
angularVelocity: 0.4214665138725319 0.4636483387342351 0.5362688575964708
acceleration: 0.6207139828427921 0.5273565930818533 0.4590410358508081
accel: 0.1129256
brake: 0.0
steer: 0.5729606759831005
linkid: A219BS010398
trafficlightid: null
turn_signal_lamp: 1.0