position: 0.6305574243821943 0.49584283223816517 0.42034875064591537
orientation: 0.29856037784164147 0.5524866674439892 0.004397979796540552
enu_velocity: 0.9693417763768543 0.008390733596098487 0.5514470629569872
velocity: 0.6901118071694856 0.535356732921706 0.5305216520070213
angularVelocity: 0.4212458940082489 0.46157686255825287 0.535812742216474
acceleration: 0.6234609402892929 0.5271490677054341 0.45893623927277094
accel: 0.117674
brake: 0.0
steer: 0.572798180045499
linkid: A219BS010398
trafficlightid: null
turn_signal_lamp: 1.0