position: 0.6317081703974091 0.4953795701415382 0.41861828065289286
orientation: 0.29904286595729807 0.5514493265943832 0.004482594271019158
enu_velocity: 0.9699239161248279 0.008118146629310985 0.551676729130001
velocity: 0.6910176987012469 0.5349523691239633 0.5300747559075304
angularVelocity: 0.42119886964979875 0.4596411994339898 0.5354106788590947
acceleration: 0.6252682783490164 0.5274167191921771 0.4595680816757148
accel: 0.1255923
brake: 0.0
steer: 0.5723106922326943
linkid: A219BS010398
trafficlightid: null
turn_signal_lamp: 1.0