position: 0.06738842168246832 0.08478305923659324 0.8505752663215946
orientation: 0.9572656553046419 0.5258812443928003 0.4979048875216613
enu_velocity: 0.8937456030550148 0.996343779162872 0.5588901320475019
velocity: 0.999865138327275 0.5199599190784797 0.6828660471451405
angularVelocity: 0.40416514465399667 0.49482291746210316 0.5288451578619514
acceleration: 0.5895672528598519 0.5341236351294706 0.4355014331067621
accel: 0.02594095
brake: 0.0
steer: 0.5688982775430615
linkid: A219BS010380
trafficlightid: null
turn_signal_lamp: 0.0