position: 0.6328605517285768 0.4949224035988138 0.4168031482730332
orientation: 0.2995501667707305 0.5502098984909772 0.004564852254304419
enu_velocity: 0.970536398735214 0.007827986589702074 0.5523489683469116
velocity: 0.6919724495451229 0.534599730508936 0.5298453347099187
angularVelocity: 0.42147280209576843 0.45792208504565046 0.5350709572860113
acceleration: 0.6278611878500354 0.5275772569961219 0.4604637833414201
accel: 0.1355127
brake: 0.0
steer: 0.5721481962950927
linkid: A219BS010398
trafficlightid: null
turn_signal_lamp: 1.0