position: 0.6340148265834793 0.494465237056092 0.41490700274714865
orientation: 0.3000133542342723 0.5487638930978026 0.004643822110343088
enu_velocity: 0.9711909863288358 0.007478159837722931 0.5530598697567936
velocity: 0.6930169419826793 0.534061591092626 0.5294599140738699
angularVelocity: 0.4210206379180626 0.4560844161128636 0.5344820272314704
acceleration: 0.6317077428200153 0.5251295610503957 0.46068002557852655
accel: 0.1429948
brake: 0.0
steer: 0.5719857003574912
linkid: A219BS010398
trafficlightid: null
turn_signal_lamp: 1.0