position: 0.6351711671006379 0.4940019749594651 0.4129327634678881
orientation: 0.3004655118244997 0.5471102769938823 0.004719723047618252
enu_velocity: 0.9718948384574985 0.007105447223464734 0.5538870719264005
velocity: 0.6941377147748637 0.5336435796059537 0.5289822366430386
angularVelocity: 0.42085296382244414 0.4542555019110194 0.5340431557456823
acceleration: 0.6346680044487854 0.5257539691794422 0.4612698567942842
accel: 0.1527517
brake: 0.0
steer: 0.5714169645758856
linkid: A219BS010398
trafficlightid: null
turn_signal_lamp: 1.0