position: 0.6386533572489972 0.49261828422348675 0.40657140688451143
orientation: 0.30149114332467886 0.5408125026548227 0.004929286357466894
enu_velocity: 0.9743035162434036 0.005740877685078749 0.5571690585401436
velocity: 0.6980265171676747 0.5323037881921079 0.5270100514562709
angularVelocity: 0.4196666419319686 0.44843547723859584 0.5325658428699471
acceleration: 0.6466528904543714 0.5247922674879263 0.46175029543961466
accel: 0.1807625
brake: 0.0
steer: 0.5710107247318817
linkid: A219BS010398
trafficlightid: null
turn_signal_lamp: 1.0