position: 0.6409873834599619 0.49169176003023374 0.4022003462399679
orientation: 0.30235134840761396 0.5359067107364883 0.005055386037373183
enu_velocity: 0.9761564764368069 0.004643377985966479 0.5595924877393182
velocity: 0.70104657107722 0.5314394610602726 0.5252809777476262
angularVelocity: 0.4213862349875364 0.447515284032224 0.5317209535328118
acceleration: 0.653113525479649 0.5199790977109516 0.4626243704961462
accel: 0.1980788
brake: 0.0
steer: 0.5703607409814755
linkid: A219BS010398
trafficlightid: null
turn_signal_lamp: 1.0