position: 0.6456899496554214 0.4898204249820175 0.39389248460750226
orientation: 0.30648695101879064 0.5257430866987458 0.0053169565598385204
enu_velocity: 0.9805810794524443 0.0026459734879545893 0.5636187866480695
velocity: 0.7078863762088834 0.5346517931296563 0.5208870080981933
angularVelocity: 0.4369269292395113 0.4464114386546825 0.5363538772335875
acceleration: 0.662365537291311 0.5581891924900897 0.461509249156381
accel: 0.2168737
brake: 0.0
steer: 0.5754793630159247
linkid: A219BS010398
trafficlightid: null
turn_signal_lamp: 1.0