position: 0.6468733159204317 0.48935106733148803 0.3918861320090965
orientation: 0.3087587753479838 0.5231368346301222 0.005415271564511215
enu_velocity: 0.9818002488455648 0.0022131854852139865 0.5648338405408506
velocity: 0.7097013999410665 0.535993943076152 0.5199274676730621
angularVelocity: 0.43744057456918595 0.4464936119503153 0.5380464264334718
acceleration: 0.6637020531859743 0.5497258444537051 0.4635099498464319
accel: 0.2196583
brake: 0.0
steer: 0.580516737081573
linkid: A219BS010398
trafficlightid: null
turn_signal_lamp: 1.0