position: 0.6480598667480871 0.4888817096809577 0.3899943655721865
orientation: 0.3108100347345968 0.5206080178643564 0.005520162823677066
enu_velocity: 0.9830137928765528 0.0017197090798228842 0.5664475180703338
velocity: 0.7115453404089911 0.5367372977999926 0.5194505750353811
angularVelocity: 0.43469461381550184 0.4472763573149147 0.5388814116869178
acceleration: 0.664896769758613 0.5444032866751322 0.46377355784040525
accel: 0.2221414
brake: 0.0
steer: 0.5804354891127723
linkid: A219BS010398
trafficlightid: null
turn_signal_lamp: 1.0