position: 0.650442952437636 0.48794299437989874 0.3865983820725938
orientation: 0.3162469759276141 0.5159053822560049 0.005798447992979183
enu_velocity: 0.9857420935109061 0.0012760911601109592 0.5689855694060421
velocity: 0.7152960404604164 0.542722054082302 0.5182192345825205
angularVelocity: 0.4417618155676365 0.4495679780479245 0.5461064050407304
acceleration: 0.6668969722529474 0.5682496331397409 0.4617245737853182
accel: 0.2257939
brake: 0.0
steer: 0.5848228794280144
linkid: A219BS010398
trafficlightid: null
turn_signal_lamp: 1.0