position: 0.06926953638164433 0.08714203859704739 0.8508270639376185
orientation: 0.9568905485455723 0.5310081884001987 0.4979992019715173
enu_velocity: 0.893500473638445 0.9964063066080271 0.5450413111860397
velocity: 0.9997581962614728 0.5202803774146914 0.6780604098887424
angularVelocity: 0.42297922553110434 0.49484261381419103 0.5297965706366526
acceleration: 0.5709429004039991 0.531189813283318 0.4458926379358301
accel: 0.02463816
brake: 0.0
steer: 0.5691420214494638
linkid: A219BS010380
trafficlightid: null
turn_signal_lamp: 0.0