position: 0.6564628086677151 0.48557182391163867 0.37937215541678704
orientation: 0.327782553141389 0.5062353770931762 0.006777981099734959
enu_velocity: 0.9927622045214615 0.000304259365477233 0.5689261039550696
velocity: 0.7248614972179128 0.5548765356741755 0.5113082589015163
angularVelocity: 0.4332991063761589 0.45557150073368374 0.5593346534150793
acceleration: 0.6662190729870274 0.599208879890166 0.4600741545083585
accel: 0.2206967
brake: 0.0
steer: 0.5878290542736433
linkid: A219BS010398
trafficlightid: null
turn_signal_lamp: 1.0