position: 0.6588961588054978 0.4846148219488713 0.37726581362013434
orientation: 0.33039625222814495 0.5037516744983346 0.00727552955426311
enu_velocity: 0.9954797658281069 0.0 0.5692686876093013
velocity: 0.7285279398841605 0.5580667911712791 0.510461728690032
angularVelocity: 0.4224613612779322 0.460813519570337 0.5621524386029609
acceleration: 0.6604587257929823 0.5787264624851246 0.4601773878128595
accel: 0.1755429
brake: 0.0
steer: 0.5909164770880729
linkid: A219BS010398
trafficlightid: null
turn_signal_lamp: 1.0