position: 0.660117911960769 0.48413936874443664 0.3765877846772754
orientation: 0.33136674158924273 0.5031693595954349 0.007546306833018851
enu_velocity: 0.996755700239112 0.0001565229509439825 0.5694182637075741
velocity: 0.7300749852463263 0.5611923681063491 0.5106662109053112
angularVelocity: 0.4240199647262806 0.4656740239389191 0.5656062944279414
acceleration: 0.6493915121378606 0.6030728651065107 0.4592935259960621
accel: 0.1561717
brake: 0.0
steer: 0.5905102372440689
linkid: A219BS010398
trafficlightid: null
turn_signal_lamp: 1.0