position: 0.6613426775401636 0.48366391554000465 0.3762257799887312
orientation: 0.33211666239401516 0.5031724954935718 0.007829633797432373
enu_velocity: 0.9978521344584285 0.00027667372790879385 0.5691568598866686
velocity: 0.7314141292497994 0.5629213580413331 0.5111024686976532
angularVelocity: 0.42126868958247193 0.47068320099062544 0.5672255050185284
acceleration: 0.6413739697339483 0.590728086428656 0.45734125575870693
accel: 0.1404781
brake: 0.0
steer: 0.590103997400065
linkid: A219BS010398
trafficlightid: null
turn_signal_lamp: 1.0