position: 0.6625700251973786 0.48318236678166926 0.3760987864084755
orientation: 0.33249162460327397 0.5036779808921173 0.008118276567561228
enu_velocity: 0.9988196967452507 0.00038149915066887363 0.5682007367629789
velocity: 0.732598469004174 0.5637853406683994 0.5114210947166853
angularVelocity: 0.4173924464822096 0.4750148690608454 0.5678319466988155
acceleration: 0.6350649390195163 0.5826060826075403 0.4561381812942474
accel: 0.08012608
brake: 0.0
steer: 0.593110172245694
linkid: A219BS010398
trafficlightid: null
turn_signal_lamp: 1.0