position: 0.6637996106553711 0.4827069135772364 0.37628416784172236
orientation: 0.332657051020518 0.5048516264050604 0.008413605196424756
enu_velocity: 0.9995649719950722 0.0007538030888149527 0.5669509434490697
velocity: 0.7333420778206968 0.5654457653208779 0.5120548587851925
angularVelocity: 0.4176185423523692 0.4817354694590028 0.5696560512434196
acceleration: 0.6113720742042772 0.6110286540724097 0.45461147086546355
accel: 0.03323947
brake: 0.0
steer: 0.5927039324016901
linkid: A219BS010398
trafficlightid: null
turn_signal_lamp: 1.0