position: 0.6687124440546579 0.4808111963134092 0.3853481521704225
orientation: 0.3374653739962551 0.5262731603895012 0.00979889320540836
enu_velocity: 0.9976351318525221 0.007200873095645932 0.5584780704486735
velocity: 0.7271304638447953 0.582121704171458 0.5269161378759486
angularVelocity: 0.4495325218567394 0.55617095601877 0.5901005074107593
acceleration: 0.4351221855380982 0.6849940805232952 0.44474322158710594
accel: 0.0
brake: 0.09289276
steer: 0.6094410139746507
linkid: A219BS010398
trafficlightid: null
turn_signal_lamp: 1.0