position: 0.6699303240931986 0.4803418386628797 0.3907541375092327
orientation: 0.34155685639142525 0.5379417304513099 0.010256984132977542
enu_velocity: 0.9958621199876105 0.009937164004380217 0.5551366049190661
velocity: 0.7232708274699303 0.5867530142842278 0.5357849108692979
angularVelocity: 0.45015051573757914 0.5769649477351166 0.5955845119883736
acceleration: 0.41961781858791414 0.6559204893679571 0.44236352645884197
accel: 0.0
brake: 0.1206156
steer: 0.6256906077348067
linkid: A219BS010398
trafficlightid: null
turn_signal_lamp: 1.0