position: 0.6711418350064495 0.47987857656625277 0.3971118448517972
orientation: 0.3460233371333069 0.5516709775763327 0.010759190767771681
enu_velocity: 0.9938480698785894 0.013347770498121025 0.5511360867900255
velocity: 0.7187159430262481 0.5947063397180962 0.5459117072826188
angularVelocity: 0.46046623885838917 0.5949498252101117 0.6055324739018767
acceleration: 0.38212759122331696 0.7758155467736858 0.43895098779644753
accel: 0.0
brake: 0.1428415
steer: 0.6257718557036075
linkid: A219BS010398
trafficlightid: null
turn_signal_lamp: 1.0