position: 0.6723453414784577 0.47942141002352834 0.4043212849998685
orientation: 0.3521991555255502 0.5673387086428487 0.011340202852242132
enu_velocity: 0.9913841612644723 0.017303346587380808 0.5463474864906739
velocity: 0.7132748603449733 0.6034628382705578 0.5567979218677379
angularVelocity: 0.4692090493805297 0.6114439605800494 0.6160183878019925
acceleration: 0.3484960228133467 0.7232195079438826 0.435044314749462
accel: 0.0
brake: 0.1528323
steer: 0.625609359766006
linkid: A219BS010398
trafficlightid: null
turn_signal_lamp: 1.0