position: 0.6735403270936592 0.4789703390347073 0.41201315478327905
orientation: 0.3580661793844361 0.584344898050526 0.011964344205763533
enu_velocity: 0.9885162493699169 0.021124672573807457 0.5406658766066533
velocity: 0.7073977830877353 0.6086836755443484 0.5678839971084731
angularVelocity: 0.46220349440084213 0.6216486355776922 0.621771789802185
acceleration: 0.3337496393545455 0.6925669600525849 0.4323329654949113
accel: 0.0
brake: 0.1603058
steer: 0.640721481962951
linkid: A219BS010398
trafficlightid: null
turn_signal_lamp: 1.0