position: 0.6793750483440278 0.47678813073743953 0.4440301339709287
orientation: 0.32846630627025997 0.6500569308052672 0.015744539694792725
enu_velocity: 0.9732797003352545 0.04264249156747929 0.5936942474929717
velocity: 0.6755786546373778 0.6412158968987327 0.6743449375173853
angularVelocity: 0.2076863584187796 0.5284120058121089 0.6515079383888253
acceleration: 0.3279492424351999 0.7443197266177601 0.46534545562108165
accel: 0.0
brake: 0.1853141
steer: 0.6394215144621386
linkid: A219BS010398
trafficlightid: null
turn_signal_lamp: 1.0