position: 0.6816447808172689 0.47596523096053733 0.4516271234932283
orientation: 0.2820033570248064 0.6599563910601816 0.017395069968333676
enu_velocity: 0.9664704551719153 0.05090490086437044 0.6054542776256046
velocity: 0.6621956901976053 0.6474513448847843 0.6878616043439172
angularVelocity: 0.18897988877800775 0.505345835175161 0.6519199474770219
acceleration: 0.2951536863484562 0.6877141552517021 0.4543578341075752
accel: 0.0
brake: 0.1865254
steer: 0.6537211569710758
linkid: A219BS010398
trafficlightid: null
turn_signal_lamp: 1.0