position: 0.6849739398201492 0.4747765979494556 0.4606319901207754
orientation: 0.22923149876254517 0.6688534329674689 0.0200756061018654
enu_velocity: 0.9561073448648711 0.06445047060076003 0.6079470869244948
velocity: 0.6413783825680375 0.6640280663618654 0.6852730077371884
angularVelocity: 0.27026420099976634 0.48690035201762133 0.6661666367038717
acceleration: 0.29286900215207323 0.6963988162274062 0.4410423551709765
accel: 0.0
brake: 0.1852037
steer: 0.6723269418264545
linkid: A219BS010398
trafficlightid: null
turn_signal_lamp: 1.0