position: 0.6871419384272731 0.47402074926548554 0.4649818851686094
orientation: 0.20989286618496403 0.6723243020417262 0.022013463894636542
enu_velocity: 0.9492319590800931 0.07388067188804892 0.6019814037275488
velocity: 0.6273961437082446 0.6777021143229359 0.6727708168563103
angularVelocity: 0.34509187729090796 0.48028077519163076 0.6822845710578835
acceleration: 0.28434688345233045 0.7649352478600586 0.43545329445982545
accel: 0.0
brake: 0.1829815
steer: 0.6506337341566462
linkid: A219BS010398
trafficlightid: null
turn_signal_lamp: 1.0