position: 0.690317722007632 0.4729296451168512 0.46833626732294587
orientation: 0.19073951032739736 0.6737447213569201 0.02484470586030313
enu_velocity: 0.9379012864862266 0.08475311160883323 0.5913334120879901
velocity: 0.6069009086871071 0.6715347369458751 0.6476762710815059
angularVelocity: 0.37853868423901216 0.46723784653695183 0.6747458459220866
acceleration: 0.2848767182519715 0.745782257772497 0.43239458996034885
accel: 0.0
brake: 0.1860631
steer: 0.6706207344816381
linkid: A219BS010398
trafficlightid: null
turn_signal_lamp: 1.0