position: 0.6913552008757995 0.4725761029904785 0.46886102815170316
orientation: 0.19014736202738625 0.67382561327477 0.025832459285175385
enu_velocity: 0.934216162892759 0.0889832363102187 0.5869342433924634
velocity: 0.5998841131901298 0.6746424349667747 0.637823977872321
angularVelocity: 0.4030807856913087 0.46689729431491006 0.6788861654091051
acceleration: 0.2877221442779745 0.7078495820769661 0.43294763574358947
accel: 0.0
brake: 0.184039
steer: 0.6701332466688333
linkid: A219BS010398
trafficlightid: null
turn_signal_lamp: 1.0