position: 0.6923820932249041 0.47222865641800826 0.469139100301573
orientation: 0.19126679189980442 0.6737792875068382 0.026832926802067725
enu_velocity: 0.9305066627300496 0.0929248561102494 0.5832662443597811
velocity: 0.5929947008997376 0.6755387833752245 0.6285377821222377
angularVelocity: 0.41663143706173206 0.4653920968656127 0.6803142652618627
acceleration: 0.2925476756162565 0.6841811881546638 0.4356890736403616
accel: 0.0
brake: 0.1845881
steer: 0.6695645108872279
linkid: A219BS010398
trafficlightid: null
turn_signal_lamp: 1.0