position: 0.6973598228467393 0.4706011435259114 0.4676443712650018
orientation: 0.20688688059412283 0.6712484751695309 0.03186858407596144
enu_velocity: 0.9118311423116046 0.11276127940961017 0.57458416284548
velocity: 0.5584180127013497 0.6847815989932687 0.5889277894382537
angularVelocity: 0.4547817118272529 0.4610573972636626 0.6920637133630462
acceleration: 0.28350204054910977 0.7589884599356683 0.44354817927932616
accel: 0.0
brake: 0.1830911
steer: 0.7169320766980827
linkid: A219BS010663
trafficlightid: null
turn_signal_lamp: 1.0