position: 0.7002185272707742 0.46969900154827027 0.4773294563798949
orientation: 0.19650567455578577 0.6811261979487234 0.03521765128084339
enu_velocity: 0.9007837834106025 0.1256625303876232 0.6468160647291465
velocity: 0.5374541271354376 0.6985487515765509 0.65178623280976
angularVelocity: 0.2740928645113565 0.5283665471764201 0.6973500229902062
acceleration: 0.2986793715367569 0.6961553167579803 0.5206357831881143
accel: 0.0
brake: 0.1795585
steer: 0.690932726681833
linkid: A219BS010663
trafficlightid: null
turn_signal_lamp: 1.0