position: 0.07302789997915317 0.09186609287185998 0.8526721200921361
orientation: 0.9641801955050646 0.5471046822665244 0.4982148483167721
enu_velocity: 0.893061354461057 0.996559151473962 0.5341666784858495
velocity: 0.9995984063682809 0.5201914174498555 0.6949445369240816
angularVelocity: 0.44241110521643306 0.49890622507258864 0.5309203598827494
acceleration: 0.5904366356403731 0.5309032710248827 0.452179662908608
accel: 0.02955843
brake: 0.0
steer: 0.5695482612934677
linkid: A219BS010380
trafficlightid: null
turn_signal_lamp: 0.0