position: 0.7029876335944472 0.4688517195557562 0.5015443587116133
orientation: 0.14859912080468565 0.7025721776845496 0.03847684300765217
enu_velocity: 0.8898434768556407 0.13715294969135763 0.6703138271334089
velocity: 0.5174337747141915 0.7055835742952802 0.6791351405084936
angularVelocity: 0.28886242446195337 0.5127750238496509 0.6969136205841524
acceleration: 0.28666551970627663 0.820274223057175 0.4367067758445454
accel: 0.0
brake: 0.1870301
steer: 0.716444588885278
linkid: A219BS010663
trafficlightid: null
turn_signal_lamp: 1.0