position: 0.7038892951692708 0.4685835151840241 0.5080283297862711
orientation: 0.1397813655201433 0.7070436833461287 0.03962346778065495
enu_velocity: 0.8861431818309667 0.14166373271274507 0.6655491943416575
velocity: 0.5103975352052502 0.7131536690906257 0.672945738529594
angularVelocity: 0.3267212385504804 0.5005176010603191 0.7048201295245513
acceleration: 0.28503148177893556 0.7543886675009375 0.4301702250620897
accel: 0.0
brake: 0.1821366
steer: 0.7161195970100749
linkid: A219BS010663
trafficlightid: null
turn_signal_lamp: 1.0