position: 0.7056606866232077 0.4680653931022709 0.517493730604285
orientation: 0.12862013256518598 0.7113134937411748 0.04198078100584797
enu_velocity: 0.8786495176081506 0.1494047734595925 0.6500089765946068
velocity: 0.49685702441212787 0.7181330880223818 0.6502843131185151
angularVelocity: 0.35530503811374725 0.471966127938813 0.7089195951621505
acceleration: 0.2981115500180037 0.6870051375779674 0.4213132070214678
accel: 0.0
brake: 0.173268
steer: 0.7148196295092624
linkid: A219BS010663
trafficlightid: null
turn_signal_lamp: 1.0