position: 0.7073909369705422 0.4675716532361296 0.5217830482546413
orientation: 0.12197615347315971 0.7092423755625729 0.04438401840825157
enu_velocity: 0.8714974662857558 0.1565029871158726 0.6294631493735863
velocity: 0.48412643150196977 0.720290924560699 0.6177379819828933
angularVelocity: 0.36720404710659493 0.4430846910874186 0.7102607318451492
acceleration: 0.3289146684307526 0.6346974315792575 0.41812994953791194
accel: 0.0
brake: 0.149656
steer: 0.7128696782580437
linkid: A219BS010663
trafficlightid: null
turn_signal_lamp: 1.0