position: 0.7099205986110195 0.46686456898338413 0.5175324125568919
orientation: 0.11102603551690032 0.6934385180087501 0.047837428851091615
enu_velocity: 0.8621266357658137 0.16450184118805417 0.5962533848494114
velocity: 0.46811877472925434 0.7115823740053309 0.5588639334355889
angularVelocity: 0.3686944401626217 0.401262660212114 0.6994407088182537
acceleration: 0.36961572513145 0.6240619363225106 0.42298891538873434
accel: 0.0
brake: 0.1088935
steer: 0.7380565485862854
linkid: A219BS010663
trafficlightid: null
turn_signal_lamp: 1.0