position: 0.7107482406216632 0.4666390334889732 0.5136007205061062
orientation: 0.10866470594484945 0.6853122656094317 0.04898054628836469
enu_velocity: 0.8597518806182238 0.16752508402891714 0.5859324688992414
velocity: 0.46365238546822907 0.7150238883140272 0.5388518825007695
angularVelocity: 0.38745145656134405 0.38864426789189876 0.7062339503619779
acceleration: 0.4023187123796358 0.7692218818719172 0.42488478610426356
accel: 0.0
brake: 0.08992983
steer: 0.7372440688982776
linkid: A219BS010663
trafficlightid: null
turn_signal_lamp: 1.0