position: 0.7115692552992349 0.4664195935484656 0.5086289948239169
orientation: 0.10900335001414055 0.6760153966896888 0.05019874263110133
enu_velocity: 0.857733227940185 0.1706356405211356 0.5779315568772294
velocity: 0.45964866397906634 0.7199596699750314 0.520627939159347
angularVelocity: 0.4060449217816174 0.3790918597852043 0.7166141003888156
acceleration: 0.41890216097995076 0.7119617618375725 0.4338107440307363
accel: 0.0
brake: 0.07423913
steer: 0.7359441013974651
linkid: A219BS010663
trafficlightid: null
turn_signal_lamp: 1.0