position: 0.7123846754748628 0.4662001536079572 0.5028792510006221
orientation: 0.11068348860271718 0.6658119681267313 0.05145875299199028
enu_velocity: 0.8559839107824384 0.17341226776213664 0.5720036207992005
velocity: 0.45617267291718444 0.7229845985167921 0.5041175480620405
angularVelocity: 0.41829476734912757 0.3711533766480996 0.7221508877432402
acceleration: 0.4409853100256772 0.7119401276692114 0.43838606240657935
accel: 0.0
brake: 0.06206499
steer: 0.7340753981150472
linkid: A219BS010663
trafficlightid: null
turn_signal_lamp: 1.0