position: 0.7131956200489358 0.4659807136674514 0.4964624259569037
orientation: 0.11346737340923835 0.6547846535987139 0.052747370059924484
enu_velocity: 0.8545572848524852 0.17605634090616984 0.5675494130115021
velocity: 0.4532077103748708 0.7260247206022155 0.4888725051207753
angularVelocity: 0.427241826170407 0.36423330318292907 0.7262833736037924
acceleration: 0.46037102138598995 0.7106307234650021 0.4430298197210058
accel: 0.0
brake: 0.04935993
steer: 0.7577185570360743
linkid: A219BS010663
trafficlightid: null
turn_signal_lamp: 1.0