position: 0.7148075251628434 0.4655601204481439 0.4823376744702035
orientation: 0.12172922625883187 0.6311210949872097 0.05541469888234911
enu_velocity: 0.8526059660545193 0.18148165933127103 0.5624133915710854
velocity: 0.44849827096429473 0.7360510460666477 0.462088648490276
angularVelocity: 0.4492939709938491 0.35623573815969245 0.7381123478875832
acceleration: 0.49158400051156464 0.7597034615283114 0.4508818691598892
accel: 0.0
brake: 0.02562708
steer: 0.7529249268768282
linkid: A219BS010663
trafficlightid: null
turn_signal_lamp: 1.0