position: 0.7164109094199441 0.46515171833664404 0.4675516805483788
orientation: 0.13296009608515022 0.6066169018637781 0.058200455087771344
enu_velocity: 0.8513591812472927 0.1854104875689922 0.5624042713509649
velocity: 0.44543608836216075 0.7357289782748225 0.44059429769296976
angularVelocity: 0.43286497417582775 0.35459126842858313 0.7354861989846231
acceleration: 0.5397540987974425 0.49749882929996747 0.46001975322542454
accel: 0.0
brake: 0.01022783
steer: 0.7191257718557037
linkid: A219BS010663
trafficlightid: null
turn_signal_lamp: 1.0