position: 0.7204123554179511 0.46418862081997325 0.4385664906272897
orientation: 0.14085930959685705 0.5536437425860954 0.06480959085339451
enu_velocity: 0.8510238755710808 0.19396238258990725 0.5918312719780698
velocity: 0.44222583213045435 0.7386986093844159 0.4266914254372387
angularVelocity: 0.4287172062847043 0.38937479677157644 0.7393412356445075
acceleration: 0.5793725142107631 0.7019663157532956 0.47355691802610245
accel: 0.02698544
brake: 0.0
steer: 0.7295255118622035
linkid: A219BS010663
trafficlightid: null
turn_signal_lamp: 1.0