position: 0.7220164282291374 0.4638228875857946 0.43296417613279736
orientation: 0.1428875241298806 0.5398740138669414 0.06754383306528704
enu_velocity: 0.85142361721354 0.19735345436548848 0.6021523360420507
velocity: 0.44176266579418233 0.7407221773973425 0.42603437917193854
angularVelocity: 0.4125752339628314 0.4113383445384568 0.7404324895592136
acceleration: 0.5714732452457604 0.7746937921290906 0.46931736790537415
accel: 0.03370333
brake: 0.0
steer: 0.7595872603184921
linkid: A219BS010663
trafficlightid: null
turn_signal_lamp: 1.0