position: 0.7228194544312282 0.4636400209687057 0.43148331421131125
orientation: 0.14535437506382776 0.5348317747444455 0.06896304358703116
enu_velocity: 0.851792675062548 0.1996630465455528 0.6066018724099158
velocity: 0.4415592515151738 0.746839522081784 0.4265336820140234
angularVelocity: 0.4294779780225833 0.4213937732424304 0.747759409300934
acceleration: 0.5739217519261702 0.7544351579478411 0.4692090297096717
accel: 0.04004712
brake: 0.0
steer: 0.755931101722457
linkid: A219BS010663
trafficlightid: null
turn_signal_lamp: 1.0