position: 0.7244286053287942 0.463286478842333 0.43016228903738885
orientation: 0.15520833566721046 0.5271514613142776 0.07191337056114468
enu_velocity: 0.8526557419861176 0.2040263792256855 0.6100644142475792
velocity: 0.44148272187834087 0.7562962663279802 0.42386399011509424
angularVelocity: 0.4596799432070933 0.4334101541255684 0.7590223792825765
acceleration: 0.5790244964856576 0.7482190936725734 0.46263308379798185
accel: 0.04399556
brake: 0.0
steer: 0.7479688007799806
linkid: A219BS010663
trafficlightid: null
turn_signal_lamp: 1.0