position: 0.07584459141497513 0.09540760968949247 0.8528115210911522
orientation: 0.9668489463872703 0.5557408744651511 0.49838911906084077
enu_velocity: 0.8927321855435353 0.9969243035801458 0.5528322682005393
velocity: 0.9997347637342341 0.5210186771052201 0.7278118484581866
angularVelocity: 0.41743980946377596 0.48947216716158504 0.5311275156724587
acceleration: 0.5885294572162205 0.5382087031344075 0.4720038320080496
accel: 0.02798459
brake: 0.0
steer: 0.5697107572310693
linkid: A219BS010380
trafficlightid: null
turn_signal_lamp: 0.0