position: 0.7268519714323386 0.46277445231448144 0.4311169304337925
orientation: 0.1711311839402847 0.5199073228067884 0.07642259866286114
enu_velocity: 0.8538215556717372 0.20960476728858318 0.6164098073963908
velocity: 0.4416440074647607 0.7613025389648144 0.4239279071572263
angularVelocity: 0.45521896518948246 0.45060817775043566 0.7638359940063832
acceleration: 0.5767862778876948 0.7695830650798746 0.46314311331888386
accel: 0.06238672
brake: 0.0
steer: 0.7743743906402341
linkid: A219BS010663
trafficlightid: null
turn_signal_lamp: 1.0