position: 0.7276619692445441 0.462609872359101 0.4323408858021178
orientation: 0.17728322388864864 0.5188293578222269 0.07797810205897596
enu_velocity: 0.8542681753319687 0.21183934696826695 0.6177600308507604
velocity: 0.4416836433353028 0.7657385237069632 0.42422551815967746
angularVelocity: 0.45993720956651424 0.455479518697732 0.7688277989423413
acceleration: 0.5839090374134926 0.7515291214318198 0.46121213971753255
accel: 0.06935652
brake: 0.0
steer: 0.7703119922001951
linkid: A219BS010663
trafficlightid: null
turn_signal_lamp: 1.0