position: 0.7309181415143727 0.4619820303070936 0.4379585271080204
orientation: 0.19732895800329298 0.5170283545058721 0.08439170385766925
enu_velocity: 0.856435473942726 0.22036026433988287 0.6104205247322236
velocity: 0.44270669750325764 0.7791130821887677 0.4154568498926141
angularVelocity: 0.454184081997819 0.46232202209189316 0.7816412320053419
acceleration: 0.5896071244510386 0.771532441739645 0.4523373086282045
accel: 0.09631316
brake: 0.0
steer: 0.7885927851803706
linkid: A219BS010663
trafficlightid: null
turn_signal_lamp: 1.0