position: 0.7317362298370815 0.4618296414595191 0.4390022099802353
orientation: 0.20393763080402721 0.5164199546321063 0.08605544144231729
enu_velocity: 0.8570292053460032 0.22258054035564223 0.607302199391351
velocity: 0.4430566897186107 0.7827180154263935 0.41183598869549065
angularVelocity: 0.4637734847351851 0.4579426059628967 0.7857150152473109
acceleration: 0.5953188867074649 0.7564411516865138 0.4533844585801692
accel: 0.1013736
brake: 0.0
steer: 0.7842053948651284
linkid: A219BS010663
trafficlightid: null
turn_signal_lamp: 1.0