position: 0.7333786034692678 0.4615431504260794 0.43999042439210934
orientation: 0.2146842226266565 0.5135948311276091 0.08942922440366935
enu_velocity: 0.8583310505159225 0.22671446270023343 0.6054560101083637
velocity: 0.4440665319297181 0.7871064761773185 0.40787897443231114
angularVelocity: 0.43995680097735207 0.4507577610403001 0.789600295654945
acceleration: 0.6011576509743708 0.744269860626857 0.46067935764883666
accel: 0.1097836
brake: 0.0
steer: 0.8055736106597337
linkid: A219BS010663
trafficlightid: null
turn_signal_lamp: 1.0