position: 0.07678280660480703 0.09658405159276828 0.8525319892449577
orientation: 0.9671467189975529 0.5568758557794744 0.4984473189131052
enu_velocity: 0.8926104731628461 0.9970405719340454 0.5591264498771193
velocity: 0.9997679182674547 0.5213526138813515 0.7358385384012367
angularVelocity: 0.4202809359354746 0.4772076459417592 0.5313016373568392
acceleration: 0.587823788821247 0.5355140677330522 0.47306027731486544
accel: 0.02733127
brake: 0.0
steer: 0.56979200519987
linkid: A219BS010380
trafficlightid: null
turn_signal_lamp: 0.0