position: 0.7342029748480058 0.46140295268630993 0.4402925815313381
orientation: 0.21748191194011068 0.5117483216530629 0.09112809014773501
enu_velocity: 0.8590176856271486 0.2287668750029374 0.6067291784746288
velocity: 0.44465084941745847 0.789088350279729 0.4078963270808572
angularVelocity: 0.4231476611749262 0.4487093691036869 0.7906142049032749
acceleration: 0.6038329741469546 0.7446143195486346 0.4621435915247356
accel: 0.1169584
brake: 0.0
steer: 0.8009424764380891
linkid: A219BS010663
trafficlightid: null
turn_signal_lamp: 1.0