position: 0.7350292397504787 0.46126275494654134 0.4406407191047972
orientation: 0.21946661698007836 0.5098700255746746 0.09284997278252671
enu_velocity: 0.8596535220136614 0.23121558053156915 0.6081902898021756
velocity: 0.44507064065011837 0.7940161818306771 0.4080834566475904
angularVelocity: 0.4177097650675429 0.4488351547260669 0.7949262692135801
acceleration: 0.5994861135323309 0.7783050104733924 0.4626805195284353
accel: 0.1295349
brake: 0.0
steer: 0.7963925901852454
linkid: A219BS010663
trafficlightid: null
turn_signal_lamp: 1.0