position: 0.7375225801629514 0.46086654394284743 0.44121875884940875
orientation: 0.21568761513844148 0.50274932742112 0.09808637022482405
enu_velocity: 0.8619936726608594 0.23750874311457382 0.6097413286544928
velocity: 0.4473583034423509 0.7999686942332904 0.4057551497690528
angularVelocity: 0.36131721447010434 0.4411681148540394 0.7978200504941679
acceleration: 0.6162588791101211 0.7366474219743004 0.4547578715116378
accel: 0.1375522
brake: 0.0
steer: 0.8202794930126749
linkid: A219BS010663
trafficlightid: null
turn_signal_lamp: 1.0