position: 0.7391978322527152 0.46062272178672803 0.4406750219684299
orientation: 0.20392050165144543 0.4970381798448984 0.10161118783103563
enu_velocity: 0.8635682626614543 0.24232920045992412 0.6021554868267577
velocity: 0.44884228040673574 0.808636257554592 0.39576935452507367
angularVelocity: 0.3524007893173644 0.43986165230668517 0.8053508428436698
acceleration: 0.6051311226940577 0.8175236149989535 0.44529229636930917
accel: 0.1558766
brake: 0.0
steer: 0.8483912902177446
linkid: A219BS010663
trafficlightid: null
turn_signal_lamp: 1.0