position: 0.7400380403754172 0.4605008107086688 0.440200620662877
orientation: 0.2018534754942176 0.49452721631738933 0.10349868247481336
enu_velocity: 0.8642848997040549 0.24626238109823945 0.5955352662574656
velocity: 0.44916684583721267 0.8244129859571022 0.3880808232305748
angularVelocity: 0.3884681482750799 0.4426855836254266 0.8241051395629966
acceleration: 0.5945701829376447 0.9193202022625965 0.4429659099818435
accel: 0.1747802
brake: 0.0
steer: 0.8438414039649009
linkid: A219BS010663
trafficlightid: null
turn_signal_lamp: 1.0