position: 0.7408803141603757 0.46038499518451204 0.43973278799078663
orientation: 0.20135821170490645 0.49238992356105743 0.105463612515248
enu_velocity: 0.865101088609852 0.24957388363478988 0.5922613675554632
velocity: 0.44983118291265123 0.8343078696019415 0.38386290884453156
angularVelocity: 0.39548516281487495 0.4461126305815443 0.8345918864056732
acceleration: 0.6085952831000208 0.8613130129676125 0.4536255796079158
accel: 0.1829756
brake: 0.0
steer: 0.8387227819304519
linkid: A219BS010663
trafficlightid: null
turn_signal_lamp: 1.0