position: 0.7417255143001968 0.4602752752142578 0.4393196939308748
orientation: 0.200379681760582 0.4906528854396543 0.10746838369748704
enu_velocity: 0.8660628550690224 0.25238921250360913 0.5879707797482999
velocity: 0.45085672990265274 0.8398125258047322 0.3790817745742715
angularVelocity: 0.3889035044604693 0.44971022270787914 0.8395903350501535
acceleration: 0.6205402183437029 0.816882108205211 0.4473637021879628
accel: 0.1840611
brake: 0.0
steer: 0.8665908352291194
linkid: A219BS010663
trafficlightid: null
turn_signal_lamp: 1.0