position: 0.07772071366668573 0.09776658904994662 0.8518181977421415
orientation: 0.967543869602772 0.5568181267455905 0.49850601198445665
enu_velocity: 0.8924984773167499 0.9971658311624119 0.562624458240074
velocity: 0.9998192704016162 0.5215969168766527 0.7391337104409752
angularVelocity: 0.42235638925937813 0.4670844666622929 0.5315068228407526
acceleration: 0.5892273166379546 0.5357005511956484 0.46026449061534935
accel: 0.02674628
brake: 0.0
steer: 0.56979200519987
linkid: A219BS010380
trafficlightid: null
turn_signal_lamp: 0.0