position: 0.742573899002663 0.4601655552440045 0.4389263057713473
orientation: 0.19823626102833744 0.4893888690440385 0.10948515654417608
enu_velocity: 0.8670580327699504 0.2548231035231764 0.582539621342105
velocity: 0.4520433131968694 0.8419267250722975 0.37364472762881723
angularVelocity: 0.3768356620286558 0.45372123746436893 0.8406408342752689
acceleration: 0.6260790245558637 0.7802863013673409 0.44594167828784814
accel: 0.1844473
brake: 0.0
steer: 0.8609847253818655
linkid: A219BS010663
trafficlightid: null
turn_signal_lamp: 1.0