position: 0.7451357505466324 0.459866873102758 0.4386569917994261
orientation: 0.19848799452387494 0.4904088199130671 0.11583651957430371
enu_velocity: 0.8698850329399046 0.2640459629849785 0.5628579574189849
velocity: 0.4551812775892224 0.860769899257972 0.35732137889900495
angularVelocity: 0.39795319481137437 0.4726777900506534 0.8608964108009247
acceleration: 0.629559841262712 0.7999947218766552 0.44308108968594107
accel: 0.2008541
brake: 0.0
steer: 0.8430289242768931
linkid: A219BS010663
trafficlightid: null
turn_signal_lamp: 1.0