position: 0.745996443153375 0.459775439794214 0.4384497149213078
orientation: 0.19777666490484536 0.4915743762342253 0.11797823029593858
enu_velocity: 0.8709214632964725 0.26638513718541906 0.5571458001835174
velocity: 0.456566538800559 0.8604847553106294 0.3534316824482756
angularVelocity: 0.38942467347329857 0.47355984496741 0.8599855286146012
acceleration: 0.6330910151132332 0.7703689530965093 0.44480152230718184
accel: 0.1989777
brake: 0.0
steer: 0.86561585960351
linkid: A219BS010663
trafficlightid: null
turn_signal_lamp: 1.0