position: 0.7477277263318378 0.4595986687310276 0.4365586783325597
orientation: 0.1971953578406455 0.493262665393682 0.12227034883577553
enu_velocity: 0.872824028955955 0.2717078043446767 0.5397813768336714
velocity: 0.4590476445836133 0.8647511377049163 0.3392931106497302
angularVelocity: 0.4129153335110662 0.47077495107281303 0.8656832523709858
acceleration: 0.6191481611459048 0.8505709579241509 0.43888397218422714
accel: 0.2070876
brake: 0.0
steer: 0.8531849203769907
linkid: A219BS010663
trafficlightid: null
turn_signal_lamp: 1.0