position: 0.7485978865572546 0.45951942653028777 0.4352544396663718
orientation: 0.19977596947570553 0.49431789511675084 0.12446189660604438
enu_velocity: 0.873740962983583 0.2744718423180436 0.5349741141941325
velocity: 0.46026538815341345 0.8670914734362973 0.3359171049155083
angularVelocity: 0.4249752582895344 0.47352873735054307 0.8687024708348632
acceleration: 0.6273581112302902 0.8079955283248035 0.452458715981506
accel: 0.2080412
brake: 0.0
steer: 0.8470100747481314
linkid: A219BS010663
trafficlightid: null
turn_signal_lamp: 1.0