position: 0.7503483631808476 0.45936703768271414 0.43294447023241256
orientation: 0.2068608616281758 0.49745732113906077 0.12883864058078412
enu_velocity: 0.8757267158164216 0.2791176662305412 0.5320674390008978
velocity: 0.4631229100655155 0.8641244923633893 0.33639329995927797
angularVelocity: 0.4314555171317746 0.4794426907497054 0.8659234174760669
acceleration: 0.63489503409289 0.7542892423867674 0.4580841685237498
accel: 0.2006147
brake: 0.0
steer: 0.858222294442639
linkid: A219BS010663
trafficlightid: null
turn_signal_lamp: 1.0