position: 0.7521123526783665 0.45923293549684807 0.43134756245310735
orientation: 0.21611468755449978 0.5020015938914985 0.13317993306359366
enu_velocity: 0.8775085918883301 0.2841371937968688 0.5326039431307598
velocity: 0.46570672011689285 0.8640222009473351 0.3411071164170879
angularVelocity: 0.4567391278570967 0.4880072877219738 0.8677895062921372
acceleration: 0.6221370612591037 0.8270188668360167 0.4612378104819479
accel: 0.2059557
brake: 0.0
steer: 0.8457913552161197
linkid: A219BS010663
trafficlightid: null
turn_signal_lamp: 1.0