position: 0.7538882197338586 0.45911711997269133 0.4307884987607178
orientation: 0.2311332683485567 0.5081423951476822 0.13756319849070575
enu_velocity: 0.879319617564017 0.2890990857711034 0.5351598489131408
velocity: 0.4684316238961119 0.8625676841453075 0.3486835094903291
angularVelocity: 0.4676118253786417 0.4930540889648445 0.8671034194374483
acceleration: 0.6344348542992364 0.765585960682891 0.46351791888375593
accel: 0.1990983
brake: 0.0
steer: 0.8333604159896004
linkid: A219BS010663
trafficlightid: null
turn_signal_lamp: 1.0