position: 0.7583801744484482 0.4588976800321847 0.43300796702254063
orientation: 0.2687187343276385 0.5257499642935235 0.14856593536341944
enu_velocity: 0.8832343582118098 0.30299886735415527 0.5627077789912139
velocity: 0.47461132974981607 0.8688830749047003 0.3900097575948357
angularVelocity: 0.4393545276546037 0.5053807178664269 0.8730104695921922
acceleration: 0.6289524496105029 0.7978428125769088 0.48508334887860177
accel: 0.2034581
brake: 0.0
steer: 0.8375040623984402
linkid: A219BS010663
trafficlightid: null
turn_signal_lamp: 1.0