position: 0.7620219370060974 0.4588001511697364 0.44454394707724987
orientation: 0.2763969384060969 0.54443336031156 0.15753181989239165
enu_velocity: 0.8858856084314973 0.3154148134056391 0.5998706382951221
velocity: 0.47928113328985006 0.8811932019845594 0.44345949028556875
angularVelocity: 0.4097672515912762 0.5114542138685406 0.8835965745832137
acceleration: 0.625074987610544 0.8410256866623664 0.477992591387492
accel: 0.2105124
brake: 0.0
steer: 0.8492850178745532
linkid: A219BS010663
trafficlightid: null
turn_signal_lamp: 1.0