position: 0.7657026028695716 0.45878186450802794 0.459967828293002
orientation: 0.27426500577006707 0.5611595639049001 0.16676128179749203
enu_velocity: 0.8882075192681438 0.32830903515452353 0.6163076986327389
velocity: 0.48400552963270604 0.8930542361808095 0.47631267554296786
angularVelocity: 0.3788363421053538 0.49539079548668885 0.8940585314687186
acceleration: 0.6203968965078862 0.8688100961907294 0.45965014956058975
accel: 0.212146
brake: 0.0
steer: 0.8578973025674359
linkid: A219BS010663
trafficlightid: null
turn_signal_lamp: 1.0