position: 0.7675565347444951 0.4588062467236389 0.46472497861544904
orientation: 0.268286635191909 0.5641279765731304 0.17147167642811176
enu_velocity: 0.8894727143514409 0.33434798076198075 0.6065879766414646
velocity: 0.48672918700090173 0.8937308788811333 0.4715767976777099
angularVelocity: 0.3597899106146662 0.46945205931563244 0.8928035646768494
acceleration: 0.6305594248551899 0.8088237640752514 0.4379615930886453
accel: 0.1994333
brake: 0.0
steer: 0.8734969125771856
linkid: A219BS010663
trafficlightid: null
turn_signal_lamp: 1.0