position: 0.08053289851601877 0.1013142014214834 0.846339957435255
orientation: 0.9732011878236153 0.5500370321061803 0.4986874070042262
enu_velocity: 0.8921612965198271 0.9973239888178043 0.5682828995334146
velocity: 0.9997494713843093 0.5212235546214078 0.7330604578483239
angularVelocity: 0.43513285401568463 0.44478485840244447 0.532044615180041
acceleration: 0.5709862768219351 0.5312950044403747 0.4695107542246156
accel: 0.02477806
brake: 0.0
steer: 0.5698732531686709
linkid: A219BS010380
trafficlightid: null
turn_signal_lamp: 0.0