position: 0.7712907356881086 0.4589037755860872 0.4609991037464565
orientation: 0.2627760711664974 0.5557337474239308 0.18095250360474652
enu_velocity: 0.8912833990960896 0.3469705146315244 0.5597077382374743
velocity: 0.4915188952813807 0.8979834810846565 0.4225465840134147
angularVelocity: 0.39006599191940367 0.43865608426912517 0.8992072072536603
acceleration: 0.62422445811831 0.8199846934423001 0.4250688325400078
accel: 0.1864547
brake: 0.0
steer: 0.8502599935001627
linkid: A219BS010663
trafficlightid: null
turn_signal_lamp: 1.0