position: 0.773169541579367 0.45898301778682615 0.45445528512248323
orientation: 0.26246080802910593 0.549053500417787 0.18569818641697652
enu_velocity: 0.8920429934495215 0.3528978712265658 0.5379724314417075
velocity: 0.49385018245942996 0.8961811028003998 0.39725889192439123
angularVelocity: 0.4021886038576184 0.44045893145676646 0.8982489266692242
acceleration: 0.6057657445054381 0.8920709698919886 0.43518825359763635
accel: 0.1682451
brake: 0.0
steer: 0.861553461163471
linkid: A219BS010663
trafficlightid: null
turn_signal_lamp: 1.0