position: 0.77505402804183 0.45908664220317696 0.44742830701500846
orientation: 0.26848951807888094 0.544533388335086 0.19049905496482827
enu_velocity: 0.8924277341262935 0.359276896660728 0.5206381425199563
velocity: 0.4957886008829235 0.8975570018474288 0.3772446610085987
angularVelocity: 0.4247411634972466 0.4507247067326462 0.9011243633815047
acceleration: 0.6147968776287153 0.8247974520166421 0.4389249544416291
accel: 0.1681666
brake: 0.0
steer: 0.8502599935001627
linkid: A219BS010663
trafficlightid: null
turn_signal_lamp: 1.0