position: 0.7778906987351322 0.45927560437416926 0.4368199639746946
orientation: 0.27730686139646243 0.5418120345507554 0.1976296219492139
enu_velocity: 0.8928966847695365 0.36814478005153817 0.5041103288108651
velocity: 0.49865908546966825 0.893842887098367 0.3597878965712387
angularVelocity: 0.4250522125251156 0.46832739431315334 0.8979233849516431
acceleration: 0.6004448861426124 0.8558239181228048 0.44762857288711183
accel: 0.148048
brake: 0.0
steer: 0.8516412089697758
linkid: A219BS010663
trafficlightid: null
turn_signal_lamp: 1.0