position: 0.08146928903752439 0.10249064332475921 0.844670064839711
orientation: 0.9747894288699652 0.5473874832621436 0.4987485113688918
enu_velocity: 0.8918900858788239 0.9970469064137835 0.5738085249282725
velocity: 0.9992606289809566 0.5211460514718392 0.7336192305713555
angularVelocity: 0.4307485395372036 0.44817578581955864 0.5319884381622946
acceleration: 0.5652855132051428 0.5328221481102784 0.46957995333079844
accel: 0.03848933
brake: 0.0
steer: 0.5698732531686709
linkid: A219BS010380
trafficlightid: null
turn_signal_lamp: 0.0