position: 0.7788380630873738 0.4593487510210048 0.43369402429518544
orientation: 0.28092391324380545 0.5423825185652296 0.20000915195416966
enu_velocity: 0.8928827065969644 0.37119781538097507 0.5003602486947583
velocity: 0.4994318603041371 0.8934361948017233 0.3567682741265034
angularVelocity: 0.4259372340462154 0.4743818396335489 0.8975591709008739
acceleration: 0.6046032138743637 0.8267610980215017 0.4490760051506921
accel: 0.1433029
brake: 0.0
steer: 0.8461975950601236
linkid: A219BS010663
trafficlightid: null
turn_signal_lamp: 1.0