position: 0.7797862020629615 0.45942799322174377 0.43067464244738485
orientation: 0.28396731555317656 0.5434198594148356 0.20237529928123185
enu_velocity: 0.8929208908732591 0.3740477386826857 0.49727314394992783
velocity: 0.5002759298491408 0.891308038674282 0.3548815441938823
angularVelocity: 0.4192338285755377 0.4783322703612922 0.8949734792080183
acceleration: 0.6062151905768577 0.8066377924678725 0.4510721400642199
accel: 0.1349522
brake: 0.0
steer: 0.8407539811504714
linkid: A219BS010663
trafficlightid: null
turn_signal_lamp: 1.0