position: 0.7807349435233738 0.45951333097638525 0.427741382682747
orientation: 0.28601502262818873 0.5448113429426754 0.20471804062251045
enu_velocity: 0.8929543021150168 0.3767378287569442 0.49512654395183087
velocity: 0.5011082831305251 0.8880050329496727 0.3542942573197221
angularVelocity: 0.4095895939850314 0.48142837271348976 0.8909654389324689
acceleration: 0.6055304399988733 0.7908051102053743 0.45336931247929624
accel: 0.1214329
brake: 0.0
steer: 0.8494475138121549
linkid: A219BS010663
trafficlightid: null
turn_signal_lamp: 1.0