position: 0.7816842013993502 0.4595986687310276 0.42511246960182403
orientation: 0.2872813512458495 0.5467778361561642 0.20704271370456911
enu_velocity: 0.892803099199511 0.37962028267718007 0.49609738958833516
velocity: 0.5017200216607789 0.8867376087376302 0.35717401218522166
angularVelocity: 0.4052926299652197 0.4883712471978229 0.889814193321407
acceleration: 0.5903591602422928 0.8502456782296438 0.46432595477766136
accel: 0.1100321
brake: 0.0
steer: 0.8440851478713034
linkid: A219BS010663
trafficlightid: null
turn_signal_lamp: 1.0