position: 0.7835825450127817 0.4597937264559224 0.4218580766457345
orientation: 0.2884104515006113 0.5534791079339076 0.21168420124456713
enu_velocity: 0.8922809633142861 0.3853923219158083 0.5041747089473847
velocity: 0.5026957122098471 0.884541965009269 0.3712534628997758
angularVelocity: 0.3911300289051722 0.502682285364793 0.8866638855640047
acceleration: 0.5928797107528297 0.8029348207003089 0.4691595870095309
accel: 0.1013988
brake: 0.0
steer: 0.8336041598960027
linkid: A219BS010663
trafficlightid: null
turn_signal_lamp: 1.0