position: 0.7845315446809761 0.4598973508722741 0.42100415429574056
orientation: 0.28732537389073376 0.5576737280440803 0.21397442571350583
enu_velocity: 0.89204947113925 0.38800633693179465 0.508844477087332
velocity: 0.5032072392938245 0.881365101030882 0.37979192517607707
angularVelocity: 0.38059228636966413 0.5061049728807689 0.8826792470080256
acceleration: 0.5926965614787263 0.786127987126289 0.4681159420981294
accel: 0.08887899
brake: 0.0
steer: 0.8506662333441666
linkid: A219BS010663
trafficlightid: null
turn_signal_lamp: 1.0