position: 0.7892433202873278 0.46048861960086285 0.4248219900331933
orientation: 0.2914268193816144 0.589848755632857 0.2254971360685693
enu_velocity: 0.8866008817499444 0.4020323054379874 0.5232569652539362
velocity: 0.5001365810967318 0.8806736181251202 0.41897987354366373
angularVelocity: 0.3822748756794552 0.5262009164145469 0.881906097823749
acceleration: 0.5666307454912657 0.7697602811398537 0.46683205719004844
accel: 0.01940246
brake: 0.0
steer: 0.8511537211569712
linkid: A219BS010663
trafficlightid: null
turn_signal_lamp: 1.0