position: 0.791111367521002 0.4607629195264975 0.4275143999042439
orientation: 0.2897713988106875 0.6028545368036131 0.23005782336169472
enu_velocity: 0.8840401487209375 0.4076353979718631 0.5315622811394027
velocity: 0.49853843288260924 0.8822263629536178 0.4371705067758168
angularVelocity: 0.38921492833376237 0.528485499663183 0.884098819115516
acceleration: 0.5179716690633571 0.8383175797717763 0.4640304817665532
accel: 0.02985312
brake: 0.0
steer: 0.8421351966200846
linkid: A219BS010663
trafficlightid: null
turn_signal_lamp: 1.0