position: 0.7929689143048738 0.4610494105599363 0.43028490352867
orientation: 0.2898098562878553 0.6148514852896443 0.2346304027150286
enu_velocity: 0.8821423560959918 0.41295372499080996 0.5373377951796046
velocity: 0.49792544794133214 0.8801388407220183 0.4525363206629932
angularVelocity: 0.3889323905078429 0.5159949149425188 0.8815694502053549
acceleration: 0.5601528070967413 0.7972628327442498 0.46041039985610893
accel: 0.01193932
brake: 0.0
steer: 0.8547286317842056
linkid: A219BS010663
trafficlightid: null
turn_signal_lamp: 1.0