position: 0.7938940727878614 0.4612017994075117 0.43130304171520173
orientation: 0.28950212780935264 0.619935916496164 0.23688803088252952
enu_velocity: 0.8809218229787179 0.4151817454188941 0.5387945528587671
velocity: 0.4971464410517466 0.8764916835665395 0.4577223209995823
angularVelocity: 0.38524561363917154 0.5133917627374703 0.87741376094489
acceleration: 0.5275201599857493 0.7719154125497816 0.4581277580924056
accel: 0.003524797
brake: 0.0
steer: 0.8501787455313619
linkid: A219BS010663
trafficlightid: null
turn_signal_lamp: 1.0