position: 0.7948155302926401 0.4613541882550871 0.4324489033301515
orientation: 0.29097658285837275 0.6251921093960915 0.2391663742516839
enu_velocity: 0.879171142096818 0.4181337968810248 0.5391802322460463
velocity: 0.4958407008636989 0.8800801865767162 0.4614715394764034
angularVelocity: 0.40617961751231924 0.5153999015540902 0.8827696807717886
acceleration: 0.517234079644219 0.8563698356478313 0.4538969037801163
accel: 0.01825818
brake: 0.0
steer: 0.8461163470913229
linkid: A219BS010663
trafficlightid: null
turn_signal_lamp: 1.0