position: 0.08334118356715067 0.10485571823911588 0.8405383943924307
orientation: 0.9803256866242496 0.540263292858391 0.4988728573809333
enu_velocity: 0.891752690670371 0.9973732342893153 0.575002340198214
velocity: 0.9995151461119219 0.5209280322470597 0.7227953634420679
angularVelocity: 0.4504688054020581 0.4325555174343548 0.5324175691781107
acceleration: 0.5929911930189697 0.5305854067868074 0.45861502393335213
accel: 0.03026103
brake: 0.0
steer: 0.5698732531686709
linkid: A219BS010380
trafficlightid: null
turn_signal_lamp: 0.0