position: 0.7975590740458928 0.46185402367513095 0.4341231750146699
orientation: 0.29591638219866184 0.6386750459765429 0.2459973490022096
enu_velocity: 0.8749621779629336 0.42551160629941537 0.5298976345057425
velocity: 0.49315019802872395 0.8766837228916706 0.4613876538085575
angularVelocity: 0.38792781242122987 0.5010673494066178 0.8781102595815911
acceleration: 0.5296491062463412 0.7848643061998923 0.4413634830434121
accel: 0.0
brake: 0.004392024
steer: 0.8515599610009751
linkid: A219BS010663
trafficlightid: null
turn_signal_lamp: 1.0