position: 0.7984665022611814 0.4620246991844148 0.4336035231230495
orientation: 0.2954463727067985 0.6419869820315887 0.24824675685159409
enu_velocity: 0.8733245157202449 0.4280153605003504 0.5246140558031799
velocity: 0.49198131377103865 0.8770723949388539 0.4581836921727347
angularVelocity: 0.38658622917360735 0.49824549025597015 0.8785909864310681
acceleration: 0.5132953440766982 0.8655916684209267 0.44187387038379083
accel: 0.0
brake: 0.0102118
steer: 0.8472538186545338
linkid: A219BS010663
trafficlightid: null
turn_signal_lamp: 1.0