position: 0.7993696270134366 0.46220147024760116 0.43290797782429324
orientation: 0.295790600373907 0.6453651995699827 0.25051298895205687
enu_velocity: 0.8714526338542135 0.43056956576732724 0.5199715136746749
velocity: 0.49052700138900923 0.8784830978010172 0.4553558208543955
angularVelocity: 0.39058843464168413 0.49902234177222 0.8800391165692205
acceleration: 0.5090909298524608 0.8260945815153984 0.44214997661450933
accel: 0.0
brake: 0.006579429
steer: 0.8430289242768931
linkid: A219BS010663
trafficlightid: null
turn_signal_lamp: 1.0