position: 0.8011627939903241 0.4625672034817798 0.4307031065257183
orientation: 0.29493646060103373 0.6517945034547619 0.25501898372864756
enu_velocity: 0.8680837237988104 0.43499440420233476 0.5106858997985831
velocity: 0.487991801367542 0.8753216040354053 0.449798090162269
angularVelocity: 0.3766638833756437 0.496026241248406 0.8756269008319408
acceleration: 0.5198857581776118 0.7814867675606539 0.4429833858850872
accel: 0.0
brake: 0.01286862
steer: 0.8494475138121549
linkid: A219BS010663
trafficlightid: null
turn_signal_lamp: 1.0