position: 0.8046934411324429 0.4633474343813626 0.42373086703042295
orientation: 0.2862776587932071 0.6630897947326604 0.263876102488515
enu_velocity: 0.8603379410731384 0.4431301034706615 0.5065174206078555
velocity: 0.4814855358257236 0.8697259632397512 0.4506416555996299
angularVelocity: 0.35043824402513607 0.486881702504778 0.868232254927227
acceleration: 0.5012727454044824 0.7736854250761185 0.4626902776631431
accel: 0.0
brake: 0.02068439
steer: 0.8325479363015926
linkid: A219BS010663
trafficlightid: null
turn_signal_lamp: 1.0