position: 0.8072864497487764 0.4639752764333691 0.4171885081027744
orientation: 0.2733434248374591 0.6679404589871561 0.27040851528505133
enu_velocity: 0.8537567787744518 0.4490958960540483 0.5094102090092335
velocity: 0.4756939623646865 0.8700538611122839 0.45381178393074983
angularVelocity: 0.3636153611654786 0.4856128365435806 0.868842781992456
acceleration: 0.47575602325487565 0.8166717504405085 0.45122252284359304
accel: 0.0
brake: 0.02982079
steer: 0.8443288917777056
linkid: A219BS010663
trafficlightid: null
turn_signal_lamp: 1.0