position: 0.8081390518450156 0.46418862081997325 0.4152909028805647
orientation: 0.27118890629348913 0.6701191954881838 0.2726033950242634
enu_velocity: 0.8514768024555217 0.4509422947286299 0.5089028339288706
velocity: 0.47363638704736205 0.8695358672748559 0.4535854147065005
angularVelocity: 0.36705682465381306 0.48709830143162436 0.8683357777883767
acceleration: 0.4870695187410029 0.7861365794201061 0.45133747036260796
accel: 0.0
brake: 0.03001269
steer: 0.8401852453688659
linkid: A219BS010663
trafficlightid: null
turn_signal_lamp: 1.0