position: 0.808986059439311 0.4644080607604817 0.41338089023959457
orientation: 0.26895657658635647 0.6723296473226413 0.2747845742332814
enu_velocity: 0.8493355850691979 0.45259146631149993 0.5081801642034591
velocity: 0.47170818919425983 0.8672866928054508 0.4532605975415046
angularVelocity: 0.3652996411046312 0.4869918178040826 0.8657501852553497
acceleration: 0.4909935696629992 0.7637956948925564 0.4510634537976336
accel: 0.0
brake: 0.03164448
steer: 0.8357978550536238
linkid: A219BS010663
trafficlightid: null
turn_signal_lamp: 1.0