position: 0.8098273864624019 0.46462750070098924 0.41140446141584697
orientation: 0.2663279527316336 0.6744959115015334 0.27694251734309017
enu_velocity: 0.8472574399249679 0.4540550376380483 0.5071543189717993
velocity: 0.4698026760217825 0.8637568439405763 0.4526304958410323
angularVelocity: 0.36148780738759134 0.48635046026868634 0.861730245800358
acceleration: 0.49204395192814954 0.7450845942013065 0.4502745095606979
accel: 0.0
brake: 0.03917843
steer: 0.8478225544361393
linkid: A219BS010663
trafficlightid: null
turn_signal_lamp: 1.0