position: 0.8106627747065063 0.4648530361953984 0.40942803259209937
orientation: 0.2633147035127989 0.6766486343021072 0.27908089609578185
enu_velocity: 0.844908425070773 0.4556018767224421 0.5085900803961766
velocity: 0.4675735945476468 0.8622993237636386 0.4541427922417093
angularVelocity: 0.3596878226109055 0.48579839955487825 0.860475576487975
acceleration: 0.4709512742298554 0.8087729774814392 0.4617009910963382
accel: 0.0
brake: 0.04365012
steer: 0.8435164120896979
linkid: A219BS010663
trafficlightid: null
turn_signal_lamp: 1.0