position: 0.8114915356175387 0.4650785716898085 0.40750707222869353
orientation: 0.25984526954600734 0.6785529797161556 0.281223823424498
enu_velocity: 0.8423309864208872 0.4572166786442824 0.5128462968225906
velocity: 0.46508102178317773 0.8624214021202767 0.458012345668247
angularVelocity: 0.3513412390018249 0.4828708598314517 0.8601603473925773
acceleration: 0.46758522461265345 0.7818519400478836 0.4617561843530473
accel: 0.0
brake: 0.03932523
steer: 0.8393727656808581
linkid: A219BS010663
trafficlightid: null
turn_signal_lamp: 1.0