position: 0.8131298639944732 0.46554183378643543 0.40305207904547524
orientation: 0.24602345277315557 0.6800920642676664 0.28544934094695545
enu_velocity: 0.8377616581794726 0.4597560694021947 0.5230769037427193
velocity: 0.4606330794052978 0.8562326831144432 0.4665198522147299
angularVelocity: 0.3002648015174355 0.4668444095737034 0.8508217722062734
acceleration: 0.4862012291253843 0.6917238412217751 0.46880617586874995
accel: 0.0
brake: 0.03982501
steer: 0.8147546311342218
linkid: A219BS010663
trafficlightid: null
turn_signal_lamp: 1.0