position: 0.8139400339452001 0.4657795603886523 0.40048155381754347
orientation: 0.2341213297628566 0.6794003849172421 0.2874935148540327
enu_velocity: 0.835766018346522 0.46065701632518036 0.5308197641633159
velocity: 0.45864156387221017 0.8500780612472945 0.4727018422583207
angularVelocity: 0.27147747618870943 0.45769026751403286 0.8429861625433861
acceleration: 0.4901374601577172 0.6987349995427672 0.47265310260497356
accel: 0.0
brake: 0.04952209
steer: 0.8266168345791356
linkid: A219BS010663
trafficlightid: null
turn_signal_lamp: 1.0