position: 0.0852124583981001 0.10722079315347433 0.8356141088407969
orientation: 0.9871520514400738 0.5306077199540333 0.49899846384175256
enu_velocity: 0.891611204289458 0.9976074057015631 0.5875893821966481
velocity: 0.9996654632813364 0.5203760755394724 0.7187083351136511
angularVelocity: 0.44087319476547493 0.4280523878510721 0.5323781729781731
acceleration: 0.5890664676233636 0.5330127435992015 0.4788273603720814
accel: 0.02927714
brake: 0.0
steer: 0.56979200519987
linkid: A219BS010380
trafficlightid: null
turn_signal_lamp: 0.0