position: 0.8147440069091583 0.4660172869908683 0.39782928559542485
orientation: 0.22026323098748984 0.6778987173321374 0.289498943661721
enu_velocity: 0.8335588308042785 0.4617093368800971 0.5386468340179184
velocity: 0.45643840774735994 0.8465646426098692 0.4783275883568088
angularVelocity: 0.2609198018215193 0.45040005033432534 0.8380349139773611
acceleration: 0.4782269870137186 0.7504532434988557 0.47099302538275956
accel: 0.0
brake: 0.05466076
steer: 0.8225544361390966
linkid: A219BS010663
trafficlightid: null
turn_signal_lamp: 1.0