position: 0.815541524678566 0.4662611091469877 0.39523686492262167
orientation: 0.2062318531264064 0.6759423445171813 0.2914866165822778
enu_velocity: 0.8311385613630695 0.4627068335345723 0.544853529803461
velocity: 0.45393386943706676 0.8438681419479783 0.48179698447591945
angularVelocity: 0.2604766809809169 0.44695826158720187 0.8352960203491833
acceleration: 0.46854966097424133 0.7292635729089887 0.46445095463850933
accel: 0.0
brake: 0.0534198
steer: 0.8186545336366592
linkid: A219BS010663
trafficlightid: null
turn_signal_lamp: 1.0