position: 0.8171171085644691 0.4667487534592274 0.3905001503487213
orientation: 0.18305708539446303 0.6725669777952754 0.2954075439174606
enu_velocity: 0.826449566327196 0.4644107064150503 0.5448400918413348
velocity: 0.44902525354496153 0.8368264644676897 0.47673838222739984
angularVelocity: 0.29734915436019815 0.45013251120601977 0.8292901078452379
acceleration: 0.4712097209460596 0.7058230282066594 0.44980321837150156
accel: 0.0
brake: 0.05649093
steer: 0.8232044198895029
linkid: A219BS010663
trafficlightid: null
turn_signal_lamp: 1.0