position: 0.8178953468194856 0.4669986711692493 0.38826827466813807
orientation: 0.17476494935950337 0.6712987208101335 0.2973380034239269
enu_velocity: 0.8241375424906615 0.465090048716236 0.5426614094941132
velocity: 0.4465431506330885 0.8324639740762811 0.4721183921506733
angularVelocity: 0.3189347811036597 0.4525442710826075 0.8260298318378212
acceleration: 0.4682093791417133 0.695840163695472 0.44639983988771154
accel: 0.0
brake: 0.06112974
steer: 0.8193045173870654
linkid: A219BS010663
trafficlightid: null
turn_signal_lamp: 1.0