position: 0.8186668716721697 0.46724858887927123 0.3861736104420834
orientation: 0.16957980309569318 0.6705040557140767 0.29925881775713664
enu_velocity: 0.8215918104273418 0.46582764779720515 0.54004357418554
velocity: 0.4437875851426954 0.8298957351899607 0.46702822377766284
angularVelocity: 0.3502851311442616 0.4565411212437024 0.8250362503543723
acceleration: 0.45692724743970276 0.7137718205904502 0.44655169052209365
accel: 0.0
brake: 0.06027819
steer: 0.815404614884628
linkid: A219BS010663
trafficlightid: null
turn_signal_lamp: 1.0