position: 0.8194315970532606 0.46749850658929315 0.38414244300615685
orientation: 0.16754757730541947 0.6700571902295676 0.30116998691708974
enu_velocity: 0.8190677274849568 0.46644290968400964 0.5368815597587163
velocity: 0.4410090856894729 0.8266310666627328 0.4614030880738472
angularVelocity: 0.3783105257742566 0.45891087848813467 0.823399914861371
acceleration: 0.4591571211395711 0.7046389794318899 0.4433290490414653
accel: 0.0
brake: 0.05813349
steer: 0.8115859603509913
linkid: A219BS010663
trafficlightid: null
turn_signal_lamp: 1.0