position: 0.8209411658162263 0.4680044375632413 0.3794670356778975
orientation: 0.17013303135914185 0.6692436384742771 0.30494897675946186
enu_velocity: 0.81423315489571 0.46752818996736933 0.526128209828258
velocity: 0.43568840631305245 0.8192162640171482 0.4456041555669302
angularVelocity: 0.4142576201676018 0.45925401231613544 0.8181793482006308
acceleration: 0.46340272697445295 0.6914860188036214 0.43726863193845766
accel: 0.0
brake: 0.05474973
steer: 0.8037861553461164
linkid: A219BS010663
trafficlightid: null
turn_signal_lamp: 1.0