position: 0.8216859231288407 0.4682604508271657 0.3767359438542406
orientation: 0.17361866935972597 0.6688762394993737 0.3068126872828226
enu_velocity: 0.8118457852997014 0.4680724648134976 0.519723930218826
velocity: 0.4330796680412084 0.8160014161796046 0.43664731134226664
angularVelocity: 0.4263480569810944 0.45963183882690906 0.8158484972675021
acceleration: 0.46686027967055843 0.699789857042643 0.43657284003863184
accel: 0.0
brake: 0.05693222
steer: 0.8253168670783231
linkid: A219BS010663
trafficlightid: null
turn_signal_lamp: 1.0