position: 0.08614766977073449 0.10840333061065266 0.8338376584135438
orientation: 0.9887290898760854 0.5260408188457214 0.4990604450403506
enu_velocity: 0.8915026177537451 0.9977418601424521 0.5949878555651565
velocity: 0.9997315230655734 0.5205354628792578 0.7181041315871395
angularVelocity: 0.42885788806733144 0.4313044728357764 0.5322972585579642
acceleration: 0.5893051825608225 0.5365001101654815 0.47380759839995856
accel: 0.02823705
brake: 0.0
steer: 0.56979200519987
linkid: A219BS010380
trafficlightid: null
turn_signal_lamp: 0.0