position: 0.8231558139626358 0.46877247735501637 0.3705205569033416
orientation: 0.1848035362087519 0.6684222469736444 0.31053698460865997
enu_velocity: 0.8067543211730619 0.4695493794151069 0.5063292532317087
velocity: 0.4276891896474811 0.8147693257900332 0.4181042187863785
angularVelocity: 0.45133755557179034 0.4626447210442293 0.816499679862493
acceleration: 0.458585645587717 0.7261290734377216 0.4363639370765704
accel: 0.0
brake: 0.05411667
steer: 0.8178420539486514
linkid: A219BS010663
trafficlightid: null
turn_signal_lamp: 1.0