position: 0.8238806032067737 0.469034586172846 0.3670260439018267
orientation: 0.19054462104496356 0.6680455828451546 0.31239800982810273
enu_velocity: 0.8042196693684883 0.47022046645882765 0.5041036232946938
velocity: 0.4249897126531381 0.8139412776604205 0.41305608044652986
angularVelocity: 0.44142796216815183 0.45945244571403576 0.815639071709314
acceleration: 0.46283604734104383 0.7220405224851123 0.447795272234624
accel: 0.0
brake: 0.05064005
steer: 0.813942151446214
linkid: A219BS010663
trafficlightid: null
turn_signal_lamp: 1.0