position: 0.8245985069100578 0.46929669499067295 0.36334687931522724
orientation: 0.19438068392442037 0.6673310969628254 0.3142516915633615
enu_velocity: 0.8017080304090031 0.4709332793335964 0.5055857308770259
velocity: 0.4223538026209853 0.8136220365743929 0.411569246223619
angularVelocity: 0.41947970345902 0.4579218269209052 0.8145967035901509
acceleration: 0.4647372864388935 0.7271770264157799 0.46263871985231764
accel: 0.0
brake: 0.04718508
steer: 0.8099610009749757
linkid: A219BS010663
trafficlightid: null
turn_signal_lamp: 1.0