position: 0.8253096972110091 0.46955880380850257 0.36009686544811226
orientation: 0.19471813545777222 0.6668575050737405 0.3161009343268374
enu_velocity: 0.7992003121564587 0.4717708201577858 0.513154041415494
velocity: 0.41980289782062413 0.8144990220481285 0.41651588464935874
angularVelocity: 0.38659827777652406 0.46041023550656446 0.8138970318389318
acceleration: 0.4694817439177477 0.7412116177632173 0.47253338415960217
accel: 0.0
brake: 0.04647743
steer: 0.8266980825479364
linkid: A219BS010663
trafficlightid: null
turn_signal_lamp: 1.0