position: 0.8260144323174099 0.4698209126263295 0.3573526363575321
orientation: 0.19184643664117987 0.666604495110422 0.3179516019454534
enu_velocity: 0.7967128793006959 0.47277857458267536 0.5217697051062999
velocity: 0.4173905939260579 0.8167748735534995 0.4230124895469912
angularVelocity: 0.3591170630784525 0.4621122491305319 0.8149236335453336
acceleration: 0.4783688091734501 0.7633871006347864 0.4738967829166486
accel: 0.0
brake: 0.04488256
steer: 0.8225544361390966
linkid: A219BS010663
trafficlightid: null
turn_signal_lamp: 1.0