position: 0.8267127122292602 0.47008302144415914 0.3546018386334908
orientation: 0.188468885761634 0.6661779416933906 0.3198083525994756
enu_velocity: 0.7942242531862989 0.47374468491173927 0.5215620764730458
velocity: 0.4149777914670824 0.8189030296809409 0.4208498612224112
angularVelocity: 0.3604072963279301 0.45932576741024517 0.8155198815952317
acceleration: 0.47478146217657047 0.7494586854895183 0.45229313462107
accel: 0.0
brake: 0.04319138
steer: 0.8180857978550538
linkid: A219BS010663
trafficlightid: null
turn_signal_lamp: 1.0