position: 0.08708254547325223 0.109585868067831 0.8326677118092354
orientation: 0.9893466789428003 0.5219954033434946 0.499122316634707
enu_velocity: 0.8913780074592302 0.9978795839922385 0.6024399551098457
velocity: 0.9997896058192607 0.520855920685462 0.7184102009157664
angularVelocity: 0.4217297509840649 0.43650754710149214 0.5322337268557241
acceleration: 0.5884880159133141 0.5381892784130279 0.47700548672434084
accel: 0.02717181
brake: 0.0
steer: 0.5697107572310693
linkid: A219BS010380
trafficlightid: null
turn_signal_lamp: 0.0