position: 0.830113652995543 0.4714362344106213 0.339013011733039
orientation: 0.17469509566342617 0.660682992912585 0.3290779669224264
enu_velocity: 0.7836272641869503 0.4769456814275711 0.5231734290645257
velocity: 0.40454034555765944 0.8110831247607238 0.41094167330107545
angularVelocity: 0.35141812056329325 0.44804810011224844 0.8044744682777295
acceleration: 0.4944646727318541 0.6335560834360828 0.46039603459684963
accel: 0.0
brake: 0.03958638
steer: 0.7932239194020151
linkid: A219BS010663
trafficlightid: null
turn_signal_lamp: 1.0