position: 0.8314348161468929 0.47199092981579227 0.33226045653462233
orientation: 0.16158045270254298 0.6564709115514228 0.332534665492513
enu_velocity: 0.7802051688895655 0.47697165279449666 0.5330265971112241
velocity: 0.4006647551216958 0.7978251678930741 0.41502181288961715
angularVelocity: 0.3189540206187933 0.4448868822079991 0.7892929001860138
acceleration: 0.49457535948453774 0.6190500053088102 0.477437176044161
accel: 0.0
brake: 0.03809004
steer: 0.7834741631459214
linkid: A219BS010663
trafficlightid: null
turn_signal_lamp: 1.0