position: 0.8327343759138135 0.4725456252209641 0.328172576977086
orientation: 0.1399366481544133 0.6537426801723146 0.335806297300738
enu_velocity: 0.7768896145416634 0.4769407977480312 0.5577888116083886
velocity: 0.3968629522183137 0.7858137882822092 0.43520320474642893
angularVelocity: 0.286152368544961 0.45327104281321556 0.77534418624437
acceleration: 0.5017356657229619 0.6195666936914765 0.4808644823139375
accel: 0.0
brake: 0.03383956
steer: 0.805411114722132
linkid: A219BS010663
trafficlightid: null
turn_signal_lamp: 1.0