position: 0.8340138815429972 0.47310641618003757 0.3273128158417924
orientation: 0.12296115202151825 0.6533303808377238 0.339082094070142
enu_velocity: 0.7723813129561125 0.4787290009442462 0.5771827376136011
velocity: 0.39275353507437205 0.7942419649562682 0.4519559225287082
angularVelocity: 0.3477746995403554 0.46493135495056376 0.7889132172019693
acceleration: 0.4882144491126409 0.7894004236000852 0.47505126757947214
accel: 0.0
brake: 0.02167022
steer: 0.7971238219044525
linkid: A219BS010663
trafficlightid: null
turn_signal_lamp: 1.0