position: 0.8346460602626495 0.47338681165957563 0.3279222390573864
orientation: 0.11916896000964433 0.654023129244331 0.34078676883901
enu_velocity: 0.7704357899857985 0.4796505042756717 0.5841551776728394
velocity: 0.39113444715505746 0.7966287646641987 0.45826731624286376
angularVelocity: 0.3604858226193204 0.46749023374271204 0.7913574078192878
acceleration: 0.5137694700966873 0.706579763797843 0.47180717760425395
accel: 0.0
brake: 0.01850967
steer: 0.7922489437764058
linkid: A219BS010663
trafficlightid: null
turn_signal_lamp: 1.0