position: 0.8352738494500076 0.4736672071391128 0.3287053661356292
orientation: 0.11490907708487261 0.6546146736656111 0.3424708928125868
enu_velocity: 0.7690229717628981 0.4801358888940428 0.5879084462753505
velocity: 0.38990448875722866 0.7931937871126595 0.46146935949543033
angularVelocity: 0.354764725209617 0.46473545977932484 0.7865846469449005
acceleration: 0.5278168674735482 0.6452978365217904 0.4591663044738408
accel: 0.0
brake: 0.0208904
steer: 0.7870490737731557
linkid: A219BS010663
trafficlightid: null
turn_signal_lamp: 1.0