position: 0.08801708550565335 0.11076840552501022 0.8323735829997929
orientation: 0.9898648900145786 0.5187964308917894 0.4991845170417881
enu_velocity: 0.8912506697164084 0.9980050475586608 0.6118035396866917
velocity: 0.9998309866652355 0.52116357404441 0.7220143198590162
angularVelocity: 0.4219226089547512 0.444311884242524 0.5322454177995263
acceleration: 0.5881380135914807 0.537252841134011 0.478994613147051
accel: 0.02680268
brake: 0.0
steer: 0.5697107572310693
linkid: A219BS010380
trafficlightid: null
turn_signal_lamp: 0.0