position: 0.8358974212435926 0.4739536981725534 0.3288783401501152
orientation: 0.11082301530760813 0.6542779209679548 0.34411539485284237
enu_velocity: 0.7677729481108073 0.48037441270688463 0.5842567972120851
velocity: 0.38871915187403533 0.7875135218121869 0.45677629645648454
angularVelocity: 0.35770393407922474 0.4558670213013861 0.7800847201744339
acceleration: 0.527115780322575 0.6156577983965552 0.44534422790269923
accel: 0.0
brake: 0.02242126
steer: 0.7819304517387067
linkid: A219BS010663
trafficlightid: null
turn_signal_lamp: 1.0