position: 0.8371323429957469 0.4745266802394328 0.32717706408358804
orientation: 0.10266762339368118 0.6506880303053195 0.3473062483350431
enu_velocity: 0.7647867331459463 0.481154922779627 0.5778704793196315
velocity: 0.3859518701200228 0.7822470155728523 0.4463036678615868
angularVelocity: 0.37381257193302814 0.4396967249347428 0.7769210258401589
acceleration: 0.5059103985408228 0.7969337172042885 0.4478818438739795
accel: 0.0
brake: 0.01878089
steer: 0.7976113097172571
linkid: A219BS010663
trafficlightid: null
turn_signal_lamp: 1.0