position: 0.8383503091035484 0.47510575786021647 0.32308918452605084
orientation: 0.1034316052813008 0.6439494128315819 0.35062358511199554
enu_velocity: 0.7613579896933138 0.48305162948361124 0.569630192129645
velocity: 0.38344608539870634 0.7869216802857941 0.4321044925919887
angularVelocity: 0.39403710816700205 0.4235387540246846 0.7825445780446851
acceleration: 0.5419766111431262 0.6494623372143906 0.4458758315525851
accel: 0.0
brake: 0.007909791
steer: 0.7872928176795582
linkid: A219BS010663
trafficlightid: null
turn_signal_lamp: 1.0