position: 0.8389538267593962 0.4753983444475596 0.31985084822953436
orientation: 0.10152932977095142 0.638918434434214 0.35224556348061203
enu_velocity: 0.7602920688019291 0.4834876868952488 0.5654515918284982
velocity: 0.3826461388039288 0.7822857061084583 0.4240533868620394
angularVelocity: 0.37303629765939633 0.414331193407494 0.7764985058101214
acceleration: 0.5431954367216624 0.6246207269448811 0.44618079393621624
accel: 0.0
brake: 0.01044198
steer: 0.781767955801105
linkid: A219BS010663
trafficlightid: null
turn_signal_lamp: 1.0