position: 0.8395536434370351 0.4756909310349027 0.3160045484137477
orientation: 0.09789083034542848 0.6331658431132967 0.3538272622904579
enu_velocity: 0.7592663777730692 0.48379766772629573 0.5602447001736612
velocity: 0.38180705490301836 0.7769243285557883 0.4145855550972751
angularVelocity: 0.3610443805507244 0.4093078349105831 0.77006769344025
acceleration: 0.542750565804188 0.6126159269213136 0.44148310129933005
accel: 0.0
brake: 0.01036184
steer: 0.7764055898602535
linkid: A219BS010663
trafficlightid: null
turn_signal_lamp: 1.0