position: 0.8401501034135078 0.4759835176222458 0.31172398894134057
orientation: 0.09347671277251521 0.6271263883832648 0.35536632505033994
enu_velocity: 0.7583162029692025 0.4840041308981414 0.5540063888219136
velocity: 0.38098517147423006 0.7708135206285038 0.40395928144339155
angularVelocity: 0.3559869890388313 0.40732307072367063 0.7632684031469759
acceleration: 0.5443368881492855 0.5996138531098274 0.44063550647438565
accel: 0.0
brake: 0.008080225
steer: 0.7712057198570037
linkid: A219BS010663
trafficlightid: null
turn_signal_lamp: 1.0