position: 0.8407432066888141 0.4762761042095889 0.30708653371752526
orientation: 0.08890734870278469 0.6209661303045497 0.35686324497934485
enu_velocity: 0.7574468288214236 0.48418384621844845 0.5475487343809498
velocity: 0.38023732486022793 0.764457849311494 0.39309669785202117
angularVelocity: 0.35675928536102397 0.40655948753633914 0.7566999569348863
acceleration: 0.5484888213231102 0.5927959446828124 0.4404374653213291
accel: 0.0
brake: 0.006598284
steer: 0.7662495937601561
linkid: A219BS010663
trafficlightid: null
turn_signal_lamp: 1.0