position: 0.08895128986793782 0.11195094298218855 0.8332530500354707
orientation: 0.9898208023222794 0.516848361079855 0.49924699145947316
enu_velocity: 0.8911303210598728 0.998109464305309 0.6232299457041699
velocity: 0.999853172781451 0.5213384612720988 0.7297730465408497
angularVelocity: 0.4150423123984714 0.4563241100342768 0.5321379384612119
acceleration: 0.5872647946090832 0.536300277960705 0.48449864004744214
accel: 0.02654248
brake: 0.0
steer: 0.5697107572310693
linkid: A219BS010380
trafficlightid: null
turn_signal_lamp: 0.0