position: 0.8419205481055773 0.476873468492081 0.29731167727865904
orientation: 0.0814752840421851 0.6093191195424325 0.35973772581830393
enu_velocity: 0.7558826372174982 0.4844873904007294 0.5355171891912465
velocity: 0.3788969344457314 0.7514901597954454 0.37267507209197076
angularVelocity: 0.3734610969736587 0.41359327929204986 0.7443542607838048
acceleration: 0.5524000755166841 0.5805269009376034 0.44413461200520926
accel: 0.0
brake: 0.005244765
steer: 0.7567435814104648
linkid: A219BS010395
trafficlightid: C119BS010046
turn_signal_lamp: 1.0