position: 0.8442418360659621 0.47807429261096956 0.28112437488504893
orientation: 0.08933293948328208 0.5937244406484239 0.36550258011124725
enu_velocity: 0.7507983326426639 0.4883409813662084 0.5427241469138199
velocity: 0.37624880958554996 0.7606055793165697 0.36782304484046463
angularVelocity: 0.4349736288594257 0.43743921968889515 0.7601425878672594
acceleration: 0.5815886974666131 0.662476777791621 0.4764316715083618
accel: 0.03250328
brake: 0.0
steer: 0.7727494312642185
linkid: A219BS010395
trafficlightid: C119BS010046
turn_signal_lamp: 1.0