position: 0.8448159180346594 0.4783790703061186 0.27837795624998174
orientation: 0.08988363812504149 0.5911344738689883 0.36698969046063323
enu_velocity: 0.7501747697735315 0.48927214988768564 0.54967357511372
velocity: 0.3763505167250542 0.7583594082220745 0.3728428434276626
angularVelocity: 0.3949005875510775 0.4384364487914564 0.7556022576313155
acceleration: 0.5823036082815615 0.6368370508301691 0.47608069035940503
accel: 0.04191409
brake: 0.0
steer: 0.8003737406564837
linkid: A219BS010395
trafficlightid: C119BS010046
turn_signal_lamp: 1.0