position: 0.8453877622025792 0.47868384800126673 0.2760906121090567
orientation: 0.087822068723172 0.5887829066183699 0.368478335269401
enu_velocity: 0.7489896934842454 0.4908134718445658 0.5568110001344694
velocity: 0.37625080384318726 0.7638087669926977 0.3785904940621678
angularVelocity: 0.38745544598764314 0.44100010074035195 0.7614179815838382
acceleration: 0.5661420566268555 0.8383037707281418 0.4761039883831124
accel: 0.05351586
brake: 0.0
steer: 0.7953363665908353
linkid: A219BS010395
trafficlightid: C119BS010046
turn_signal_lamp: 1.0