position: 0.8459572825004608 0.47899472125032005 0.27395215699325925
orientation: 0.08947701950721379 0.5866098717503185 0.37006277418528566
enu_velocity: 0.7473494742587691 0.49301255800391147 0.555895145116526
velocity: 0.3761388761332916 0.7758669639183371 0.3767328014761087
angularVelocity: 0.42049212231741684 0.44103937155228695 0.7749290040416553
acceleration: 0.5776663669852019 0.8018681487964345 0.45589982422317
accel: 0.08188443
brake: 0.0
steer: 0.7899740006499839
linkid: A219BS010395
trafficlightid: C119BS010046
turn_signal_lamp: 1.0