position: 0.0898851327393275 0.11313348043936688 0.8352360474926794
orientation: 0.988905440645282 0.5161005919150273 0.4993091370644335
enu_velocity: 0.8910017900584168 0.9982173547989099 0.6319140738820415
velocity: 0.999873364640029 0.5216016344719598 0.7369023691161223
angularVelocity: 0.4045354077840095 0.465578742566814 0.5319502784854208
acceleration: 0.5876964450064212 0.5367605794151963 0.4724922221973074
accel: 0.02647392
brake: 0.0
steer: 0.5696295092622685
linkid: A219BS010380
trafficlightid: null
turn_signal_lamp: 0.0