position: 0.8493427307998223 0.4809026296219532 0.2553673033862034
orientation: 0.08032445072336697 0.566131031508079 0.3793711336076253
enu_velocity: 0.7437971433047366 0.501377545004946 0.5478670354491106
velocity: 0.37943663041883635 0.7766095041975698 0.35850484696969565
angularVelocity: 0.40407351407257697 0.4255880852485652 0.7736689800985231
acceleration: 0.5968876925313847 0.7585132754008153 0.46118230870533444
accel: 0.128559
brake: 0.0
steer: 0.7839616509587262
linkid: A219BS010395
trafficlightid: C119BS010046
turn_signal_lamp: 1.0