position: 0.8499021809942049 0.48122569397881243 0.2521625401051564
orientation: 0.07832912127230429 0.5623283986650196 0.3809551341065438
enu_velocity: 0.7434091637831004 0.5028589959113999 0.5539941357702753
velocity: 0.3803170951657215 0.7755666264273318 0.3626221334340194
angularVelocity: 0.3730563021651913 0.4264760343721779 0.7711331657994973
acceleration: 0.6193133691174825 0.6534262538765054 0.4757718841994394
accel: 0.1298753
brake: 0.0
steer: 0.7777868053298669
linkid: A219BS010395
trafficlightid: C119BS010046
turn_signal_lamp: 1.0