position: 0.8504605122881987 0.4815548538895724 0.24928693834534688
orientation: 0.07245421944872893 0.5585617573801224 0.3825065273436004
enu_velocity: 0.7432482443330017 0.5041867845996946 0.56104287203631
velocity: 0.3813376565116297 0.772212739998364 0.367843449462373
angularVelocity: 0.33767919428123583 0.426887922594125 0.7654676689874362
acceleration: 0.6222389402695002 0.6315628553910814 0.4776893990175391
accel: 0.1293191
brake: 0.0
steer: 0.7715307117322068
linkid: A219BS010395
trafficlightid: C119BS010046
turn_signal_lamp: 1.0