position: 0.8510178107510646 0.4818901093542367 0.2468112933785256
orientation: 0.06294591358046192 0.55490950510681 0.38401769582400724
enu_velocity: 0.7431665913493182 0.5054164910210793 0.5686295765147868
velocity: 0.3823706819677713 0.7679498909863242 0.3738098829873413
angularVelocity: 0.3059133395629073 0.4279151873788472 0.7590030431159824
acceleration: 0.623498736694181 0.6190547464137914 0.4786981000739971
accel: 0.1355097
brake: 0.0
steer: 0.7985862853428666
linkid: A219BS010395
trafficlightid: C119BS010046
turn_signal_lamp: 1.0