position: 0.8515741624520631 0.482225364818901 0.24470057249289834
orientation: 0.0508497324491414 0.5513787688863028 0.38548820113079796
enu_velocity: 0.7431701711252208 0.5066417020052307 0.574136879782393
velocity: 0.38349494471082113 0.763368330895594 0.3779896041067353
angularVelocity: 0.2877660398460686 0.4285459080237002 0.7527250360421186
acceleration: 0.6303561997142242 0.6136794994620611 0.4680874119585178
accel: 0.1440168
brake: 0.0
steer: 0.7929801754956127
linkid: A219BS010395
trafficlightid: C119BS010046
turn_signal_lamp: 1.0