position: 0.8521299116682368 0.4825606202835644 0.2427927493964157
orientation: 0.0436027999587455 0.5481566691858382 0.38702901755854474
enu_velocity: 0.7418821336623546 0.5091763112526311 0.5739704034494539
velocity: 0.38422982865018057 0.775433241247503 0.37731311241115484
angularVelocity: 0.34913033949138067 0.4308626851641727 0.7692349491989323
acceleration: 0.6114087667866661 0.8223449658671129 0.4608467296969651
accel: 0.1629764
brake: 0.0
steer: 0.7872928176795582
linkid: A219BS010395
trafficlightid: C119BS010046
turn_signal_lamp: 1.0