position: 0.852684972330325 0.4829019713021312 0.24099148413164118
orientation: 0.04090181446872776 0.5451893968442031 0.3886346100930491
enu_velocity: 0.7410911736533948 0.5113502638310812 0.57335690706765
velocity: 0.3852618569775035 0.7811801108033338 0.3759085942697892
angularVelocity: 0.3815320888720251 0.4322257989229745 0.7764918621015993
acceleration: 0.6291330121336737 0.7205684784336495 0.4614408897332369
accel: 0.1753267
brake: 0.0
steer: 0.7811992200194996
linkid: A219BS010395
trafficlightid: C119BS010046
turn_signal_lamp: 1.0