position: 0.09081857108519198 0.114316017896547 0.8375978361461682
orientation: 0.9867552622093816 0.515732123883941 0.4993703510333406
enu_velocity: 0.890867463229309 0.9983497658592384 0.6346932545020764
velocity: 0.9999182354368692 0.5219958889097555 0.7389306234135188
angularVelocity: 0.39492209143856877 0.46754514548018195 0.5318234411653501
acceleration: 0.5885319472875274 0.5377520073746431 0.4621823696141609
accel: 0.02551026
brake: 0.0
steer: 0.5696295092622685
linkid: A219BS010380
trafficlightid: null
turn_signal_lamp: 0.0