position: 0.85323960264611 0.4832433223206989 0.23922744112314875
orientation: 0.038922385496854894 0.5422670604974618 0.39023159869459156
enu_velocity: 0.7410676494117491 0.5129675995448166 0.5737249618090783
velocity: 0.3867126794086676 0.7780823945872823 0.37514455453832796
angularVelocity: 0.38214712223900527 0.4321427687965902 0.7730338613957797
acceleration: 0.642389730035467 0.6323167984867744 0.46167210949848503
accel: 0.1710445
brake: 0.0
steer: 0.774780630484238
linkid: A219BS010395
trafficlightid: C119BS010046
turn_signal_lamp: 1.0