position: 0.8543478304465517 0.4839382154656393 0.2357059237396255
orientation: 0.03281945634671596 0.5361141432712035 0.39331421798825916
enu_velocity: 0.7414172741915716 0.5157069555243918 0.5775100811645731
velocity: 0.3896487252152399 0.766620632584957 0.3761388874597902
angularVelocity: 0.3667973398214741 0.4301197519564601 0.7604826069198289
acceleration: 0.6410393440401578 0.6032332187898737 0.467012573140289
accel: 0.1736955
brake: 0.0
steer: 0.7933864153396166
linkid: A219BS010395
trafficlightid: C119BS010046
turn_signal_lamp: 1.0