position: 0.8549013418619479 0.48429175759201204 0.2339812925319018
orientation: 0.02837747679776781 0.5327827147584203 0.394793765644978
enu_velocity: 0.741650130090761 0.517029840099341 0.5800831600700964
velocity: 0.39113693997710414 0.760581905655514 0.3771630425209649
angularVelocity: 0.3598258269262178 0.42884967065792057 0.7540073709467056
acceleration: 0.6437684576250156 0.5988964272628573 0.4663938189786497
accel: 0.1798656
brake: 0.0
steer: 0.7876990575235621
linkid: A219BS010395
trafficlightid: C119BS010046
turn_signal_lamp: 1.0