position: 0.8560075040001335 0.4850049373986609 0.23154651906217438
orientation: 0.028512341771259886 0.5271299376497924 0.3979365576672579
enu_velocity: 0.739807397828508 0.5219374271917965 0.5880945490347378
velocity: 0.3935013816883742 0.7771803220995923 0.3835807321073702
angularVelocity: 0.4067676390590462 0.4350429114463626 0.7755330857180197
acceleration: 0.6406501286143526 0.7367226045452007 0.47379749993917075
accel: 0.2112494
brake: 0.0
steer: 0.8025674358141047
linkid: A219BS010395
trafficlightid: C119BS010046
turn_signal_lamp: 1.0