position: 0.8565597243766195 0.48537067063283956 0.23080134408837605
orientation: 0.026677932397089044 0.5245615658052544 0.39952790165036045
enu_velocity: 0.7397513146727003 0.5238604526374016 0.5932151845919985
velocity: 0.395207967661527 0.7757235085991041 0.38781695833358765
angularVelocity: 0.37643170870991594 0.43471201703336515 0.7721344817495839
acceleration: 0.6534693521779941 0.6558073165836795 0.4742051755963301
accel: 0.2086412
brake: 0.0
steer: 0.7963113422164447
linkid: A219BS010395
trafficlightid: C119BS010046
turn_signal_lamp: 1.0