position: 0.8571116004760628 0.48573640386702 0.23042547228474586
orientation: 0.025027065145202754 0.5222597096671471 0.4011678003124708
enu_velocity: 0.7387527276613887 0.526567931880231 0.5979725104357401
velocity: 0.39657303701428553 0.7853383717008589 0.3923780889240398
angularVelocity: 0.38946460981077574 0.437514405691077 0.7836890807873964
acceleration: 0.6368157537547093 0.8097242671540543 0.4738080118802428
accel: 0.2203352
brake: 0.0
steer: 0.7900552486187846
linkid: A219BS010395
trafficlightid: C119BS010046
turn_signal_lamp: 1.0