position: 0.8582133730819541 0.4864739658892798 0.22964453475099056
orientation: 0.02163914281673085 0.5174711932120919 0.4045215804997395
enu_velocity: 0.7380930261021917 0.5311620643946864 0.5951230341033397
velocity: 0.4001178299646556 0.7889530217396643 0.38878486988565564
angularVelocity: 0.37551073645268473 0.43093040705913815 0.7846861328648493
acceleration: 0.6637505452502518 0.6590526719885699 0.45192595458682433
accel: 0.2300749
brake: 0.0
steer: 0.8052486187845305
linkid: A219BS010395
trafficlightid: C119BS010046
turn_signal_lamp: 1.0