position: 0.8598631486705584 0.48761383446913875 0.22538587072345484
orientation: 0.021635167696933355 0.506849015342239 0.4097475107369686
enu_velocity: 0.7364661031872108 0.5388016512966987 0.5856932624014797
velocity: 0.405542709302627 0.800917584035755 0.37606825607626093
angularVelocity: 0.3960390084038049 0.4197569755523601 0.7981581855099922
acceleration: 0.6674843580739287 0.6787881428800264 0.45725271322263833
accel: 0.2490188
brake: 0.0
steer: 0.7842053948651284
linkid: A219BS010395
trafficlightid: C119BS010046
turn_signal_lamp: 1.0