position: 0.8615092232809536 0.4887963719263171 0.21931134446789669
orientation: 0.005133831080970208 0.4935649944822446 0.414789853869597
enu_velocity: 0.736744132448981 0.5450306925977109 0.590292297668904
velocity: 0.41182860937551946 0.7906575253356758 0.3749622209297357
angularVelocity: 0.33040849353831514 0.42351616810947645 0.7846829597503313
acceleration: 0.6529787830090505 0.7747717365087179 0.4755151288460227
accel: 0.2460893
brake: 0.0
steer: 0.7899740006499839
linkid: A219BS010395
trafficlightid: C119BS010046
turn_signal_lamp: 1.0