position: 0.8620573123329273 0.4891986784839135 0.21792317326303445
orientation: 0.002856954735889039 0.4884400816815939 0.416487404362764
enu_velocity: 0.7360237451649587 0.5477187597252144 0.624827303784658
velocity: 0.41363166756187864 0.7964227684791916 0.40637757793649976
angularVelocity: 0.4259439200645958 0.39440955577806863 0.7916108603414131
acceleration: 0.6540321037258197 0.7725690406151592 0.6229538490800144
accel: 0.2620758
brake: 0.0
steer: 0.7833929151771207
linkid: A219BS010395
trafficlightid: C119BS010046
turn_signal_lamp: 1.0