position: 0.8626057456619437 0.48960098504151084 0.21671162531347
orientation: 0.0068464572395279255 0.48182319407189805 0.4182211242556434
enu_velocity: 0.7358853271633907 0.550123205630903 0.6306175753463933
velocity: 0.41581313613492277 0.7957717428001595 0.40810656444590554
angularVelocity: 0.44564031822081535 0.39959119493473205 0.7952728328148431
acceleration: 0.6790806604969333 0.6746040026587012 0.46309689258434245
accel: 0.2659096
brake: 0.0
steer: 0.7765680857978552
linkid: A219BS010395
trafficlightid: C119BS010046
turn_signal_lamp: 1.0