position: 0.0 0.0 0.30040696333534767
orientation: 0.32682309293085654 0.0 0.5004199760525694
enu_velocity: 0.8839104244608474 0.9892620351539105 0.8257964348915924
velocity: 0.9854578733085242 0.5194285178221151 0.04752728246187869
angularVelocity: 0.702951066224859 0.770153645169536 0.5344788640329353
acceleration: 0.0 0.5007457957599485 0.21143298430826418
accel: 0.3065166
brake: 0.0
steer: 0.5576048098797531
linkid: A219BS010380
trafficlightid: null
turn_signal_lamp: 0.0