position: 0.09268401042026769 0.11668109281090366 0.8431278956725843
orientation: 0.9819576539883714 0.5156724705489275 0.4994923953563095
enu_velocity: 0.890460902966083 0.998223893616704 0.6413224606425698
velocity: 0.999491962866888 0.5224157529664069 0.7449642875516981
angularVelocity: 0.39640163310206394 0.47291344682934977 0.5316397436163133
acceleration: 0.5647661533003913 0.5312697707146395 0.4628282449018279
accel: 0.03385339
brake: 0.0
steer: 0.5695482612934677
linkid: A219BS010380
trafficlightid: null
turn_signal_lamp: 0.0