position: 0.8642539720038557 0.4908383824838163 0.2142469280690844
orientation: 0.038934889055490585 0.46964350824898 0.42320921328870326
enu_velocity: 0.7375681627686601 0.5560267364086076 0.5836674972410436
velocity: 0.4233434529735148 0.771430802507076 0.35381797507671353
angularVelocity: 0.5458722442645781 0.43607503041032153 0.7754684335097155
acceleration: 0.6832910201375286 0.5848856181572353 0.4050111265954177
accel: 0.244452
brake: 0.0
steer: 0.7790055248618786
linkid: A219BS010395
trafficlightid: C119BS010046
turn_signal_lamp: 1.0