position: 0.864804557064389 0.49126507125702457 0.21239968237008
orientation: 0.051468911563775255 0.46461188841790224 0.42485875712407023
enu_velocity: 0.7369331787097431 0.5588380193839168 0.5927342904657255
velocity: 0.42541249527225394 0.7770767939997516 0.35953841954867416
angularVelocity: 0.5385123073610079 0.41729353336567065 0.7844075929060661
acceleration: 0.6637130914109668 0.812652244706073 0.41814873108466855
accel: 0.2515776
brake: 0.0
steer: 0.7729119272018201
linkid: A219BS010395
trafficlightid: C119BS010046
turn_signal_lamp: 1.0