position: 0.8653549699864008 0.49168566447633033 0.2105239725927417
orientation: 0.06876538055158907 0.4611668548680684 0.42652715288898424
enu_velocity: 0.7367514624663054 0.561306831777265 0.5722690919151223
velocity: 0.4276522958811903 0.7770022396343372 0.3371248143746201
angularVelocity: 0.5709638614586613 0.43188001931633513 0.7853132196214692
acceleration: 0.6766622234639168 0.6899432417619848 0.410193004645133
accel: 0.2561753
brake: 0.0
steer: 0.76665583360416
linkid: A219BS010395
trafficlightid: C119BS010046
turn_signal_lamp: 1.0