position: 0.8659053829084128 0.4921184488034429 0.20851980953882343
orientation: 0.08837601973567474 0.4593528447014867 0.4281789436113031
enu_velocity: 0.7369440885029701 0.563572123466775 0.5488821446736208
velocity: 0.43008479163433455 0.7728665923831939 0.3127875067906407
angularVelocity: 0.5898232527326422 0.4473196111350713 0.7818735634839566
acceleration: 0.6821801940748331 0.6492050747314755 0.4017923416135941
accel: 0.2506499
brake: 0.0
steer: 0.7603997400064999
linkid: A219BS010395
trafficlightid: C119BS010046
turn_signal_lamp: 1.0