position: 0.8664557958304246 0.4925512331305546 0.20695939416763753
orientation: 0.10802977090083654 0.46001316507054196 0.42979708583146525
enu_velocity: 0.7372449601443093 0.5656524892155483 0.5303209348010185
velocity: 0.43245372042528857 0.7669628406555908 0.29487573672456985
angularVelocity: 0.5842475417981335 0.4728372892743074 0.776210149028298
acceleration: 0.6792254515585593 0.6289997434586561 0.4162916957096809
accel: 0.2501457
brake: 0.0
steer: 0.7741306467338318
linkid: A219BS010395
trafficlightid: C119BS010046
turn_signal_lamp: 1.0