position: 0.8670058644753939 0.4929901130115688 0.20607919728379676
orientation: 0.1260234759011253 0.46324068132233404 0.4313708383337986
enu_velocity: 0.7376041309932054 0.567629868584066 0.5153949584931242
velocity: 0.43478101908806316 0.7602647845988348 0.28250216472110634
angularVelocity: 0.566459902440741 0.4948900442361282 0.7688575468909475
acceleration: 0.6784967003319842 0.6201700414946418 0.42631642978222156
accel: 0.2514574
brake: 0.0
steer: 0.7683620409489764
linkid: A219BS010395
trafficlightid: C119BS010046
turn_signal_lamp: 1.0