position: 0.8697535395531589 0.49524546795567304 0.20426917384107401
orientation: 0.21817878657805856 0.5034337371894997 0.43920239020545815
enu_velocity: 0.737312975886459 0.5795529941553186 0.4312082262949231
velocity: 0.4463689023720261 0.7525738481306377 0.23125316642236346
angularVelocity: 0.5610111417064876 0.5512898170863524 0.761047421304033
acceleration: 0.6831750045865728 0.6409101970274346 0.4161043891409264
accel: 0.2581464
brake: 0.0
steer: 0.7569060773480665
linkid: A219BS010395
trafficlightid: C119BS010046
turn_signal_lamp: 1.0