position: 0.870302317159218 0.4957087300523 0.20257154701535862
orientation: 0.23509610141209986 0.5134775912995361 0.44070166662565646
enu_velocity: 0.737319794507226 0.5818981820247491 0.4143464114537039
velocity: 0.44872985413243077 0.7504872092446 0.2228435846211934
angularVelocity: 0.5631053418915388 0.5556762527743929 0.7596530357930291
acceleration: 0.6767302037047328 0.7083028255758218 0.4208790527230301
accel: 0.257723
brake: 0.0
steer: 0.7517062073448164
linkid: A219BS010395
trafficlightid: C119BS010046
turn_signal_lamp: 1.0