position: 0.8719468425229211 0.4971289941116943 0.19629923190779364
orientation: 0.28658951416880857 0.5464500635304453 0.4452424607489401
enu_velocity: 0.7365370168431866 0.589389215160004 0.3944482634867499
velocity: 0.45553974539953407 0.7517860805586418 0.23003813222718192
angularVelocity: 0.5472209992996511 0.5730199770627483 0.7613927949873516
acceleration: 0.677746253283872 0.7098007999425544 0.45941319832247873
accel: 0.27112
brake: 0.0
steer: 0.7494312642183947
linkid: A219BS010395
trafficlightid: C119BS010046
turn_signal_lamp: 1.0