position: 0.872494070882288 0.4976105428700297 0.1947774984892141
orientation: 0.3013588043591308 0.5587206903993338 0.44675708176295575
enu_velocity: 0.7362872848575991 0.5919477319599638 0.3959137823222486
velocity: 0.45789596079805006 0.7521516089521065 0.2416520244611305
angularVelocity: 0.5347744482409231 0.577923056598511 0.7611790063967012
acceleration: 0.6812243599161704 0.7073720960348405 0.46592093430005027
accel: 0.2739927
brake: 0.0
steer: 0.7546311342216445
linkid: A219BS010395
trafficlightid: C119BS010046
turn_signal_lamp: 1.0