position: 0.8735864619387658 0.4985858314945082 0.1926696969962367
orientation: 0.3281685408874679 0.5839482782066197 0.4497783226813538
enu_velocity: 0.7357450340411118 0.5970700783493409 0.40498777298048616
velocity: 0.46260365523319336 0.7528786023494518 0.27182644909875225
angularVelocity: 0.5206549391048308 0.5799059565511523 0.7603866202056594
acceleration: 0.6830583039044105 0.7061257531298966 0.46934191909240447
accel: 0.2805523
brake: 0.0
steer: 0.7440688982775432
linkid: A219BS010395
trafficlightid: C119BS010046
turn_signal_lamp: 1.0