position: 0.87467713161003 0.49957940678069424 0.1906618847015067
orientation: 0.3554745458263013 0.6078869406092251 0.45277638230266354
enu_velocity: 0.735645311712396 0.6021728082853361 0.4126010921643126
velocity: 0.4677269031035173 0.7495035156270013 0.30027912476379903
angularVelocity: 0.5329743869651712 0.575516115050501 0.7570131036738814
acceleration: 0.6908441349343073 0.6662582156137936 0.4672492540259065
accel: 0.2798625
brake: 0.0
steer: 0.7413064673383166
linkid: A219BS010395
trafficlightid: C119BS010046
turn_signal_lamp: 1.0