position: 0.8752220360993588 0.5000853377546406 0.1897393566242478
orientation: 0.3707266468397328 0.6196854009972725 0.45424343507584536
enu_velocity: 0.7358474838181345 0.6045412906931577 0.4149449707820822
velocity: 0.47034411697031997 0.7448705448245755 0.3131279326194041
angularVelocity: 0.5426831511954318 0.5754858929449129 0.7524454053252199
acceleration: 0.6921047763541428 0.6406392329045575 0.4671079201035228
accel: 0.2801959
brake: 0.0
steer: 0.7361065973350667
linkid: A219BS010395
trafficlightid: C119BS010046
turn_signal_lamp: 1.0