position: 0.8757668545194268 0.5005912687285887 0.18905767844057708
orientation: 0.3879528284820369 0.631632460194762 0.4556982121739733
enu_velocity: 0.7358052083693797 0.6069896692808997 0.41941684091732895
velocity: 0.4728244749067604 0.7426492840749226 0.32804763520023994
angularVelocity: 0.5612631678798781 0.5785598718554043 0.7514197952171049
acceleration: 0.6877858614801727 0.6721602622368074 0.47597951491447243
accel: 0.2841824
brake: 0.0
steer: 0.7310692232694184
linkid: A219BS010395
trafficlightid: C119BS010046
turn_signal_lamp: 1.0