position: 0.8763115008009734 0.5011093908103428 0.18895112060886854
orientation: 0.40637002829056623 0.6440784122776684 0.4571413712224967
enu_velocity: 0.735857882214804 0.609373477042926 0.4263715473548579
velocity: 0.47532951178146277 0.7392802041022921 0.34589130266071033
angularVelocity: 0.5707020434048051 0.5838131047782117 0.7488668262677162
acceleration: 0.686069760059439 0.6549532886083983 0.47864657406934735
accel: 0.2843155
brake: 0.0
steer: 0.7261130971725708
linkid: A219BS010395
trafficlightid: C119BS010046
turn_signal_lamp: 1.0