position: 0.8790268138367251 0.5037426700964316 0.1903925707295855
orientation: 0.4816159743730531 0.6867661820183608 0.46391135121259836
enu_velocity: 0.7364248505315711 0.6215038014030261 0.5452128449323802
velocity: 0.48830340412337625 0.7235971103293306 0.5037246282914443
angularVelocity: 0.7079090472003063 0.5406437846250147 0.7281822843231582
acceleration: 0.6931739616646252 0.6427999646488483 0.7299652501627284
accel: 0.2888635
brake: 0.0
steer: 0.7084822879428015
linkid: A219BS010395
trafficlightid: C119BS010046
turn_signal_lamp: 1.0