position: 0.8801146432223871 0.5048276786911616 0.19575476517865198
orientation: 0.5267877902533098 0.6974328682606341 0.4664666645001562
enu_velocity: 0.7374075842495997 0.6260088425250381 0.602386032706043
velocity: 0.4937943432455844 0.7099276910990038 0.571492912009864
angularVelocity: 0.5390196491676328 0.5299588541985962 0.718069865833777
acceleration: 0.6965399351561377 0.6961645227870701 0.47685726994553357
accel: 0.2869911
brake: 0.0
steer: 0.7033636659083524
linkid: A219BS010395
trafficlightid: C119BS010046
turn_signal_lamp: 1.0