position: 0.09547837807194856 0.12023480073634296 0.851903589977141
orientation: 0.9763223796136775 0.515766654398653 0.49967389998032063
enu_velocity: 0.8901184377380658 0.9984752294256609 0.6398491950059254
velocity: 0.999517389651764 0.5224457432725726 0.743696585016206
angularVelocity: 0.4005810869063816 0.46764795620770294 0.5315462894441685
acceleration: 0.5910442031429253 0.5297091539229652 0.4538265819159309
accel: 0.03070762
brake: 0.0
steer: 0.5693045173870654
linkid: A219BS010380
trafficlightid: null
turn_signal_lamp: 0.0