position: 0.881743073634344 0.5064856693527746 0.19912958308153605
orientation: 0.5719375261499642 0.6968527271053065 0.4700813575844409
enu_velocity: 0.7378973316861819 0.6331876471106292 0.6017659654569868
velocity: 0.5016926006182655 0.7009131496410348 0.5757845097527988
angularVelocity: 0.5343591348108618 0.43929681441798785 0.7081260190531643
acceleration: 0.6959056559103605 0.6327294740841075 0.4503314219412041
accel: 0.2918987
brake: 0.0
steer: 0.6919077023074424
linkid: A219BS010395
trafficlightid: C119BS010046
turn_signal_lamp: 1.0