position: 0.8828276323881004 0.5076133468248258 0.1917252734741064
orientation: 0.5996736354371377 0.6808364837231207 0.4723620574447887
enu_velocity: 0.7383843516744573 0.6378911004850782 0.5851384379396848
velocity: 0.5070354661109013 0.6937998328356859 0.5497088853408487
angularVelocity: 0.5250690499695725 0.3910591324355611 0.6988741095571332
acceleration: 0.6961383721434786 0.6237740484494899 0.43615495459906967
accel: 0.2914346
brake: 0.0
steer: 0.6863828404289893
linkid: A219BS010395
trafficlightid: C119BS010046
turn_signal_lamp: 1.0