position: 0.8833696105225662 0.5081863288917061 0.1853872720319263
orientation: 0.6126649774093942 0.6692828372009885 0.47345925070485123
enu_velocity: 0.7386473799705402 0.6402074766886038 0.573722650335967
velocity: 0.5096920665660415 0.690169317910591 0.5305264479651621
angularVelocity: 0.5208043800305308 0.3728654248715381 0.6947231799684452
acceleration: 0.6953121039085213 0.6216390015263596 0.43184240294385245
accel: 0.2916207
brake: 0.0
steer: 0.683945401364966
linkid: A219BS010395
trafficlightid: C119BS010046
turn_signal_lamp: 1.0