position: 0.884995458856703 0.5099296573079588 0.1574464948312153
orientation: 0.649157516723871 0.6249073840993429 0.4765846156527243
enu_velocity: 0.7396434099990642 0.6470918301354087 0.5318971799309915
velocity: 0.5177705549726972 0.6782397537656579 0.4567987066608883
angularVelocity: 0.5131994166181216 0.3353486781324244 0.681801464372518
acceleration: 0.6962699173351137 0.6064070740354998 0.4244237555873512
accel: 0.2886195
brake: 0.0
steer: 0.6741956451088724
linkid: A219BS010395
trafficlightid: C119BS010046
turn_signal_lamp: 1.0