position: 0.8855376951989508 0.510514830482645 0.1459834995927447
orientation: 0.6600535369134322 0.6083434275993815 0.4775713278373018
enu_velocity: 0.74001911600332 0.6493223843553881 0.5211236595924518
velocity: 0.5204301468142932 0.6739649619216228 0.43354964557869335
angularVelocity: 0.5037921352075094 0.33318010761650835 0.677558514462808
acceleration: 0.6960819630074824 0.6037830335338816 0.4339702838080962
accel: 0.2881443
brake: 0.0
steer: 0.671026974325642
linkid: A219BS010395
trafficlightid: C119BS010046
turn_signal_lamp: 1.0