position: 0.09640938926466203 0.12141733819352218 0.8546303027118238
orientation: 0.9752194645571453 0.5156062603359914 0.4997331410728798
enu_velocity: 0.8900449670993025 0.9985986496115227 0.6395941879063368
velocity: 0.999596910675053 0.5222833239021472 0.7432434977707514
angularVelocity: 0.4086604745772566 0.46935745666820466 0.5314439217950229
acceleration: 0.5897736189467706 0.5278227372961402 0.45607946216393
accel: 0.03024795
brake: 0.0
steer: 0.5692232694182646
linkid: A219BS010380
trafficlightid: null
turn_signal_lamp: 0.0