position: 0.8871653509875617 0.5123069233301223 0.10942029620157845
orientation: 0.6887600452180718 0.5592103181311643 0.48036930491565716
enu_velocity: 0.7411810089819987 0.6558603847971669 0.4962103959378396
velocity: 0.5282675793290356 0.6613385441299126 0.3707573864295312
angularVelocity: 0.4937036296129415 0.339334016646895 0.6649673977357249
acceleration: 0.693506630928193 0.5950503477730923 0.4438986785647209
accel: 0.2877122
brake: 0.0
steer: 0.6622521936951578
linkid: A219BS010395
trafficlightid: C119BS010046
turn_signal_lamp: 1.0