position: 0.887708534091677 0.5129103831665178 0.09710045922046362
orientation: 0.6981341004495427 0.5437064021070954 0.481250084600774
enu_velocity: 0.7415938764694341 0.6580032779910954 0.4907112802221743
velocity: 0.5308583692821436 0.6571452850812298 0.35308166470323044
angularVelocity: 0.4954068430709632 0.3439652406350012 0.6609306011098562
acceleration: 0.6936457886887883 0.592379786137807 0.44685190106307376
accel: 0.2871165
brake: 0.0
steer: 0.659571010724732
linkid: A219BS010395
trafficlightid: C119BS010046
turn_signal_lamp: 1.0