position: 0.8882519754035743 0.5135199385568168 0.08486090553721182
orientation: 0.7077726818348082 0.5287334150187284 0.4821060389251792
enu_velocity: 0.7420156081638665 0.6601614965392286 0.48636491185612457
velocity: 0.5334708467870576 0.6531431113444713 0.33687603494596696
angularVelocity: 0.49880569657945906 0.34857642410469253 0.6570374870757557
acceleration: 0.6946538450705191 0.5919361936261137 0.44938323054372503
accel: 0.2861668
brake: 0.0
steer: 0.656971075723107
linkid: A219BS010395
trafficlightid: C119BS010046
turn_signal_lamp: 1.0