position: 0.8904320237071927 0.5159947334414277 0.03573774511950489
orientation: 0.7587456429976711 0.47160811279654546 0.4853462143160786
enu_velocity: 0.7438106100807512 0.6684870462954431 0.47664640170512207
velocity: 0.5436734688596838 0.6360579008282071 0.28057950870204806
angularVelocity: 0.540966053156906 0.3602824171518157 0.6462939162767783
acceleration: 0.6892696272962363 0.5722781300959208 0.49571667822026005
accel: 0.286584
brake: 0.0
steer: 0.6469775755606111
linkid: A219BS010395
trafficlightid: C119BS010046
turn_signal_lamp: 1.0