position: 0.09734019389114988 0.12259987565070052 0.85761173245518
orientation: 0.9743922782647458 0.5158458714618159 0.49979046409121186
enu_velocity: 0.8899955320987425 0.9986914190889751 0.6407604899138085
velocity: 0.9996599790728338 0.5218378500853047 0.7448928713750186
angularVelocity: 0.4096272659501509 0.4734338442410756 0.5310833925234877
acceleration: 0.5891805008613622 0.527040046840276 0.45984346590624464
accel: 0.02938457
brake: 0.0
steer: 0.5689795255118623
linkid: A219BS010380
trafficlightid: null
turn_signal_lamp: 0.0