position: 0.8926213674909638 0.5185304838650682 0.005595016012868825
orientation: 0.7882793375947099 0.436221854245165 0.4883062960676903
enu_velocity: 0.7451946196309115 0.6767414864081478 0.5527076820439921
velocity: 0.5534490705157149 0.6247234289213344 0.3262431341499251
angularVelocity: 0.4470713671262858 0.4264767513853591 0.6339459394496371
acceleration: 0.6885324261181152 0.5908095904728646 0.5106358897388029
accel: 0.2909271
brake: 0.0
steer: 0.6377965550861229
linkid: A219BS010395
trafficlightid: C119BS010046
turn_signal_lamp: 1.0