position: 0.8937176316641718 0.5198166457385982 0.0005605233887142624
orientation: 0.7938925681232541 0.42669542332771815 0.4896707592707789
enu_velocity: 0.7458877324318662 0.6808687064645 0.5950068500393444
velocity: 0.5583377438314469 0.6200557249714194 0.36071107491373816
angularVelocity: 0.43767189244537297 0.44188921501038414 0.6280431531675268
acceleration: 0.6890150629902019 0.5904320051897455 0.5097365701206107
accel: 0.2923639
brake: 0.0
steer: 0.6342216444588886
linkid: A219BS010395
trafficlightid: C119BS010046
turn_signal_lamp: 1.0