position: 0.8948158754303753 0.5211271898277383 0.0005342488548683022
orientation: 0.8000023272519541 0.4195282925006135 0.4909695695331775
enu_velocity: 0.746660964026832 0.6849444333307246 0.6354864712845022
velocity: 0.5632338956133187 0.6149863461276516 0.3955721098466253
angularVelocity: 0.4414232039262381 0.448729782468956 0.6226193088579771
acceleration: 0.6895989470294615 0.5732545829147148 0.5075607414464844
accel: 0.2931511
brake: 0.0
steer: 0.6291842703932402
linkid: A219BS010395
trafficlightid: C119BS010046
turn_signal_lamp: 1.0