position: 0.8953657719368232 0.5217794140953593 0.002050873336310932
orientation: 0.8028253850572067 0.41633049601070987 0.49158992954036534
enu_velocity: 0.7471050267042759 0.6869471506181942 0.6541466929956171
velocity: 0.565688826764883 0.6120392226629724 0.41185805010293863
angularVelocity: 0.4390128139760734 0.44999443956277974 0.6195321857434145
acceleration: 0.6895863101649873 0.5763942991357994 0.5029000871012123
accel: 0.2929839
brake: 0.0
steer: 0.6258531036724083
linkid: A219BS010395
trafficlightid: C119BS010046
turn_signal_lamp: 1.0