position: 0.8970192485036365 0.5237787557755373 0.01067183983044151
orientation: 0.8091888291038902 0.40603676783549186 0.4933269375604913
enu_velocity: 0.7485814285658277 0.6928537464667397 0.700541432280301
velocity: 0.5730536202195758 0.6026037317109927 0.4506905743726668
angularVelocity: 0.4291487489916467 0.443563354746932 0.6095054710939678
acceleration: 0.6899767588269641 0.5590425760433346 0.4903086900674244
accel: 0.2925466
brake: 0.0
steer: 0.6194345141371467
linkid: A219BS010395
trafficlightid: C119BS010046
turn_signal_lamp: 1.0