position: 0.8975716410186438 0.524449266704865 0.014380198343536321
orientation: 0.8106115606168547 0.4019187634184368 0.49386328591652906
enu_velocity: 0.749103053054495 0.694803540197689 0.711976446852007
velocity: 0.5755107949109821 0.5995130469256129 0.4589992666544006
angularVelocity: 0.4270018983243262 0.4396552959131324 0.6062914333146681
acceleration: 0.6899060380613223 0.5636723034159892 0.48511502782960864
accel: 0.292071
brake: 0.0
steer: 0.6179720506987326
linkid: A219BS010395
trafficlightid: C119BS010046
turn_signal_lamp: 1.0