position: 0.898124894226258 0.525125873188097 0.018373927488125386
orientation: 0.8121004236682681 0.3974696010310832 0.49438198798967686
enu_velocity: 0.7495972325945756 0.6967645725217217 0.7220714353808168
velocity: 0.5779602418540437 0.5968745820671311 0.4655869947567097
angularVelocity: 0.42899834035276013 0.43708523745146266 0.603684174359073
acceleration: 0.6896278747915108 0.5662693088788469 0.4826283574002714
accel: 0.2919006
brake: 0.0
steer: 0.6166720831979201
linkid: A219BS010395
trafficlightid: C119BS010046
turn_signal_lamp: 1.0