position: 0.8997901622817837 0.5271739792994987 0.03210966990427311
orientation: 0.8184967527969123 0.3837846841024503 0.49584224529988247
enu_velocity: 0.7512076203541966 0.7025830986681042 0.739501917490374
velocity: 0.5853352558791279 0.5884001357525459 0.47235766686228364
angularVelocity: 0.43746319151808954 0.43734365258703733 0.595550341511408
acceleration: 0.6899274293801009 0.55402799062458 0.4663180391747125
accel: 0.2893445
brake: 0.0
steer: 0.6104972375690608
linkid: A219BS010395
trafficlightid: C119BS010046
turn_signal_lamp: 1.0