position: 0.900905103484558 0.5285576700354753 0.042461836239588546
orientation: 0.8245512216229749 0.3755748671448246 0.49673184812644433
enu_velocity: 0.7522953608320354 0.70641484589539 0.7423187728779734
velocity: 0.5902124622134451 0.5832308505257408 0.46896160530310893
angularVelocity: 0.44805431892690173 0.440586108084718 0.5910105665705047
acceleration: 0.6888708809340927 0.556942987675582 0.4603702572817457
accel: 0.2878809
brake: 0.0
steer: 0.6057036074098149
linkid: A219BS010395
trafficlightid: C119BS010046
turn_signal_lamp: 1.0