position: 0.09920113180389234 0.12496495056505719 0.8638117925946687
orientation: 0.9726280478237268 0.5172665758586588 0.4998992463009528
enu_velocity: 0.8898935937182775 0.9989080174284015 0.632462068053
velocity: 0.9998210153770489 0.5211730090583554 0.7394501564790341
angularVelocity: 0.4100176100850249 0.4775588210725872 0.5304135192923874
acceleration: 0.5898754439079275 0.5260306932078531 0.4383027938385713
accel: 0.02664932
brake: 0.0
steer: 0.5689795255118623
linkid: A219BS010380
trafficlightid: null
turn_signal_lamp: 0.0