position: 0.9031478102099472 0.5313616248308479 0.06397265112965878
orientation: 0.8413030991985364 0.3625634556115044 0.49830466899272446
enu_velocity: 0.754728244721663 0.7139393904718392 0.722536871811177
velocity: 0.6000042672127796 0.5720736130723836 0.4406583891335796
angularVelocity: 0.4496756477845297 0.4587019049964705 0.5805425807674157
acceleration: 0.6909236101542535 0.5540288651973435 0.4302928855787142
accel: 0.2826788
brake: 0.0
steer: 0.5990412739681509
linkid: A219BS010395
trafficlightid: C119BS010046
turn_signal_lamp: 1.0