position: 0.9037113056595816 0.5320748046374968 0.0695742357759892
orientation: 0.8440050965372297 0.3616109621876253 0.49865710143143693
enu_velocity: 0.7553951058326652 0.7157955973731118 0.7095435204157384
velocity: 0.6024669261126885 0.5690560516326081 0.4281236729365826
angularVelocity: 0.43812558928186884 0.4686911738186939 0.5770922847802851
acceleration: 0.6902886457772699 0.5404731407963952 0.4252934159466942
accel: 0.2810293
brake: 0.0
steer: 0.5982287942801431
linkid: A219BS010395
trafficlightid: C119BS010046
turn_signal_lamp: 1.0