position: 0.9054089357571207 0.5342204396113477 0.08633373912891162
orientation: 0.8486700803068157 0.3655137299598291 0.49963175714944363
enu_velocity: 0.7571906191461075 0.7213932340808906 0.6685473230807457
velocity: 0.6097367430474031 0.5629004580853414 0.39518756120296583
angularVelocity: 0.4280736999653077 0.49876961255117236 0.5705520792874057
acceleration: 0.6884413036676597 0.5293970618651292 0.42670914063370946
accel: 0.2775299
brake: 0.0
steer: 0.5931914202144947
linkid: A219BS010395
trafficlightid: C119BS010046
turn_signal_lamp: 1.0