position: 0.9059773371546135 0.5349458105258016 0.09206815614079611
orientation: 0.8499273022863949 0.36926123513904996 0.49992735978891106
enu_velocity: 0.7578479341880361 0.7231954957353627 0.655851707375224
velocity: 0.6121323450342566 0.5603986291183558 0.3877867001976807
angularVelocity: 0.4277758279015809 0.5091428860282453 0.5679744096246909
acceleration: 0.6878959392273395 0.536317155680703 0.4273612785573737
accel: 0.2761774
brake: 0.0
steer: 0.5924601884952877
linkid: A219BS010395
trafficlightid: C119BS010046
turn_signal_lamp: 1.0