position: 0.9065470295910164 0.5356711814402573 0.09775221362947661
orientation: 0.8515925161070046 0.3740101252449207 0.50021107036817
enu_velocity: 0.7584742245054753 0.7250114480395909 0.6425459704874704
velocity: 0.6145202192727653 0.5583712450526024 0.3808074475125981
angularVelocity: 0.4331065199771574 0.5172459953917563 0.5662279472259492
acceleration: 0.6874196969131794 0.539310035737805 0.4263629940234606
accel: 0.2750627
brake: 0.0
steer: 0.5918914527136823
linkid: A219BS010395
trafficlightid: C119BS010046
turn_signal_lamp: 1.0