position: 0.9071181852048508 0.5364026479086146 0.10336328630191804
orientation: 0.8539526531431163 0.37966158385092275 0.5004861770144671
enu_velocity: 0.7590775019778262 0.7268255613013147 0.6303826129825615
velocity: 0.6168891480637194 0.5566476435255452 0.3758778129384487
angularVelocity: 0.43925570616096704 0.5250335472542159 0.5648935930752328
acceleration: 0.6865566599701435 0.5417047080246501 0.42986137119286044
accel: 0.2743437
brake: 0.0
steer: 0.5885602859928503
linkid: A219BS010395
trafficlightid: C119BS010046
turn_signal_lamp: 1.0