position: 0.9088400007646393 0.5386031428675926 0.12053150462577733
orientation: 0.859422779358952 0.4019217924109554 0.5012370208712233
enu_velocity: 0.761072289483181 0.7320940094007766 0.6044196891907977
velocity: 0.6239353588608474 0.5500216507997192 0.37744399846878135
angularVelocity: 0.42392254699050763 0.546295174967349 0.5587431352890097
acceleration: 0.6856841834415968 0.5370295642418191 0.4409778522466372
accel: 0.2722701
brake: 0.0
steer: 0.5819792005199871
linkid: A219BS010395
trafficlightid: C119BS010046
turn_signal_lamp: 1.0