position: 0.9111550917382556 0.5415899642800541 0.14421142825446553
orientation: 0.852574009322451 0.4403691508016353 0.5020049081875411
enu_velocity: 0.7639633846883438 0.7388741504389897 0.5857192873445636
velocity: 0.6332198745736837 0.5411291876983884 0.4053653691710578
angularVelocity: 0.3888246147985149 0.5613314074359286 0.5478641022480624
acceleration: 0.6848702475683551 0.5305276021301524 0.45194044866109523
accel: 0.269149
brake: 0.0
steer: 0.5778355541111473
linkid: A219BS010395
trafficlightid: C119BS010046
turn_signal_lamp: 1.0