position: 0.9134947124511641 0.5446255501237385 0.16579449811261293
orientation: 0.8445785979116456 0.47948812592170453 0.5025736993990784
enu_velocity: 0.7668135681689054 0.7455748039733944 0.5775251519692584
velocity: 0.6423819927240284 0.5348927256316318 0.4450248910227511
angularVelocity: 0.413359831334859 0.5550062756578685 0.5419986198935043
acceleration: 0.6825390505756244 0.5228231147433329 0.46532563242207053
accel: 0.2664503
brake: 0.0
steer: 0.5743418914527137
linkid: A219BS010395
trafficlightid: C119BS010046
turn_signal_lamp: 1.0