position: 0.9152679974288358 0.5469296694990673 0.18125633143280862
orientation: 0.8459572417323109 0.5069532126848789 0.5029027313322194
enu_velocity: 0.769143490884953 0.7504454058777025 0.5770670346053108
velocity: 0.6492175600582124 0.5291391391161492 0.47912145022798236
angularVelocity: 0.40884839835817705 0.5406235648533045 0.5373139129469914
acceleration: 0.6843268623959647 0.5199248649935835 0.44096331682433787
accel: 0.2634948
brake: 0.0
steer: 0.5715794605134873
linkid: A219BS010395
trafficlightid: C119BS010046
turn_signal_lamp: 1.0