position: 0.9158624778123129 0.5477038048447458 0.18459830616838468
orientation: 0.8439277623884427 0.5136783244155041 0.502994470082399
enu_velocity: 0.769889277531332 0.7521121914010052 0.5677031551473319
velocity: 0.6515254147090229 0.5278505676113576 0.4789108640659784
angularVelocity: 0.3936713240573116 0.5260882019424604 0.5355504248056641
acceleration: 0.6844297843283088 0.5090874753815439 0.43741525840847945
accel: 0.2617218
brake: 0.0
steer: 0.5714169645758856
linkid: A219BS010395
trafficlightid: C119BS010046
turn_signal_lamp: 1.0