position: 0.9188605283693795 0.5516171504504612 0.18653678288768782
orientation: 0.8194890872481697 0.5308742000252582 0.5033032800329733
enu_velocity: 0.773478769968544 0.760350488807281 0.5282924757645411
velocity: 0.6628712449722537 0.5242741399350105 0.466750058205492
angularVelocity: 0.35664602849360716 0.4870089651743113 0.5288684584384964
acceleration: 0.6811041574522864 0.5186472937036285 0.4481844048913446
accel: 0.2557264
brake: 0.0
steer: 0.5688982775430615
linkid: A219BS010395
trafficlightid: C119BS010046
turn_signal_lamp: 1.0