position: 0.9194653370641375 0.552409572457849 0.1850486224845782
orientation: 0.8123761524324011 0.5324950673747714 0.5033435047896232
enu_velocity: 0.7741621662349059 0.761979880466324 0.5237188828592105
velocity: 0.66509608864891 0.5241019488546453 0.46545009195159737
angularVelocity: 0.3500575464225021 0.4831969179905419 0.528278735105326
acceleration: 0.6807577094389003 0.5223939588195907 0.449434309671606
accel: 0.2548702
brake: 0.0
steer: 0.5670295742606436
linkid: A219BS010395
trafficlightid: C119BS010046
turn_signal_lamp: 1.0