position: 0.009165834025466474 0.011672985724212381 0.44120343203799894
orientation: 0.6627884193340865 0.3515823599458002 0.49962101593377145
enu_velocity: 0.8903567485338687 0.9918593761845222 0.3616658297488295
velocity: 0.9927967414139317 0.489870888445999 0.19363968751280738
angularVelocity: 0.5682722800661411 0.6455527436688633 0.5039398877252923
acceleration: 0.6253644631578307 0.5120220981522272 0.5077871855144498
accel: 0.125643
brake: 0.0
steer: 0.5591485212869679
linkid: A219BS010380
trafficlightid: null
turn_signal_lamp: 0.0