position: 0.9200717810748482 0.5532019944652369 0.18320794541903496
orientation: 0.8045791356369416 0.5338056589847615 0.5033780301257123
enu_velocity: 0.7748897130707335 0.7635704478947153 0.5198860744472078
velocity: 0.6673097146263564 0.5234475539189715 0.46458001794560333
angularVelocity: 0.34299821259931973 0.4806622118637718 0.5270269642347355
acceleration: 0.6803400839057351 0.5072570206712178 0.4518635779053312
accel: 0.2542999
brake: 0.0
steer: 0.5669483262918428
linkid: A219BS010395
trafficlightid: C119BS010046
turn_signal_lamp: 1.0