position: 0.9212887143515216 0.5547990295878185 0.17985356326469848
orientation: 0.7869668253124932 0.537710814315774 0.5034240639071644
enu_velocity: 0.7752461564713229 0.7642725534553463 0.5150698082832783
velocity: 0.6683113305247098 0.5223306681502161 0.4650674616911944
angularVelocity: 0.33266154403420123 0.5091694513666092 0.5252500300206381
acceleration: 0.39160577245879125 0.5157590128559127 0.44542750760286876
accel: 0.0
brake: 0.300924
steer: 0.5655671108222295
linkid: A219BS010395
trafficlightid: C119BS010046
turn_signal_lamp: 1.0