position: 0.9247523135395753 0.559334121691637 0.24556763210981591
orientation: 0.7333583597239128 0.7015266407375403 0.5035317500744898
enu_velocity: 0.7542708857337237 0.7167774417324926 0.45822068455151405
velocity: 0.6027149619063326 0.5174501682684961 0.5403317407845664
angularVelocity: 0.3520933013210241 0.7846480666277329 0.522367639626211
acceleration: 0.06446414746459583 0.505225524697628 0.3976991730553347
accel: 0.0
brake: 0.3596922
steer: 0.5653233669158272
linkid: A219BS010395
trafficlightid: C119BS010046
turn_signal_lamp: 1.0