position: 0.9252925702888276 0.5600412059443833 0.2592296598615622
orientation: 0.7272377593594015 0.7371540070934014 0.5035446285728723
enu_velocity: 0.750250456464044 0.7077322133428257 0.44643755764095816
velocity: 0.5902042359006912 0.5168968653422725 0.5539646441965854
angularVelocity: 0.3639657651379221 0.7803958558072153 0.5225558547978829
acceleration: 0.05423970609393758 0.5147601185000065 0.39962018655276244
accel: 0.0
brake: 0.3660372
steer: 0.563942151446214
linkid: A219BS010395
trafficlightid: C119BS010046
turn_signal_lamp: 1.0