position: 0.10292001241910577 0.1297011959476757 0.8732312129784521
orientation: 0.974469612413533 0.5227749591121644 0.5000938486318295
enu_velocity: 0.889486692524013 0.9986638334514069 0.5958690070683501
velocity: 0.999283562943786 0.519296088422184 0.7133039878827937
angularVelocity: 0.42685819482858667 0.4880354770951932 0.5290647830001183
acceleration: 0.5653161385700702 0.5209966078851481 0.42990270331819525
accel: 0.03844015
brake: 0.0
steer: 0.5684107897302568
linkid: A219BS010380
trafficlightid: null
turn_signal_lamp: 0.0