position: 0.9258214658956709 0.5607300035354204 0.2716940067788296
orientation: 0.7223082494360209 0.7714746304415314 0.5035605759900181
enu_velocity: 0.7461441125727014 0.6985547782308861 0.43615836939081776
velocity: 0.5774913420270644 0.5165506292158771 0.5660230781505738
angularVelocity: 0.3741889473384254 0.7667528158003893 0.5230690011600708
acceleration: 0.04637500884961143 0.5129871984028154 0.4013332035641365
accel: 0.0
brake: 0.3707054
steer: 0.5638609034774131
linkid: A219BS010395
trafficlightid: C119BS010046
turn_signal_lamp: 1.0