position: 0.926338828221584 0.5614066100186523 0.2825826115135004
orientation: 0.7180841425894262 0.8036275642025252 0.5035741669159708
enu_velocity: 0.7420558380263911 0.6892253156052361 0.4280421813771209
velocity: 0.5646281309840233 0.5154509293590321 0.5765182041491141
angularVelocity: 0.3796166861293041 0.7460616437742283 0.5226087848270389
acceleration: 0.04046240266379009 0.5046554751016806 0.4049657391826799
accel: 0.0
brake: 0.3742576
steer: 0.5637796555086123
linkid: A219BS010395
trafficlightid: C119BS010046
turn_signal_lamp: 1.0