position: 0.9268444851280451 0.5620649298401741 0.29166849128707284
orientation: 0.714378608189137 0.83299560660671 0.503585127340126
enu_velocity: 0.7379240947726919 0.6798316908299824 0.422403174411104
velocity: 0.5516662041879339 0.5145200492058811 0.5852546086977753
angularVelocity: 0.38429089381891374 0.7205547602684355 0.5223914660473276
acceleration: 0.03686698634381247 0.5056299685706167 0.408911136248592
accel: 0.0
brake: 0.3770536
steer: 0.5653233669158272
linkid: A219BS010395
trafficlightid: C119BS010046
turn_signal_lamp: 1.0