position: 0.9273384366150547 0.5627110585538908 0.29877064375527285
orientation: 0.7113018654659009 0.8589772353750975 0.503594443700658
enu_velocity: 0.7337531444495831 0.6703710431723402 0.4203875698581033
velocity: 0.5386040659455682 0.5136951493198504 0.592969997357863
angularVelocity: 0.39051498406333207 0.6894345956708896 0.5223685075721916
acceleration: 0.03263911779460826 0.5072376880101291 0.4168220318834648
accel: 0.0
brake: 0.3791273
steer: 0.5636984075398116
linkid: A219BS010395
trafficlightid: C119BS010046
turn_signal_lamp: 1.0