position: 0.9278205105440912 0.5633389006058982 0.30386790332139313
orientation: 0.7091845721119616 0.8812485264842276 0.5036077606160065
enu_velocity: 0.7294882676254102 0.6609204080794451 0.42168836818256816
velocity: 0.5254878334647897 0.5137274974343228 0.5992704039679141
angularVelocity: 0.3999895387527057 0.6565872538717816 0.5233919116715976
acceleration: 0.030436344840238827 0.517066910186594 0.42354608007172934
accel: 0.0
brake: 0.3808042
steer: 0.5636984075398116
linkid: A219BS010395
trafficlightid: C119BS010046
turn_signal_lamp: 1.0