position: 0.9296296864034642 0.5656978799663523 0.30742883250568553
orientation: 0.7076736652143988 0.9337701877006083 0.5036463961111539
enu_velocity: 0.7125377559816777 0.6228340421479934 0.457614584883666
velocity: 0.4727883289870836 0.5119161178587915 0.6147243762856438
angularVelocity: 0.42351585883015336 0.5320917533087469 0.5236492413430246
acceleration: 0.026900687186599992 0.5213313222251341 0.44737006024248716
accel: 0.0
brake: 0.3858958
steer: 0.5635359116022101
linkid: A219BS010395
trafficlightid: C119BS010046
turn_signal_lamp: 1.0