position: 0.9300520282655927 0.5662464798176199 0.30521958211813605
orientation: 0.7085116927426094 0.9387341719105058 0.5036582881713623
enu_velocity: 0.7082759816299538 0.61329717639544 0.4722366496045541
velocity: 0.4595803606549875 0.5116086323355002 0.6161312488064604
angularVelocity: 0.42495984755266103 0.5068387641704212 0.5235875877279399
acceleration: 0.026283612346673313 0.5074606518973319 0.45174980403419995
accel: 0.0
brake: 0.3867918
steer: 0.5635359116022101
linkid: A219BS010395
trafficlightid: C119BS010046
turn_signal_lamp: 1.0