position: 0.9308605629003668 0.5673010106428364 0.2990195219786478
orientation: 0.7099452654913851 0.9413665445852017 0.5036710570655032
enu_velocity: 0.699771371645686 0.5941862553641295 0.5062552950687437
velocity: 0.4331377507948959 0.5107898805345795 0.6175059448081137
angularVelocity: 0.4222111022329695 0.4676869760650245 0.5228446037568287
acceleration: 0.025212219391192336 0.5151256046059605 0.4614129670915813
accel: 0.0
brake: 0.3884982
steer: 0.5658921026974326
linkid: A219BS010395
trafficlightid: C119BS010046
turn_signal_lamp: 1.0