position: 0.9316205544721206 0.56828849037512 0.2925691239194599
orientation: 0.7102430381016678 0.9373208796365322 0.5036828395214701
enu_velocity: 0.6910675045160578 0.5751523697799545 0.5448698223226723
velocity: 0.40663955100316346 0.5121218366732924 0.618191854021498
angularVelocity: 0.41679639658798867 0.44273094187927003 0.5237430316669887
acceleration: 0.02557701369577281 0.5268373454230999 0.4615519664406679
accel: 0.0
brake: 0.3895022
steer: 0.5635359116022101
linkid: A219BS010395
trafficlightid: C119BS010046
turn_signal_lamp: 1.0