position: 0.9319829060595592 0.5687578480256494 0.289648271573582
orientation: 0.7096034051888034 0.9335011418945441 0.5036878813165815
enu_velocity: 0.6868016389918737 0.5655987483068039 0.5634668757375394
velocity: 0.3934126372235126 0.5118547041419543 0.6168940677485767
angularVelocity: 0.4100043948713496 0.43364149842848637 0.5229747357613674
acceleration: 0.025392789526932136 0.5149688896055954 0.4601993563384222
accel: 0.0
brake: 0.3904311
steer: 0.5636171595710108
linkid: A219BS010395
trafficlightid: C119BS010046
turn_signal_lamp: 1.0