position: 0.9326697387597398 0.5696538944493881 0.28494950910412564
orientation: 0.7066368816963151 0.9236280516921448 0.5036925394968476
enu_velocity: 0.6781612020819295 0.5465468809736954 0.5972397959009638
velocity: 0.36694809052941024 0.5125668060998191 0.6099537931232936
angularVelocity: 0.4017091956849937 0.422354427502618 0.5231680097700195
acceleration: 0.025113484371776518 0.5326795467196771 0.45411937366642674
accel: 0.0
brake: 0.3918731
steer: 0.5670295742606436
linkid: A219BS010395
trafficlightid: C119BS010046
turn_signal_lamp: 1.0