position: 0.9329950805650885 0.5700744876686947 0.28328472544571826
orientation: 0.7048173609526585 0.9180272663492186 0.5037013626382925
enu_velocity: 0.6737821985926707 0.5370547652554196 0.6116421943752299
velocity: 0.353713947565824 0.5135364350893831 0.6039416671971286
angularVelocity: 0.40010405402976046 0.419578833627488 0.5239990058235575
acceleration: 0.025099324993510197 0.5284967920057299 0.44963773083928393
accel: 0.0
brake: 0.3925962
steer: 0.5672733181670458
linkid: A219BS010395
trafficlightid: C119BS010046
turn_signal_lamp: 1.0