position: 0.9333083726739428 0.5704828897801946 0.28211842808222176
orientation: 0.7028764183679155 0.912266835282959 0.5037136383133465
enu_velocity: 0.6694142583156064 0.5275477328590511 0.6242302525241735
velocity: 0.3404735725471212 0.5143173620333484 0.5963379807621039
angularVelocity: 0.39937241313626665 0.41875796108697766 0.5244605740025339
acceleration: 0.024777161075107856 0.5265422062678329 0.4460924220673156
accel: 0.0
brake: 0.3932607
steer: 0.5637796555086123
linkid: A219BS010395
trafficlightid: C119BS010046
turn_signal_lamp: 1.0