position: 0.9349333603154728 0.5725980469845293 0.28452984641075263
orientation: 0.6914728837925765 0.8827024428931567 0.503795567483907
enu_velocity: 0.6431912065702866 0.47012040211277384 0.6510362670579983
velocity: 0.2606474278397163 0.5175221114644297 0.5107666644285528
angularVelocity: 0.4059880982752903 0.4363860384627381 0.5264616401690119
acceleration: 0.01607949653513918 0.5516708635930395 0.41231827740296856
accel: 0.0
brake: 0.3938911
steer: 0.5781605459863505
linkid: A219BS010395
trafficlightid: C119BS010046
turn_signal_lamp: 1.0