position: 0.9357733962996536 0.5736891511331628 0.2893847963869596
orientation: 0.6905246370336182 0.8707179667292609 0.50404568436313
enu_velocity: 0.6257419128174558 0.4322159379188292 0.6280537701607583
velocity: 0.20789183486596 0.5200813967601358 0.42173397430587223
angularVelocity: 0.4030245971272306 0.4480761855185565 0.528322021345343
acceleration: 0.025830968996290338 0.509676866844609 0.39837467261505766
accel: 0.0
brake: 0.3989616
steer: 0.5691420214494638
linkid: A219BS010395
trafficlightid: C119BS010046
turn_signal_lamp: 1.0