position: 0.9364197764473172 0.5745242420178727 0.2917261492919012
orientation: 0.6860251627974175 0.8650986510791622 0.5041794015378243
enu_velocity: 0.6085515732347997 0.3937479093662639 0.5904734812544468
velocity: 0.15471884376870876 0.5189248748166837 0.3222156629016942
angularVelocity: 0.4105200177018839 0.463789317865925 0.5271433015205464
acceleration: 0.02279926340782734 0.5148369397440847 0.3948931209126083
accel: 0.0
brake: 0.3993427
steer: 0.5691420214494638
linkid: A219BS010395
trafficlightid: C119BS010046
turn_signal_lamp: 1.0