position: 0.9366702379958793 0.5748473063747301 0.2915962363189961
orientation: 0.6852308615869791 0.8646086669952706 0.5042405059024899
enu_velocity: 0.5999586962047045 0.3745216599361117 0.5722503864872808
velocity: 0.12814072410215993 0.518504842235366 0.27388879829856844
angularVelocity: 0.4147855933898687 0.46940338164926654 0.5269176335824195
acceleration: 0.022884752557252197 0.5148928003942636 0.39736557398140326
accel: 0.0
brake: 0.3999387
steer: 0.5692232694182646
linkid: A219BS010395
trafficlightid: C119BS010046
turn_signal_lamp: 1.0