position: 0.936955987941318 0.5752130396089088 0.2897307444159316
orientation: 0.6853522834280652 0.865743291957533 0.5043249011684854
enu_velocity: 0.5870706506276796 0.34570041057645606 0.5508184948728384
velocity: 0.08828822732419166 0.5181145677993335 0.20749187085095122
angularVelocity: 0.41871978965816775 0.4748697921988249 0.526375167840405
acceleration: 0.022904469110859527 0.5163085031180821 0.4040617440566583
accel: 0.0
brake: 0.4009468
steer: 0.5693857653558662
linkid: A219BS010395
trafficlightid: C119BS010046
turn_signal_lamp: 1.0