position: 0.10663479613751112 0.13443744133029334 0.879005041791106
orientation: 0.9839430456399403 0.5325109250414864 0.5002592962344532
enu_velocity: 0.8894433942821433 0.9990582058996076 0.5725171340749556
velocity: 0.9996759331339324 0.5176291005121814 0.7077631738430186
angularVelocity: 0.4414512867334172 0.49338031203696636 0.5281836398380164
acceleration: 0.5905129067300439 0.5235151841175132 0.4456948893995901
accel: 0.02890587
brake: 0.0
steer: 0.568329541761456
linkid: A219BS010380
trafficlightid: null
turn_signal_lamp: 0.0