position: 0.9372047281046665 0.5755300084118646 0.2786896014153215
orientation: 0.6893003001359996 0.8634868707072048 0.5044524257035319
enu_velocity: 0.56335634674664 0.2935092384300217 0.5407016124297829
velocity: 0.015836049656611333 0.5213388902247037 0.11396254269492737
angularVelocity: 0.4314329269575442 0.4204866081655612 0.5228403738960163
acceleration: 0.245477106340737 0.5240467647865705 0.4407768372161518
accel: 0.0
brake: 0.2585165
steer: 0.5696295092622685
linkid: A219BS010395
trafficlightid: C119BS010046
turn_signal_lamp: 1.0