position: 0.9372116136455204 0.5755361039657672 0.2729062845765564
orientation: 0.690447302884831 0.8556335839866216 0.5044525353077735
enu_velocity: 0.56061771760648 0.28745810610090095 0.5455821510110966
velocity: 0.007437522784315606 0.5216641686243076 0.10897995202297875
angularVelocity: 0.42718098263815446 0.39365794671086335 0.5223941436601816
acceleration: 0.23969307644465626 0.5198139783731965 0.44705720356604484
accel: 0.0
brake: 1.0
steer: 0.5696295092622685
linkid: A219BS010395
trafficlightid: C119BS010046
turn_signal_lamp: 1.0