position: 0.9372124743381272 0.5755361039657672 0.25294712687972387
orientation: 0.6912083576387817 0.8226831343130828 0.5044452466257101
enu_velocity: 0.558691620886731 0.28327028550726213 0.5631328207458437
velocity: 0.0015906605245409361 0.5222239187364484 0.11940789972785118
angularVelocity: 0.41794932740108576 0.279809948486188 0.52236579951727
acceleration: 0.5348542992363832 0.5197292829055701 0.48183838741416907
accel: 0.0
brake: 1.0
steer: 0.5697107572310693
linkid: A219BS010395
trafficlightid: C119BS010046
turn_signal_lamp: 1.0