position: 0.9372107529529138 0.5755361039657672 0.23881361721507455
orientation: 0.6909546727207982 0.7971266335534827 0.5044388895797001
enu_velocity: 0.5584372005879698 0.28274748720384013 0.5768623515518109
velocity: 0.0008413331742430921 0.5224647544060835 0.13199084582389767
angularVelocity: 0.4146915075709213 0.23462643075498976 0.5223458719614577
acceleration: 0.5592877832732067 0.5192556833420586 0.4909763494048349
accel: 0.0
brake: 1.0
steer: 0.5697107572310693
linkid: A219BS010395
trafficlightid: C119BS010046
turn_signal_lamp: 1.0