position: 0.9372055887972733 0.5755300084118646 0.20768924233002561
orientation: 0.6897527410438563 0.7368340029426127 0.5044231613710373
enu_velocity: 0.5581994097120002 0.2822660083030726 0.6098160318748103
velocity: 0.00013514809797821178 0.5227941264233568 0.16348920778619444
angularVelocity: 0.4110361377763481 0.19416150506802843 0.522283817145706
acceleration: 0.5770525122619454 0.517959370111215 0.4989647407868244
accel: 0.0
brake: 1.0
steer: 0.5698732531686709
linkid: A219BS010395
trafficlightid: C119BS010046
turn_signal_lamp: 1.0