position: 0.9372030067194531 0.5755300084118646 0.19259014354653647
orientation: 0.6889696424437561 0.7054329720303543 0.5044147218444377
enu_velocity: 0.5581610294003586 0.28218644437683127 0.6267529897894827
velocity: 1.2652816862301474e-05 0.5228828053076348 0.1799529908902955
angularVelocity: 0.4104480244307418 0.19421513765398302 0.5222530176368645
acceleration: 0.582567874045479 0.5173618693639923 0.498445425452924
accel: 0.0
brake: 1.0
steer: 0.5698732531686709
linkid: A219BS010395
trafficlightid: C119BS010046
turn_signal_lamp: 1.0