position: 0.9371926784081722 0.5755178173040578 0.14757748797940096
orientation: 0.6862568038692515 0.5962328028058875 0.5043838682504407
enu_velocity: 0.5583083975235451 0.28246285839107077 0.676899326234762
velocity: 0.0003912431852991444 0.5228497915039471 0.22938091156340387
angularVelocity: 0.4129565282581813 0.26907160057776924 0.5221504123511895
acceleration: 0.5944894897066649 0.5158010980644631 0.47679146296799013
accel: 0.0
brake: 1.0
steer: 0.570198245043874
linkid: A219BS010395
trafficlightid: C119BS010046
turn_signal_lamp: 1.0