position: 0.9371909570229586 0.5755117217501544 0.141073081156196
orientation: 0.6858376094178826 0.5757343632002923 0.5043777304129138
enu_velocity: 0.5583834180348087 0.2826105731457701 0.682261943852837
velocity: 0.0006018146056859257 0.5227870835091927 0.23480261144280734
angularVelocity: 0.4141269456103115 0.29602279958513616 0.5221295857032945
acceleration: 0.5955702917973809 0.5156663679821674 0.468791044080656
accel: 0.0
brake: 1.0
steer: 0.570198245043874
linkid: A219BS010395
trafficlightid: C119BS010046
turn_signal_lamp: 1.0