position: 0.9371892356377451 0.5755117217501544 0.1363896454981508
orientation: 0.6855506780434113 0.5583344047651966 0.5043724146071984
enu_velocity: 0.5584624311894624 0.282768550166321 0.6842802413842196
velocity: 0.0008276789907646414 0.5227175279963125 0.23696183899706924
angularVelocity: 0.4152753201390294 0.32321039783834865 0.5221106909665097
acceleration: 0.5961075184014824 0.5156122142832156 0.46052415941446107
accel: 0.0
brake: 1.0
steer: 0.570198245043874
linkid: A219BS010395
trafficlightid: C119BS010046
turn_signal_lamp: 1.0