position: 0.9371866535599249 0.5755117217501544 0.13170183075113018
orientation: 0.6853193983461043 0.532483628473613 0.5043641394869612
enu_velocity: 0.5586176536819103 0.2830866297318819 0.6785902473608363
velocity: 0.0012831951054575839 0.5225770988776388 0.23177514106656877
angularVelocity: 0.4172879928595772 0.37448042536089965 0.5220798672626701
acceleration: 0.59594454091261 0.5156668772290098 0.4448097887322488
accel: 0.0
brake: 1.0
steer: 0.570198245043874
linkid: A219BS010395
trafficlightid: C119BS010046
turn_signal_lamp: 1.0