position: 0.9371857928673182 0.5755056261962519 0.13121867126762954
orientation: 0.6853522834280652 0.523659318021978 0.504361015766077
enu_velocity: 0.5586885279603511 0.2832365672759551 0.6713557404694148
velocity: 0.0014977914363209248 0.5225151833498548 0.22488770918007428
angularVelocity: 0.418071249317724 0.3973129572527496 0.5220676511485831
acceleration: 0.595439477412366 0.5157340545438812 0.4381108117619874
accel: 0.0
brake: 1.0
steer: 0.5702794930126748
linkid: A219BS010395
trafficlightid: C119BS010046
turn_signal_lamp: 1.0