position: 0.10849168018807581 0.13680861179855341 0.880764705710624
orientation: 0.9895450735581464 0.5377656212627577 0.5003378276735256
enu_velocity: 0.889368900850265 0.9992445622067365 0.5612136517487034
velocity: 0.9998232589168908 0.5173345878018104 0.7059080972341273
angularVelocity: 0.4449337154716684 0.4930040808805209 0.5281354412200863
acceleration: 0.5892531392331251 0.5254212279983577 0.44538496843316583
accel: 0.02642108
brake: 0.0
steer: 0.5681670458238545
linkid: A219BS010380
trafficlightid: null
turn_signal_lamp: 0.0