position: 0.9371857928673182 0.5755056261962519 0.13163541456835315
orientation: 0.6854516614230017 0.5172365353799154 0.5043586044727628
enu_velocity: 0.5587527806761652 0.2833757627684211 0.6616716914651077
velocity: 0.0016968881475446626 0.5224608989913784 0.21560180118747924
angularVelocity: 0.418696808191214 0.41778848756466114 0.5220575881711843
acceleration: 0.5947594923025509 0.5158270983455538 0.4323006663234781
accel: 0.0
brake: 1.0
steer: 0.5703607409814755
linkid: A219BS010395
trafficlightid: C119BS010046
turn_signal_lamp: 1.0