position: 0.9371849321747115 0.5755056261962519 0.13760557253668937
orientation: 0.6861682671101261 0.5098287243708033 0.5043535626776514
enu_velocity: 0.5589309619249921 0.2837949795569992 0.6080057579468445
velocity: 0.0022945266032404574 0.52234685480396 0.16379628862599288
angularVelocity: 0.41943506548893805 0.47456104632299506 0.5220352888015136
acceleration: 0.5913301555932969 0.5163068066463848 0.4211457952156197
accel: 0.0
brake: 1.0
steer: 0.5702794930126748
linkid: A219BS010395
trafficlightid: C119BS010046
turn_signal_lamp: 1.0