position: 0.9371849321747115 0.5755056261962519 0.13922364591270409
orientation: 0.686355820489661 0.5111672896175828 0.504353179062806
enu_velocity: 0.5589573769720517 0.2838658813376215 0.5933726609911848
velocity: 0.0023952462362191763 0.5223409152590702 0.14963243776808316
angularVelocity: 0.4192673986607309 0.482943206461436 0.5220208177135944
acceleration: 0.5906204068613606 0.5164125591103785 0.42150817887856834
accel: 0.0
brake: 1.0
steer: 0.5703607409814755
linkid: A219BS010395
trafficlightid: C119BS010046
turn_signal_lamp: 1.0