position: 0.9371849321747115 0.5755056261962519 0.14062203499184012
orientation: 0.6865321712588575 0.5132906846435352 0.5043529050522021
enu_velocity: 0.5589765304436928 0.2839221990616388 0.5791423213940436
velocity: 0.0024751478885063753 0.5223432012690495 0.13584844336278634
angularVelocity: 0.4191023186484451 0.4893566921887509 0.5220233093026099
acceleration: 0.5897040720392626 0.5164818504210531 0.42272544893224284
accel: 0.0
brake: 1.0
steer: 0.5703607409814755
linkid: A219BS010395
trafficlightid: C119BS010046
turn_signal_lamp: 1.0