position: 0.9371857928673182 0.5755056261962519 0.14292251639968834
orientation: 0.6869293218640768 0.5259936734680495 0.5043533982712891
enu_velocity: 0.5590032810350803 0.28403611321636074 0.533747291985822
velocity: 0.002636532240535655 0.5223955956743628 0.09182708565319643
angularVelocity: 0.41805030502090146 0.5001459085973107 0.5220370646548855
acceleration: 0.5872918126059574 0.5166689163644532 0.4360623986277544
accel: 0.0
brake: 1.0
steer: 0.5704419889502763
linkid: A219BS010395
trafficlightid: C119BS010046
turn_signal_lamp: 1.0