position: 0.9371857928673182 0.5755056261962519 0.14262619804575838
orientation: 0.6869513657102263 0.5295203829102673 0.504353672281893
enu_velocity: 0.5590020821681305 0.28404419341741305 0.5265063219462837
velocity: 0.0026479000076328964 0.5224126664863464 0.08479744924786298
angularVelocity: 0.4178222792055266 0.5001377633275721 0.5220430443891947
acceleration: 0.5868924640134834 0.5166599004398641 0.4405768717894648
accel: 0.0
brake: 1.0
steer: 0.5704419889502763
linkid: A219BS010395
trafficlightid: C119BS010046
turn_signal_lamp: 1.0