position: 0.9371866535599249 0.5755056261962519 0.14016004110504854
orientation: 0.6869184806282654 0.5394721556477382 0.5043544943137046
enu_velocity: 0.5589888318492321 0.28403604556003037 0.5161391092094295
velocity: 0.002635541343772102 0.5224619958768962 0.07471607491809812
angularVelocity: 0.4173100842216469 0.4964424387195722 0.5220473712283195
acceleration: 0.5860261270979289 0.5166508019678808 0.4544748999178924
accel: 0.0
brake: 1.0
steer: 0.5706044848878778
linkid: A219BS010395
trafficlightid: C119BS010046
turn_signal_lamp: 1.0