position: 0.9371866535599249 0.5755056261962519 0.1389959332860391
orientation: 0.6868852341717776 0.542401654670906 0.5043546039179461
enu_velocity: 0.5589829072860202 0.28402597375768085 0.5163657053870878
velocity: 0.0026207579119065082 0.5224758545758802 0.07492741099355685
angularVelocity: 0.41717963051716045 0.49442719430232646 0.5220499112073314
acceleration: 0.5858562743935256 0.5166264995854218 0.4588495483602565
accel: 0.0
brake: 1.0
steer: 0.5706044848878778
linkid: A219BS010395
trafficlightid: C119BS010046
turn_signal_lamp: 1.0