position: 0.9371875142525317 0.5755056261962519 0.13650715105229505
orientation: 0.6867750149410298 0.547482344180785 0.5043547683243085
enu_velocity: 0.5589705551328958 0.2839993092965029 0.5215201647528268
velocity: 0.002581506933088402 0.5224989829388872 0.07991226884571753
angularVelocity: 0.4170909478272544 0.4897170558434961 0.522054728986768
acceleration: 0.5856033920084773 0.5165931588463496 0.46622898188272527
accel: 0.0
brake: 1.0
steer: 0.5706044848878778
linkid: A219BS010395
trafficlightid: C119BS010046
turn_signal_lamp: 1.0