position: 0.9371875142525317 0.5755056261962519 0.13315130920163343
orientation: 0.6866207080179828 0.5529705935428435 0.5043544943137046
enu_velocity: 0.5589533853514548 0.2839503989802714 0.5380620806920452
velocity: 0.0025094173363875106 0.522517503810311 0.09594238397487267
angularVelocity: 0.4171522492064178 0.4821114389056371 0.5220604800684282
acceleration: 0.5854653433991795 0.5165189632538281 0.4733470608787697
accel: 0.0
brake: 1.0
steer: 0.5706857328566787
linkid: A219BS010395
trafficlightid: C119BS010046
turn_signal_lamp: 1.0