position: 0.9371875142525317 0.5755056261962519 0.13229592715531435
orientation: 0.6865766203256837 0.554225309149667 0.5043542751052215
enu_velocity: 0.5589483064165438 0.2839335110938196 0.5450314638617562
velocity: 0.002484410866236728 0.5225207861457495 0.10269930476046805
angularVelocity: 0.41715047710555075 0.4796301359206037 0.5220620505320469
acceleration: 0.5854666040405994 0.5164984542770291 0.47461536394137044
accel: 0.0
brake: 1.0
steer: 0.5706857328566787
linkid: A219BS010395
trafficlightid: C119BS010046
turn_signal_lamp: 1.0