position: 0.9371875142525317 0.5755056261962519 0.13161570866796835
orientation: 0.6865213300230462 0.5552045646133279 0.5043539462924969
enu_velocity: 0.5589434178575247 0.2839170051151946 0.5523164461446514
velocity: 0.0024597584765294555 0.5225250511324578 0.10976290526936282
angularVelocity: 0.41719233433457864 0.4772288408513958 0.5220629832690595
acceleration: 0.5854868900143649 0.5165053008929235 0.4752460326964306
accel: 0.0
brake: 1.0
steer: 0.5706857328566787
linkid: A219BS010395
trafficlightid: C119BS010046
turn_signal_lamp: 1.0