position: 0.9371875142525317 0.5755056261962519 0.13082820250075144
orientation: 0.6864439958742592 0.5563855153435219 0.504353179062806
enu_velocity: 0.5589350194543774 0.283885403867016 0.5669825320854909
velocity: 0.0024128057993570485 0.5225270822089081 0.12398528425643901
angularVelocity: 0.4172812418934896 0.4727758247533744 0.5220650203788322
acceleration: 0.5855652842495187 0.5164454827963866 0.4749615264547072
accel: 0.0
brake: 1.0
steer: 0.5706857328566787
linkid: A219BS010395
trafficlightid: C119BS010046
turn_signal_lamp: 1.0