position: 0.9371875142525317 0.5755056261962519 0.13144638389429453
orientation: 0.6863670230999993 0.5561154004812747 0.5043507677694918
enu_velocity: 0.5589225952386594 0.28383331806383155 0.5915975573608884
velocity: 0.0023361178957452436 0.5225190683566363 0.14785768909808955
angularVelocity: 0.4175053560438661 0.4658439596479322 0.5220667347531103
acceleration: 0.5858524149733142 0.5164205364874827 0.46956754892227165
accel: 0.0
brake: 1.0
steer: 0.5706857328566787
linkid: A219BS010395
trafficlightid: C119BS010046
turn_signal_lamp: 1.0