position: 0.9371875142525317 0.5755056261962519 0.13197187457121418
orientation: 0.686355820489661 0.5556239909891392 0.504350000539801
enu_velocity: 0.5589202917960572 0.28382333101273416 0.5960052448446969
velocity: 0.002321634597161247 0.5225156525653504 0.1521321521905757
angularVelocity: 0.4175447542486625 0.4646171633596226 0.5220661486689429
acceleration: 0.5859345957763945 0.5164106299409525 0.4675977733768633
accel: 0.0
brake: 1.0
steer: 0.5707669808254794
linkid: A219BS010395
trafficlightid: C119BS010046
turn_signal_lamp: 1.0