position: 0.9371875142525317 0.5755056261962519 0.13406580894910647
orientation: 0.686355820489661 0.5535122486755819 0.5043476440486075
enu_velocity: 0.5589154146445905 0.2838025303794497 0.6040385429837949
velocity: 0.0022920341052606497 0.5225050180741335 0.1599212242075551
angularVelocity: 0.41765030639788464 0.46218889783960343 0.5220666074517223
acceleration: 0.5862339966672173 0.5164171602530309 0.4611052518834425
accel: 0.0
brake: 1.0
steer: 0.5707669808254794
linkid: A219BS010395
trafficlightid: C119BS010046
turn_signal_lamp: 1.0