position: 0.9371875142525317 0.5755056261962519 0.13484820617918647
orientation: 0.6863670230999993 0.5526762467404476 0.5043468220167959
enu_velocity: 0.558914515132139 0.2837984654416328 0.6049838771384268
velocity: 0.0022866122173091346 0.5225001386092855 0.16083703421436538
angularVelocity: 0.4176827368382401 0.4617945979509914 0.5220668376413485
acceleration: 0.5863204052627212 0.5163970528432208 0.45905211712242533
accel: 0.0
brake: 1.0
steer: 0.5707669808254794
linkid: A219BS010395
trafficlightid: C119BS010046
turn_signal_lamp: 1.0