position: 0.9371875142525317 0.5755056261962519 0.13563133325742882
orientation: 0.6863670230999993 0.5518135184007376 0.504346328797709
enu_velocity: 0.5589134074028743 0.28379453254706777 0.605101111463991
velocity: 0.0022815940418880777 0.5224946321263241 0.1609484835616355
angularVelocity: 0.41758883906929706 0.46162448657374894 0.5221475492717751
acceleration: 0.5862654929861596 0.5163780336167358 0.45700014026523494
accel: 0.0
brake: 1.0
steer: 0.5707669808254794
linkid: A219BS010395
trafficlightid: C119BS010046
turn_signal_lamp: 1.0