position: 0.1122032793438362 0.14155095273507445 0.8812872769948941
orientation: 0.9986546026358223 0.5456855814539563 0.5004839849296361
enu_velocity: 0.8890279698119203 0.9991838738040861 0.552673786422757
velocity: 0.9995143982653081 0.5169716723445175 0.7110470971809357
angularVelocity: 0.4307726023184572 0.479127212120104 0.5274948072476712
acceleration: 0.5659617909938741 0.5256865948555483 0.4509754763253117
accel: 0.03295078
brake: 0.0
steer: 0.5677608059798506
linkid: A219BS010380
trafficlightid: null
turn_signal_lamp: 0.0