position: 0.9371875142525317 0.5755056261962519 0.13954404925599295
orientation: 0.6864660397204089 0.5465879717780571 0.5043447395362064
enu_velocity: 0.5589177817816341 0.2838145821766948 0.59004608763203
velocity: 0.002313575527838335 0.5224807937955221 0.1463403177017071
angularVelocity: 0.4177420868409749 0.4645979975972888 0.52215685368055
acceleration: 0.5868755307673393 0.5164685738418663 0.4493756304580392
accel: 0.0
brake: 1.0
steer: 0.5707669808254794
linkid: A219BS010395
trafficlightid: C119BS010046
turn_signal_lamp: 1.0