position: 0.9371875142525317 0.5755056261962519 0.13984766609154642
orientation: 0.6865101274127079 0.5453315456813408 0.5043444655256025
enu_velocity: 0.5589228170074813 0.28383760158819715 0.5774777625514785
velocity: 0.002347819715953672 0.522482233636421 0.13414792723049113
angularVelocity: 0.41765943082399826 0.4679350952498235 0.5221567631644043
acceleration: 0.5868812340278787 0.5164561792693114 0.450117290043856
accel: 0.0
brake: 1.0
steer: 0.5707669808254794
linkid: A219BS010395
trafficlightid: C119BS010046
turn_signal_lamp: 1.0