position: 0.9371875142525317 0.5755056261962519 0.13971629342231617
orientation: 0.6865213300230462 0.5452519722661168 0.5043444107234818
enu_velocity: 0.5589241345917325 0.28384301203081175 0.5747646866513191
velocity: 0.0023558406899700664 0.5224822385213219 0.13151639214892932
angularVelocity: 0.4176470833392302 0.46872763608999807 0.5221567361176587
acceleration: 0.5868637286971773 0.5164668218071804 0.4507717402764943
accel: 0.0
brake: 1.0
steer: 0.5707669808254794
linkid: A219BS010395
trafficlightid: C119BS010046
turn_signal_lamp: 1.0