position: 0.9371875142525317 0.5755056261962519 0.1395185045703089
orientation: 0.6865213300230462 0.5452575669934747 0.5043444107234818
enu_velocity: 0.5589253632679877 0.2838479854243622 0.5723355384637204
velocity: 0.0023631949861511207 0.5224823227147541 0.12916034457651254
angularVelocity: 0.41763582378593117 0.4694566795334682 0.5221567027305344
acceleration: 0.586830047418692 0.5164451534015971 0.4514557082305
accel: 0.0
brake: 1.0
steer: 0.5707669808254794
linkid: A219BS010395
trafficlightid: C119BS010046
turn_signal_lamp: 1.0