position: 0.9371875142525317 0.5755056261962519 0.1392652472579603
orientation: 0.6865213300230462 0.5453417729854919 0.5043444655256025
enu_velocity: 0.5589265782667714 0.2838525174346338 0.5702392235532916
velocity: 0.002369907308363317 0.5224819627408376 0.12712737716025216
angularVelocity: 0.4176336382879356 0.4701280169673999 0.5221566869253897
acceleration: 0.5867978278295729 0.5164385593147524 0.45226680546881753
accel: 0.0
brake: 1.0
steer: 0.5707669808254794
linkid: A219BS010395
trafficlightid: C119BS010046
turn_signal_lamp: 1.0