position: 0.11313008174970271 0.14273958574615708 0.8804253263151134
orientation: 0.9996693423077565 0.5462574908766744 0.5005180170466381
enu_velocity: 0.8888656866376682 0.9990463542923558 0.5509237185148188
velocity: 0.9992533997970212 0.5171010683357893 0.7101469394375125
angularVelocity: 0.4252859668965591 0.4730144453060553 0.5275272751503783
acceleration: 0.5858701026250421 0.5276617959612537 0.45245984828136127
accel: 0.0427063
brake: 0.0
steer: 0.5677608059798506
linkid: A219BS010380
trafficlightid: null
turn_signal_lamp: 0.0