position: 0.9371875142525317 0.5755056261962519 0.13863903753463136
orientation: 0.6865321712588575 0.5457120584120894 0.5043445751298441
enu_velocity: 0.55892852148948 0.28386013335714555 0.567169299112879
velocity: 0.0023809073368450556 0.5224839362390573 0.12415069249275593
angularVelocity: 0.4175860133047176 0.4712460165436451 0.5221564066067615
acceleration: 0.5867290688229522 0.5164580457640913 0.4541557694732914
accel: 0.0
brake: 1.0
steer: 0.5707669808254794
linkid: A219BS010395
trafficlightid: C119BS010046
turn_signal_lamp: 1.0