position: 0.9371875142525317 0.5755056261962519 0.13828871041668478
orientation: 0.6865213300230462 0.5459776832383678 0.5043445751298441
enu_velocity: 0.5589292821901547 0.2838629444255659 0.5661965414617235
velocity: 0.002384923609693223 0.522484862409212 0.12320778968241167
angularVelocity: 0.41756614966812794 0.4716612467640299 0.5221562696944062
acceleration: 0.5866907666389823 0.5164602448496871 0.4551094092686695
accel: 0.0
brake: 1.0
steer: 0.5707669808254794
linkid: A219BS010395
trafficlightid: C119BS010046
turn_signal_lamp: 1.0