position: 0.9371875142525317 0.5755056261962519 0.13722167240327332
orientation: 0.6865101274127079 0.5469681994271569 0.5043449039425687
enu_velocity: 0.5589308980311063 0.2838673806578909 0.5654425613743238
velocity: 0.002391185528818027 0.522485425595185 0.12247889124423722
angularVelocity: 0.4175558093199577 0.4723448618297675 0.5221560231156434
acceleration: 0.5865664367772342 0.5164639722726679 0.45765032624389584
accel: 0.0
brake: 1.0
steer: 0.5707669808254794
linkid: A219BS010395
trafficlightid: C119BS010046
turn_signal_lamp: 1.0