position: 0.9371875142525317 0.5755056261962519 0.13658816419831998
orientation: 0.6864992861768967 0.5476843245289666 0.5043451231510518
enu_velocity: 0.5589311576858897 0.28386722515663027 0.5665293666599581
velocity: 0.002390687338331999 0.5224864474351973 0.12353460370997883
angularVelocity: 0.417546044481912 0.4723392289742159 0.5221558272320456
acceleration: 0.5864844735565998 0.5164220807681756 0.45903894300444636
accel: 0.0
brake: 1.0
steer: 0.5707669808254794
linkid: A219BS010395
trafficlightid: C119BS010046
turn_signal_lamp: 1.0