position: 0.9371875142525317 0.5755056261962519 0.13608018987729809
orientation: 0.6864992861768967 0.5483509523295018 0.5043452875574141
enu_velocity: 0.5589310447115715 0.28386477416864553 0.5685250701027156
velocity: 0.0023870236128417824 0.5224848664505178 0.12547183420983102
angularVelocity: 0.4175831899842833 0.47201335186095394 0.5221558606003195
acceleration: 0.5864307218923019 0.5164611481360554 0.46007234950788695
accel: 0.0
brake: 1.0
steer: 0.5707669808254794
linkid: A219BS010395
trafficlightid: C119BS010046
turn_signal_lamp: 1.0