position: 0.1140567550516782 0.14392212320333542 0.8791699874758054
orientation: 1.0 0.5461859353828232 0.5005504599021378
enu_velocity: 0.8888646638445532 0.9992096203991501 0.5503408772035969
velocity: 0.9994271494936745 0.5170596217620306 0.709570552468218
angularVelocity: 0.41903861481610966 0.4680038707956588 0.5272188137132886
acceleration: 0.5949632883861886 0.5253473710956463 0.4563091111811908
accel: 0.03252308
brake: 0.0
steer: 0.5675170620734482
linkid: A219BS010380
trafficlightid: null
turn_signal_lamp: 0.0