position: 0.9371875142525317 0.5755056261962519 0.1356174661423437
orientation: 0.6864992861768967 0.5491359959199114 0.5043454519637764
enu_velocity: 0.5589298428546565 0.28385862303531517 0.5725094213848695
velocity: 0.00237766830098282 0.5224854899928432 0.12933781944351191
angularVelocity: 0.4175905476223899 0.47112809942391576 0.5221557328207828
acceleration: 0.5863799749089728 0.5164903164695247 0.4607295541553417
accel: 0.0
brake: 1.0
steer: 0.5707669808254794
linkid: A219BS010395
trafficlightid: C119BS010046
turn_signal_lamp: 1.0