position: 0.9371875142525317 0.5755056261962519 0.13551747694409633
orientation: 0.6864992861768967 0.5494680804055685 0.5043455615680181
enu_velocity: 0.5589287428133868 0.2838537853032306 0.575299146810589
velocity: 0.002370362991247805 0.5224861202066887 0.1320441760064318
angularVelocity: 0.4175933851892453 0.4704215904858087 0.5221556670496549
acceleration: 0.5863738526526378 0.5164617626323598 0.46063263278641026
accel: 0.0
brake: 1.0
steer: 0.5707669808254794
linkid: A219BS010395
trafficlightid: C119BS010046
turn_signal_lamp: 1.0