position: 0.9371875142525317 0.5755056261962519 0.1355678364673012
orientation: 0.6864992861768967 0.5496352807925953 0.5043456163701387
enu_velocity: 0.558927485331016 0.28384892863105154 0.5778533624797376
velocity: 0.0023630399949403687 0.5224872384121404 0.1345216177377204
angularVelocity: 0.41758488220100054 0.46970153286662947 0.5221555934909108
acceleration: 0.5863796929394184 0.5164657190890696 0.4602403385958242
accel: 0.0
brake: 1.0
steer: 0.5707669808254794
linkid: A219BS010395
trafficlightid: C119BS010046
turn_signal_lamp: 1.0