position: 0.9371875142525317 0.5755056261962519 0.13564082128354027
orientation: 0.6864992861768967 0.5496597978143929 0.5043456163701387
enu_velocity: 0.5589268806708978 0.2838466639256079 0.5789727858376625
velocity: 0.00235964690840914 0.5224876614314897 0.1356072868916
angularVelocity: 0.41758274941468654 0.46936477687087563 0.5221555773328167
acceleration: 0.5863870286392456 0.5164531987675276 0.45990586008113443
accel: 0.0
brake: 1.0
steer: 0.5707669808254794
linkid: A219BS010395
trafficlightid: C119BS010046
turn_signal_lamp: 1.0