position: 0.9371875142525317 0.5755056261962519 0.13574081048178765
orientation: 0.6864992861768967 0.5496480738315856 0.5043456163701387
enu_velocity: 0.5589262475682668 0.2838446325497037 0.5799645702787466
velocity: 0.0023565467743363205 0.5224888239737865 0.13656903607345316
angularVelocity: 0.417565228099178 0.46905595764459734 0.522155498890451
acceleration: 0.5864065758893193 0.5164867211315806 0.4596496947322771
accel: 0.0
brake: 1.0
steer: 0.5707669808254794
linkid: A219BS010395
trafficlightid: C119BS010046
turn_signal_lamp: 1.0