position: 0.9371875142525317 0.5755056261962519 0.13599844688311036
orientation: 0.6864880835665583 0.5495285177151161 0.5043455615680181
enu_velocity: 0.558925249198599 0.28384102047242554 0.5814653743123255
velocity: 0.00235124967456364 0.5224887541947872 0.1380241899408702
angularVelocity: 0.4175733255176788 0.46851806783590005 0.522155566061319
acceleration: 0.5864286179304927 0.5164632721004537 0.45882496027806235
accel: 0.0
brake: 1.0
steer: 0.5707669808254794
linkid: A219BS010395
trafficlightid: C119BS010046
turn_signal_lamp: 1.0