position: 0.9371875142525317 0.5755056261962519 0.13645825122541533
orientation: 0.6864880835665583 0.549173911779203 0.5043454519637764
enu_velocity: 0.5589242706828798 0.28383759491247285 0.5825103325092221
velocity: 0.0023463889058978984 0.5224875756581057 0.1390367631991308
angularVelocity: 0.41759810018126453 0.46800881065797073 0.5221557583414487
acceleration: 0.5864861823499543 0.5164471374220787 0.4576137464383047
accel: 0.0
brake: 1.0
steer: 0.5707669808254794
linkid: A219BS010395
trafficlightid: C119BS010046
turn_signal_lamp: 1.0