position: 0.9371875142525317 0.5755056261962519 0.1366122491876789
orientation: 0.6864880835665583 0.5490275579877454 0.5043453971616557
enu_velocity: 0.5589240600130679 0.28383707131868136 0.582552107785203
velocity: 0.0023456613583338224 0.5224875166205885 0.13907692368061012
angularVelocity: 0.41759893809313076 0.46792705717355554 0.5221557921610982
acceleration: 0.5865029042255087 0.5164454904711462 0.45723882834318297
accel: 0.0
brake: 1.0
steer: 0.5707669808254794
linkid: A219BS010395
trafficlightid: C119BS010046
turn_signal_lamp: 1.0