position: 0.9371875142525317 0.5755056261962519 0.137021694006779
orientation: 0.6864992861768967 0.5485674005713606 0.5043452875574141
enu_velocity: 0.5589239139462785 0.2838369357117739 0.5818917446029571
velocity: 0.0023457358164355345 0.5224858505554212 0.13843544073547326
angularVelocity: 0.41762406353094444 0.46790380443608887 0.5221560090997982
acceleration: 0.58655048461614 0.5164477879047508 0.4563939136020224
accel: 0.0
brake: 1.0
steer: 0.5707669808254794
linkid: A219BS010395
trafficlightid: C119BS010046
turn_signal_lamp: 1.0