position: 0.9371875142525317 0.5755056261962519 0.1371319010792993
orientation: 0.6864992861768967 0.5484214031319639 0.5043452327552934
enu_velocity: 0.5589240638195629 0.2838372983709557 0.5814624955184351
velocity: 0.0023464366534113805 0.5224843722513599 0.1380188943310903
angularVelocity: 0.41764905915711037 0.4679636814898387 0.5221561525184265
acceleration: 0.5865607553495426 0.5164154635358394 0.4561236321952925
accel: 0.0
brake: 1.0
steer: 0.5707669808254794
linkid: A219BS010395
trafficlightid: C119BS010046
turn_signal_lamp: 1.0