position: 0.9371875142525317 0.5755056261962519 0.1373019557011359
orientation: 0.6865101274127079 0.5481646514720048 0.5043451231510518
enu_velocity: 0.558924315511902 0.2838389096909571 0.5803897906676091
velocity: 0.002348860197440555 0.5224846783950813 0.13697796475232366
angularVelocity: 0.4176374997657216 0.4681913303068207 0.5221561481861337
acceleration: 0.5865846901798621 0.5164374480089508 0.45583635134183104
accel: 0.0
brake: 1.0
steer: 0.5707669808254794
linkid: A219BS010395
trafficlightid: C119BS010046
turn_signal_lamp: 1.0