position: 0.9371875142525317 0.5755056261962519 0.13736034355412707
orientation: 0.6865101274127079 0.548057710218495 0.504345068348931
enu_velocity: 0.5589244871933517 0.28383988183743236 0.5797990212280304
velocity: 0.002350308434815257 0.522484890948517 0.1364047579392727
angularVelocity: 0.41763024350417743 0.4683297052466364 0.5221561374230284
acceleration: 0.5865924404221322 0.516455874914921 0.45577848620733147
accel: 0.0
brake: 1.0
steer: 0.5707669808254794
linkid: A219BS010395
trafficlightid: C119BS010046
turn_signal_lamp: 1.0