position: 0.9371875142525317 0.5755056261962519 0.13740121505122094
orientation: 0.6865101274127079 0.5479681589455627 0.504345068348931
enu_velocity: 0.5589245753755058 0.28384105212030364 0.5792016495031186
velocity: 0.00235191504865305 0.5224866505843596 0.13582508791863265
angularVelocity: 0.4175958994806861 0.46848613242731546 0.5221559977529391
acceleration: 0.5865993546216287 0.5164667367235252 0.45577517168576076
accel: 0.0
brake: 1.0
steer: 0.5707669808254794
linkid: A219BS010395
trafficlightid: C119BS010046
turn_signal_lamp: 1.0