position: 0.9371875142525317 0.5755056261962519 0.13742311049609235
orientation: 0.6865101274127079 0.547895712571559 0.504345068348931
enu_velocity: 0.5589248992381726 0.28384199475423344 0.5785900426944792
velocity: 0.002353446212245956 0.5224852754315629 0.13523183051258328
angularVelocity: 0.41761800873695837 0.46863269565766064 0.522156118142788
acceleration: 0.5865963022022401 0.5164510468037588 0.4557655911885444
accel: 0.0
brake: 1.0
steer: 0.5707669808254794
linkid: A219BS010395
trafficlightid: C119BS010046
turn_signal_lamp: 1.0