position: 0.9371875142525317 0.5755056261962519 0.1374289492813916
orientation: 0.6865101274127079 0.5478422241272011 0.504345068348931
enu_velocity: 0.5589251178588373 0.2838431635066127 0.5780116851922634
velocity: 0.0023551317737579673 0.5224859079161719 0.13467078834215934
angularVelocity: 0.4176048888870189 0.468798980335555 0.5221560630736829
acceleration: 0.5865967201779514 0.5164288119251219 0.45581528563456586
accel: 0.0
brake: 1.0
steer: 0.5707669808254794
linkid: A219BS010395
trafficlightid: C119BS010046
turn_signal_lamp: 1.0