position: 0.9371875142525317 0.5755056261962519 0.1373953762659217
orientation: 0.6865101274127079 0.5477863481240344 0.5043449587446895
enu_velocity: 0.5589255770779449 0.28384522521016686 0.5769473688793314
velocity: 0.002358176901967351 0.5224861883791951 0.13363838344818926
angularVelocity: 0.41759417654110237 0.4690982519577149 0.5221560338234175
acceleration: 0.586591975941237 0.5164595890382585 0.45606090882648415
accel: 0.0
brake: 1.0
steer: 0.5707669808254794
linkid: A219BS010395
trafficlightid: C119BS010046
turn_signal_lamp: 1.0