position: 0.9371875142525317 0.5755056261962519 0.1373114437272469
orientation: 0.6865101274127079 0.5477956132776207 0.5043449587446895
enu_velocity: 0.5589260972012051 0.2838470355960981 0.5760927415076478
velocity: 0.002360893085855051 0.5224856633919869 0.13280961354169302
angularVelocity: 0.4176002641895249 0.46936981657727306 0.5221560575868721
acceleration: 0.5865850135694042 0.5164465611323293 0.45633704320566815
accel: 0.0
brake: 1.0
steer: 0.5707669808254794
linkid: A219BS010395
trafficlightid: C119BS010046
turn_signal_lamp: 1.0