position: 0.9371875142525317 0.5755056261962519 0.13719539786942692
orientation: 0.6865101274127079 0.5478599704598395 0.5043449587446895
enu_velocity: 0.5589264784380722 0.2838484988263844 0.5754998850098231
velocity: 0.0023630145432272723 0.5224859593583308 0.13223477784685897
angularVelocity: 0.41759292568498224 0.46958527115108223 0.5221560123734609
acceleration: 0.5865652554740081 0.5164389311600763 0.45664625648468293
accel: 0.0
brake: 1.0
steer: 0.5707669808254794
linkid: A219BS010395
trafficlightid: C119BS010046
turn_signal_lamp: 1.0