position: 0.9371875142525317 0.5755056261962519 0.13712971153481224
orientation: 0.6865101274127079 0.5479071871079235 0.5043449587446895
enu_velocity: 0.5589266641028084 0.28384900339630287 0.5753078128150224
velocity: 0.002363777655883488 0.5224856121833846 0.1320486310155485
angularVelocity: 0.417597887614457 0.46966384271025247 0.5221560268627942
acceleration: 0.58655877660688 0.5164539834728763 0.4568209450664408
accel: 0.0
brake: 1.0
steer: 0.5707669808254794
linkid: A219BS010395
trafficlightid: C119BS010046
turn_signal_lamp: 1.0