position: 0.9371875142525317 0.5755056261962519 0.1370625655038724
orientation: 0.6865101274127079 0.547962599853411 0.5043449587446895
enu_velocity: 0.5589267411830546 0.28384952448695316 0.5752009150381479
velocity: 0.0023644427108916763 0.5224866398130205 0.13194506273549245
angularVelocity: 0.4175782794021292 0.4697356332965147 0.5221559214891148
acceleration: 0.5865607059363575 0.5164872459366122 0.45708113310137094
accel: 0.0
brake: 1.0
steer: 0.5707669808254794
linkid: A219BS010395
trafficlightid: C119BS010046
turn_signal_lamp: 1.0