position: 0.9371875142525317 0.5755056261962519 0.13699468962477068
orientation: 0.6865101274127079 0.548023179703783 0.504345068348931
enu_velocity: 0.5589269151318662 0.28384966148335944 0.5751291417783101
velocity: 0.002364744761153428 0.5224853445393962 0.13187562249356688
angularVelocity: 0.41760314078773386 0.4697662332680493 0.522156029557165
acceleration: 0.586535911439179 0.5164262958866849 0.4570892861374215
accel: 0.0
brake: 1.0
steer: 0.5707669808254794
linkid: A219BS010395
trafficlightid: C119BS010046
turn_signal_lamp: 1.0