position: 0.9371875142525317 0.5755056261962519 0.13675894866831895
orientation: 0.6865101274127079 0.5482852766446573 0.504345068348931
enu_velocity: 0.5589270569845775 0.2838498207607874 0.5755061946581722
velocity: 0.002364833395934119 0.5224860964460358 0.13224200055981913
angularVelocity: 0.41759167741797293 0.4697950338950056 0.5221559094229502
acceleration: 0.5865211944470877 0.5164437674937569 0.4576997355475521
accel: 0.0
brake: 1.0
steer: 0.5707669808254794
linkid: A219BS010395
trafficlightid: C119BS010046
turn_signal_lamp: 1.0