position: 0.9371875142525317 0.5755056261962519 0.13661735812481535
orientation: 0.6865101274127079 0.5485943407871731 0.5043451231510518
enu_velocity: 0.5589263298004923 0.28384666403492875 0.577450396603903
velocity: 0.0023600019503341126 0.5224870524104822 0.13412821300855687
angularVelocity: 0.41758304280390496 0.4693323888477204 0.5221558083807705
acceleration: 0.5865035338686999 0.5164715746974132 0.45784167998947856
accel: 0.0
brake: 1.0
steer: 0.5707669808254794
linkid: A219BS010395
trafficlightid: C119BS010046
turn_signal_lamp: 1.0