position: 0.9371875142525317 0.5755056261962519 0.1366312252399009
orientation: 0.6865101274127079 0.548600291866592 0.5043451231510518
enu_velocity: 0.5589262249474072 0.2838462124300475 0.5776671600801502
velocity: 0.0023593396206285557 0.522486969253921 0.13433845355637736
angularVelocity: 0.41758537583034955 0.4692664533839258 0.5221558193999065
acceleration: 0.5865007227677473 0.5164758099004092 0.4578404506807874
accel: 0.0
brake: 1.0
steer: 0.5707669808254794
linkid: A219BS010395
trafficlightid: C119BS010046
turn_signal_lamp: 1.0