position: 0.9371875142525317 0.5755056261962519 0.1366487415957982
orientation: 0.6865101274127079 0.5485974766853099 0.5043451231510518
enu_velocity: 0.5589261875852178 0.2838456268995522 0.5778497476948554
velocity: 0.0023585963175317285 0.5224855962155003 0.13451555521063413
angularVelocity: 0.41761186150150076 0.4691894314049622 0.5221559458242259
acceleration: 0.5865003334533582 0.5164338142204918 0.4577202155440916
accel: 0.0
brake: 1.0
steer: 0.5707669808254794
linkid: A219BS010395
trafficlightid: C119BS010046
turn_signal_lamp: 1.0