position: 0.9371875142525317 0.5755056261962519 0.13669618172635367
orientation: 0.6865101274127079 0.548574278166138 0.5043451231510518
enu_velocity: 0.5589260600873397 0.2838450226357525 0.5781273286857314
velocity: 0.0023577249525824425 0.5224853219183297 0.13478478460479998
angularVelocity: 0.41761745014077745 0.4691028841496708 0.5221559673108717
acceleration: 0.5865179173381587 0.516444516117302 0.45752520472442576
accel: 0.0
brake: 1.0
steer: 0.5707669808254794
linkid: A219BS010395
trafficlightid: C119BS010046
turn_signal_lamp: 1.0