position: 0.9371875142525317 0.5755056261962519 0.13672464580468668
orientation: 0.6865101274127079 0.5485570663615913 0.5043451231510518
enu_velocity: 0.5589259469141565 0.2838448232316432 0.5782219705384575
velocity: 0.002357386883285657 0.5224858920435121 0.1348764923931744
angularVelocity: 0.41760759402404596 0.4690682704817504 0.5221559274578423
acceleration: 0.5865107119959623 0.5164474150482979 0.45744682317531554
accel: 0.0
brake: 1.0
steer: 0.5707669808254794
linkid: A219BS010395
trafficlightid: C119BS010046
turn_signal_lamp: 1.0