position: 0.9371875142525317 0.5755056261962519 0.13675456957934484
orientation: 0.6865101274127079 0.5485364335772587 0.5043451231510518
enu_velocity: 0.55892565263082 0.28384480807507223 0.5783033796340099
velocity: 0.002357128307591117 0.5224888195358585 0.13495517087126865
angularVelocity: 0.41755532622835506 0.46904273470261343 0.522155694562541
acceleration: 0.5865182618906424 0.5164687887320659 0.45739462521749463
accel: 0.0
brake: 1.0
steer: 0.5707669808254794
linkid: A219BS010395
trafficlightid: C119BS010046
turn_signal_lamp: 1.0