position: 0.9371875142525317 0.5755056261962519 0.13683996181434432
orientation: 0.6865101274127079 0.5484549358609052 0.504345068348931
enu_velocity: 0.5589256590370847 0.2838443691720488 0.5783311989983556
velocity: 0.0023566474918254726 0.5224870719628062 0.1349820744524542
angularVelocity: 0.417586499942052 0.4689887890328532 0.522155852643834
acceleration: 0.5865332825313618 0.5164606178120092 0.45721030120925493
accel: 0.0
brake: 1.0
steer: 0.5707669808254794
linkid: A219BS010395
trafficlightid: C119BS010046
turn_signal_lamp: 1.0