position: 0.9371875142525317 0.5755056261962519 0.13689032133754875
orientation: 0.6865101274127079 0.5483985966000591 0.5043449587446895
enu_velocity: 0.5589256850908642 0.2838443419104914 0.5782183679617439
velocity: 0.0023566905161890228 0.5224863046299321 0.13487253162934396
angularVelocity: 0.41759996657373305 0.46898797332280756 0.5221559302362017
acceleration: 0.5865299700064783 0.5164429358395008 0.4570551290082342
accel: 0.0
brake: 1.0
steer: 0.5707669808254794
linkid: A219BS010395
trafficlightid: C119BS010046
turn_signal_lamp: 1.0