position: 0.9371875142525317 0.5755056261962519 0.13691148693425825
orientation: 0.6865101274127079 0.5483729748868724 0.5043449587446895
enu_velocity: 0.5589255764330738 0.2838445689819735 0.5781349935305683
velocity: 0.0023568998272385827 0.522487915265077 0.13479149188305886
angularVelocity: 0.4175694834171062 0.469008265835505 0.5221557984703405
acceleration: 0.5865355492727332 0.5164869980182488 0.45704330013245686
accel: 0.0
brake: 1.0
steer: 0.5707669808254794
linkid: A219BS010395
trafficlightid: C119BS010046
turn_signal_lamp: 1.0