position: 0.9371875142525317 0.5755056261962519 0.13692900329015556
orientation: 0.6865101274127079 0.5483484935002809 0.5043449587446895
enu_velocity: 0.5589256880779314 0.2838445629090465 0.5780311790344093
velocity: 0.0023570203205343127 0.5224864861250262 0.1346908186177351
angularVelocity: 0.4175955562508726 0.46901684235282143 0.5221559249956047
acceleration: 0.5865312363908202 0.5164505929940891 0.4570301606832094
accel: 0.0
brake: 1.0
steer: 0.5707669808254794
linkid: A219BS010395
trafficlightid: C119BS010046
turn_signal_lamp: 1.0