position: 0.9371875142525317 0.5755056261962519 0.13694287040524067
orientation: 0.6864992861768967 0.5483259720500249 0.5043449039425687
enu_velocity: 0.558925658108218 0.28384476023258576 0.5779264766632777
velocity: 0.002357262199556066 0.5224871775971552 0.13458915921621836
angularVelocity: 0.41758209773444194 0.46903998624768717 0.5221558683734585
acceleration: 0.5865429522455936 0.5164691650960158 0.45702650281397195
accel: 0.0
brake: 1.0
steer: 0.5707669808254794
linkid: A219BS010395
trafficlightid: C119BS010046
turn_signal_lamp: 1.0