position: 0.9371875142525317 0.5755056261962519 0.13695235843135212
orientation: 0.6864992861768967 0.5483058025233716 0.5043449039425687
enu_velocity: 0.5589257418809405 0.2838448585361508 0.5778130283062548
velocity: 0.002357480308273193 0.5224863935140175 0.1344791237174082
angularVelocity: 0.4175959802856552 0.4690594229334515 0.5221559380761743
acceleration: 0.5865392025529511 0.5164540942787905 0.45699869165296225
accel: 0.0
brake: 1.0
steer: 0.5707669808254794
linkid: A219BS010395
trafficlightid: C119BS010046
turn_signal_lamp: 1.0