position: 0.11961398900563315 0.15103563460811653 0.8677113713263092
orientation: 0.9951915505431783 0.5350604102267909 0.5007065363421086
enu_velocity: 0.8887235183946784 0.9997145397356806 0.5707488957442144
velocity: 0.9998656368916843 0.5169164084794814 0.710657142184463
angularVelocity: 0.4025661649985408 0.44809143997398676 0.5255711392938769
acceleration: 0.5887054704681806 0.5203795507703298 0.4674434354995407
accel: 0.02586125
brake: 0.0
steer: 0.5669483262918428
linkid: A219BS010380
trafficlightid: null
turn_signal_lamp: 0.0