position: 0.9371875142525317 0.5755056261962519 0.13696038676113798
orientation: 0.6864992861768967 0.5482900161270687 0.5043449039425687
enu_velocity: 0.5589257303593465 0.2838452017656443 0.5777141013863273
velocity: 0.0023578890204075486 0.5224875336536109 0.13438313584159037
angularVelocity: 0.4175751943975144 0.46910202627925013 0.5221558370405391
acceleration: 0.5865456260767027 0.5164587640614423 0.456986446275314
accel: 0.0
brake: 1.0
steer: 0.5707669808254794
linkid: A219BS010395
trafficlightid: C119BS010046
turn_signal_lamp: 1.0