position: 0.9371875142525317 0.5755056261962519 0.13696403600195017
orientation: 0.6864992861768967 0.5482761540318954 0.5043449039425687
enu_velocity: 0.5589258657307883 0.28384517935241593 0.5775839833135878
velocity: 0.0023580209403009766 0.5224857236358008 0.13425694502698382
angularVelocity: 0.41760803835739674 0.4691102978867112 0.522156001323982
acceleration: 0.5865313404028724 0.5164162901605348 0.45694058558668166
accel: 0.0
brake: 1.0
steer: 0.5707669808254794
linkid: A219BS010395
trafficlightid: C119BS010046
turn_signal_lamp: 1.0