position: 0.9371875142525317 0.5755056261962519 0.13696257630562547
orientation: 0.6864992861768967 0.5482589778625546 0.5043449039425687
enu_velocity: 0.5589259212503851 0.28384561578294887 0.5773750211811727
velocity: 0.002358629054018692 0.5224862243280435 0.1340542133939775
angularVelocity: 0.41759747365773786 0.4691704017675809 0.5221559564856924
acceleration: 0.5865352006033722 0.5164392638797767 0.45698461821536507
accel: 0.0
brake: 1.0
steer: 0.5707669808254794
linkid: A219BS010395
trafficlightid: C119BS010046
turn_signal_lamp: 1.0