position: 0.9371875142525317 0.5755056261962519 0.13695746736848857
orientation: 0.6864992861768967 0.5482556994235933 0.5043449039425687
enu_velocity: 0.5589259869725136 0.283845867241565 0.5772841040128789
velocity: 0.002358988534014468 0.5224863139526551 0.13396607644408481
angularVelocity: 0.41759490856028375 0.46920760191714983 0.5221559401119256
acceleration: 0.5865392666203315 0.5164561785343634 0.4570074636371921
accel: 0.0
brake: 1.0
steer: 0.5707669808254794
linkid: A219BS010395
trafficlightid: C119BS010046
turn_signal_lamp: 1.0