position: 0.9371875142525317 0.5755056261962519 0.13692900329015556
orientation: 0.6864992861768967 0.5482609377988903 0.5043449039425687
enu_velocity: 0.5589262414205302 0.2838462839822872 0.5770578354809237
velocity: 0.002359721098781764 0.5224848532526285 0.13374678535645743
angularVelocity: 0.4176206587908328 0.46928118202490976 0.5221560511896749
acceleration: 0.5865435515146348 0.5164310657451636 0.457080974547585
accel: 0.0
brake: 1.0
steer: 0.5707669808254794
linkid: A219BS010395
trafficlightid: C119BS010046
turn_signal_lamp: 1.0