position: 0.9371875142525317 0.5755056261962519 0.136905648148959
orientation: 0.6865101274127079 0.5482768311008113 0.5043449039425687
enu_velocity: 0.5589262378595565 0.28384651823196094 0.5769853848472569
velocity: 0.00236000538170366 0.5224855738055534 0.13367648864360712
angularVelocity: 0.417607285273815 0.46931015842764745 0.5221559904061873
acceleration: 0.5865311300127815 0.5164407198408953 0.457172702858596
accel: 0.0
brake: 1.0
steer: 0.5707669808254794
linkid: A219BS010395
trafficlightid: C119BS010046
turn_signal_lamp: 1.0