position: 0.011019077346304647 0.0140258695307649 0.4418040970756447
orientation: 0.6751510419041951 0.38418825281154645 0.4994017526485454
enu_velocity: 0.8908054137803303 0.9930576145452734 0.40519513231590215
velocity: 0.9943811791067976 0.49611326186125504 0.2913192285657731
angularVelocity: 0.41164676097216546 0.5995229352798808 0.5044327715697665
acceleration: 0.6178902298006193 0.5360662607012416 0.5133990830597606
accel: 0.1047375
brake: 0.0
steer: 0.5595547611309718
linkid: A219BS010380
trafficlightid: null
turn_signal_lamp: 0.0