position: 0.12053974136651942 0.15222426761919827 0.866099866583756
orientation: 0.9936365559533165 0.5323858811032773 0.5007256074801388
enu_velocity: 0.888708176497953 0.999764602559416 0.5752415951695867
velocity: 0.9999082641486825 0.5168247543106822 0.7104862316761699
angularVelocity: 0.40351558725846853 0.4455544394050368 0.5253429050993834
acceleration: 0.5880578776005487 0.5212405292975739 0.46911164874150124
accel: 0.02522778
brake: 0.0
steer: 0.5667045823854404
linkid: A219BS010380
trafficlightid: null
turn_signal_lamp: 0.0