position: 0.9371875142525317 0.5755056261962519 0.13689251088203624
orientation: 0.6864992861768967 0.5482875216626417 0.5043449039425687
enu_velocity: 0.5589261568697519 0.2838467545495358 0.5769718013745321
velocity: 0.002360210132883132 0.5224872281050877 0.13366325955987057
angularVelocity: 0.4175763531862435 0.46933355696974455 0.5221558444849633
acceleration: 0.5865410009005669 0.5164884138901795 0.4572706331655399
accel: 0.0
brake: 1.0
steer: 0.5707669808254794
linkid: A219BS010395
trafficlightid: C119BS010046
turn_signal_lamp: 1.0