position: 0.9371875142525317 0.5755056261962519 0.13688083331143774
orientation: 0.6864992861768967 0.5482994950918917 0.5043449039425687
enu_velocity: 0.5589261814923541 0.28384674502472595 0.5769596885373016
velocity: 0.0023602227183937992 0.5224869194539017 0.13365152550708537
angularVelocity: 0.417583152652739 0.46933397398461074 0.5221558769290676
acceleration: 0.5865269838621151 0.5164505549900668 0.45721723969467987
accel: 0.0
brake: 1.0
steer: 0.5707669808254794
linkid: A219BS010395
trafficlightid: C119BS010046
turn_signal_lamp: 1.0