position: 0.9371875142525317 0.5755056261962519 0.13686842589267734
orientation: 0.6864992861768967 0.5483112903451113 0.5043449039425687
enu_velocity: 0.5589262419026407 0.28384674022502937 0.5769611028895478
velocity: 0.0023602585796331983 0.5224863533521815 0.1336529743224401
angularVelocity: 0.4175925367579925 0.4693383544690894 0.5221559168276113
acceleration: 0.5865325593403556 0.5164703855239489 0.45729978511747693
accel: 0.0
brake: 1.0
steer: 0.5707669808254794
linkid: A219BS010395
trafficlightid: C119BS010046
turn_signal_lamp: 1.0