position: 0.9371875142525317 0.5755056261962519 0.13681587682498497
orientation: 0.6864992861768967 0.548378462708612 0.5043449039425687
enu_velocity: 0.5589262766258192 0.28384648384125305 0.5771553370971596
velocity: 0.002359913452907916 0.5224857090397521 0.1338415672668009
angularVelocity: 0.41760607135603395 0.46930781182275866 0.5221559620517319
acceleration: 0.5865230012218173 0.5164381154307164 0.4573736779723309
accel: 0.0
brake: 1.0
steer: 0.5707669808254794
linkid: A219BS010395
trafficlightid: C119BS010046
turn_signal_lamp: 1.0