position: 0.9371875142525317 0.5755056261962519 0.13681222758417366
orientation: 0.6864992861768967 0.5483864449947786 0.5043449039425687
enu_velocity: 0.5589262223619907 0.28384643496277273 0.5772032278577482
velocity: 0.0023598004024309705 0.5224861825146286 0.13388799135681145
angularVelocity: 0.4175977296083133 0.4692970628272045 0.5221559233573851
acceleration: 0.5865206130097281 0.5164419862851648 0.4573618153820073
accel: 0.0
brake: 1.0
steer: 0.5707669808254794
linkid: A219BS010395
trafficlightid: C119BS010046
turn_signal_lamp: 1.0