position: 0.9371875142525317 0.5755056261962519 0.13680930819152382
orientation: 0.6865101274127079 0.5483985966000591 0.5043449039425687
enu_velocity: 0.5589262192705644 0.2838462592175365 0.577313091034698
velocity: 0.0023595564364186 0.5224859002197587 0.13399462652129973
angularVelocity: 0.4176027970430051 0.4692743112461008 0.5221559422599258
acceleration: 0.5865209639818912 0.5164574143670518 0.457383160856394
accel: 0.0
brake: 1.0
steer: 0.5707669808254794
linkid: A219BS010395
trafficlightid: C119BS010046
turn_signal_lamp: 1.0