position: 0.9371875142525317 0.5755056261962519 0.13681003803968617
orientation: 0.6865101274127079 0.5484022670262876 0.5043449039425687
enu_velocity: 0.5589261992690098 0.28384615888377074 0.5773583307824843
velocity: 0.0023594129767533535 0.5224858408440968 0.13403850565792264
angularVelocity: 0.4176041907986158 0.469260001631205 0.5221559482175475
acceleration: 0.5865224845491495 0.5164517001878645 0.4573692360172498
accel: 0.0
brake: 1.0
steer: 0.5707669808254794
linkid: A219BS010395
trafficlightid: C119BS010046
turn_signal_lamp: 1.0