position: 0.9371875142525317 0.5755056261962519 0.136812957432336
orientation: 0.6864992861768967 0.5484055811004549 0.5043449039425687
enu_velocity: 0.558926105676986 0.2838461475480762 0.5774090781557981
velocity: 0.0023593117732386877 0.5224868373907456 0.13408766415910722
angularVelocity: 0.41758695620925707 0.4692506623767768 0.5221558682936348
acceleration: 0.5865158646089386 0.5164464475575484 0.45734100908591124
accel: 0.0
brake: 1.0
steer: 0.5707669808254794
linkid: A219BS010395
trafficlightid: C119BS010046
turn_signal_lamp: 1.0