position: 0.9371875142525317 0.5755056261962519 0.13681660667314777
orientation: 0.6865101274127079 0.548406650156638 0.5043449039425687
enu_velocity: 0.558926137609637 0.28384601687027256 0.5774435877581512
velocity: 0.002359176692441919 0.5224861400284861 0.13412118093057285
angularVelocity: 0.41759915823678834 0.46923694029323687 0.522155924109215
acceleration: 0.5865232956592371 0.5164562401334384 0.45735702444956633
accel: 0.0
brake: 1.0
steer: 0.5707669808254794
linkid: A219BS010395
trafficlightid: C119BS010046
turn_signal_lamp: 1.0