position: 0.9371875142525317 0.5755056261962519 0.13682536485109642
orientation: 0.6864992861768967 0.5484046902203025 0.5043449039425687
enu_velocity: 0.5589260763531766 0.2838458593334779 0.5775059289509719
velocity: 0.0023589350192076116 0.522486287238819 0.13418159921660205
angularVelocity: 0.41759707180508343 0.4692121062871659 0.5221559171293546
acceleration: 0.586524391785429 0.5164479952690217 0.4573098119189509
accel: 0.0
brake: 1.0
steer: 0.5707669808254794
linkid: A219BS010395
trafficlightid: C119BS010046
turn_signal_lamp: 1.0