position: 0.9371875142525317 0.5755056261962519 0.13683120363639523
orientation: 0.6864992861768967 0.5484019463094327 0.5043449039425687
enu_velocity: 0.5589260906270352 0.28384580762691797 0.5775276602093234
velocity: 0.002358878816590168 0.5224860262653086 0.13420270622838004
angularVelocity: 0.417601809134065 0.469206806591789 0.5221559363633866
acceleration: 0.5865289668649233 0.5164470592767008 0.4572988422711073
accel: 0.0
brake: 1.0
steer: 0.5707669808254794
linkid: A219BS010395
trafficlightid: C119BS010046
turn_signal_lamp: 1.0