position: 0.9371875142525317 0.5755056261962519 0.13683704242169448
orientation: 0.6864992861768967 0.5483985609648531 0.5043449039425687
enu_velocity: 0.558926031034441 0.2838457410546419 0.5775477462374154
velocity: 0.0023587564362281483 0.5224863731359422 0.13422211791255487
angularVelocity: 0.417596337169634 0.46919326581220205 0.522155916722006
acceleration: 0.586515903242726 0.5164284903431824 0.4572561698324149
accel: 0.0
brake: 1.0
steer: 0.5707669808254794
linkid: A219BS010395
trafficlightid: C119BS010046
turn_signal_lamp: 1.0