position: 0.9371875142525317 0.5755056261962519 0.13684288120699328
orientation: 0.6864992861768967 0.5483938214824415 0.5043449039425687
enu_velocity: 0.5589260428877268 0.28384567961897494 0.5775553766121291
velocity: 0.002358694885958994 0.5224860422977655 0.13422952592389775
angularVelocity: 0.4176015392836092 0.46918678429984917 0.5221559417892141
acceleration: 0.5865252100132687 0.5164486650275844 0.45727328286011315
accel: 0.0
brake: 1.0
steer: 0.5707669808254794
linkid: A219BS010395
trafficlightid: C119BS010046
turn_signal_lamp: 1.0