position: 0.12239070385194972 0.15459543808745924 0.8637840583644978
orientation: 0.9905930596865682 0.5272862336637524 0.5007609548480395
enu_velocity: 0.8885366881856656 0.9995036628618241 0.5876358719801165
velocity: 0.9995069197991681 0.5165012625658114 0.7136295898409398
angularVelocity: 0.40121438442540214 0.45158932783240824 0.5249180815865254
acceleration: 0.5655900007384191 0.5185615947788313 0.4732900960180736
accel: 0.03331322
brake: 0.0
steer: 0.5665420864478389
linkid: A219BS010380
trafficlightid: null
turn_signal_lamp: 0.0