position: 0.9371875142525317 0.5755056261962519 0.13686331695554044
orientation: 0.6864992861768967 0.5483731530629029 0.5043449039425687
enu_velocity: 0.5589259393242986 0.283845702581464 0.5775354243352966
velocity: 0.0023586576992861126 0.5224870079955141 0.1342100254708977
angularVelocity: 0.4175838056602424 0.4691817018953168 0.5221558677281263
acceleration: 0.5865314952524213 0.5164624070988918 0.4572459393914239
accel: 0.0
brake: 1.0
steer: 0.5707669808254794
linkid: A219BS010395
trafficlightid: C119BS010046
turn_signal_lamp: 1.0