position: 0.9371875142525317 0.5755056261962519 0.13686623634819028
orientation: 0.6864992861768967 0.5483671307130717 0.5043449039425687
enu_velocity: 0.5589259810369384 0.283845672149193 0.5775127364412578
velocity: 0.0023586646816806654 0.5224864187001429 0.13418803818280275
angularVelocity: 0.4175940380823826 0.46918140885202964 0.5221559162694406
acceleration: 0.5865337345854994 0.5164656728533228 0.45720012741553995
accel: 0.0
brake: 1.0
steer: 0.5707669808254794
linkid: A219BS010395
trafficlightid: C119BS010046
turn_signal_lamp: 1.0