position: 0.9371875142525317 0.5755056261962519 0.1368757243743013
orientation: 0.6864992861768967 0.548346105941472 0.5043449039425687
enu_velocity: 0.5589260238338241 0.2838458468777043 0.5774224034526856
velocity: 0.0023589255641828706 0.5224864065684516 0.1341004186173863
angularVelocity: 0.41759414007285006 0.4692070488346923 0.5221559170006451
acceleration: 0.5865319369032221 0.5164551125605834 0.4572183450228981
accel: 0.0
brake: 1.0
steer: 0.5707669808254794
linkid: A219BS010395
trafficlightid: C119BS010046
turn_signal_lamp: 1.0