position: 0.12331554387867286 0.15577797554463757 0.8636132738944988
orientation: 0.9885086514145898 0.5256945159128299 0.5007768474630647
enu_velocity: 0.8884159985980915 0.999324458386657 0.594725173477179
velocity: 0.9992287208587592 0.5165083399304524 0.7176352612794396
angularVelocity: 0.39597672286415564 0.4561144051891678 0.524728173657418
acceleration: 0.584321031168141 0.5215105620771748 0.47569488144804617
accel: 0.04305855
brake: 0.0
steer: 0.5665420864478389
linkid: A219BS010380
trafficlightid: null
turn_signal_lamp: 0.0