position: 0.9371875142525317 0.5755056261962519 0.13687645422246364
orientation: 0.6864992861768967 0.5483442885459608 0.5043449039425687
enu_velocity: 0.5589260253073451 0.2838459018682833 0.5774000934912328
velocity: 0.002358996444661166 0.5224865349826926 0.13407877049945108
angularVelocity: 0.4175922482823091 0.4692139717367744 0.5221559089536267
acceleration: 0.5865262708871763 0.5164411408678954 0.4571869086098841
accel: 0.0
brake: 1.0
steer: 0.5707669808254794
linkid: A219BS010395
trafficlightid: C119BS010046
turn_signal_lamp: 1.0