position: 0.9371875142525317 0.5755056261962519 0.1368757243743013
orientation: 0.6864992861768967 0.5483426493264802 0.5043449039425687
enu_velocity: 0.5589261127461672 0.2838458559427944 0.5773800030664047
velocity: 0.0023590170769515434 0.5224854744205208 0.13405935923034465
angularVelocity: 0.41761112471987 0.4692153162798918 0.5221559952666055
acceleration: 0.5865263385865134 0.5164366534212367 0.45718825995887147
accel: 0.0
brake: 1.0
steer: 0.5707669808254794
linkid: A219BS010395
trafficlightid: C119BS010046
turn_signal_lamp: 1.0