position: 0.9371875142525317 0.5755056261962519 0.1368749945261385
orientation: 0.6864992861768967 0.5483417228111216 0.5043449039425687
enu_velocity: 0.5589261074870604 0.2838458856850158 0.5773618042667908
velocity: 0.0023590541830314877 0.5224855764654835 0.13404168801158703
angularVelocity: 0.4176098525251003 0.4692186069796214 0.52215599022294
acceleration: 0.5865230063153872 0.5164161621200135 0.45717920092390585
accel: 0.0
brake: 1.0
steer: 0.5707669808254794
linkid: A219BS010395
trafficlightid: C119BS010046
turn_signal_lamp: 1.0