position: 0.9371875142525317 0.5755056261962519 0.13687280498165144
orientation: 0.6864992861768967 0.5483417584463277 0.5043449039425687
enu_velocity: 0.558926092475952 0.28384602795933106 0.577335989923593
velocity: 0.002359209227513847 0.522486198848453 0.13401663969884872
angularVelocity: 0.41759744294833523 0.4692355880278875 0.5221559310236298
acceleration: 0.5865327693155615 0.516455636816322 0.45723431911804024
accel: 0.0
brake: 1.0
steer: 0.5707669808254794
linkid: A219BS010395
trafficlightid: C119BS010046
turn_signal_lamp: 1.0