position: 0.9371875142525317 0.5755056261962519 0.1368706154371644
orientation: 0.6864992861768967 0.5483426493264802 0.5043449039425687
enu_velocity: 0.5589261152850806 0.28384605333366303 0.5773211146022085
velocity: 0.0023592594114368124 0.5224860390179211 0.13400223025133437
angularVelocity: 0.41760043917731376 0.46924060574707577 0.5221559438081083
acceleration: 0.5865313983406122 0.5164486876805533 0.45722628907647117
accel: 0.0
brake: 1.0
steer: 0.5707669808254794
linkid: A219BS010395
trafficlightid: C119BS010046
turn_signal_lamp: 1.0