position: 0.9371875142525317 0.5755056261962519 0.1368691557408397
orientation: 0.6864992861768967 0.5483438609234876 0.5043449039425687
enu_velocity: 0.5589261031704933 0.2838460319052215 0.5773085587161746
velocity: 0.002359234047371339 0.522486015645693 0.13399001618417875
angularVelocity: 0.41760162951808266 0.46923678695638305 0.5221559532341423
acceleration: 0.5865230080015712 0.5164235827318217 0.45717900383693805
accel: 0.0
brake: 1.0
steer: 0.5707669808254794
linkid: A219BS010395
trafficlightid: C119BS010046
turn_signal_lamp: 1.0