position: 0.9371875142525317 0.5755056261962519 0.13686477665186514
orientation: 0.6864992861768967 0.5483484222298687 0.5043449039425687
enu_velocity: 0.5589261679563691 0.28384611871064325 0.577294519932618
velocity: 0.0023593788597415406 0.5224857263626886 0.13397648900984394
angularVelocity: 0.4176053734015042 0.4692529035233669 0.5221559655200452
acceleration: 0.58652492397099 0.5164635729488815 0.45723319694845194
accel: 0.0
brake: 1.0
steer: 0.5707669808254794
linkid: A219BS010395
trafficlightid: C119BS010046
turn_signal_lamp: 1.0