position: 0.9371875142525317 0.5755056261962519 0.13685163938494238
orientation: 0.6864992861768967 0.5483613578096834 0.5043449039425687
enu_velocity: 0.5589260888584623 0.2838461591054571 0.5773135240207388
velocity: 0.0023593585608910404 0.5224866841380641 0.1339948544339505
angularVelocity: 0.41758845901811154 0.46925148843690767 0.5221558892014847
acceleration: 0.5865226767254078 0.5164665788416606 0.45728876189213036
accel: 0.0
brake: 1.0
steer: 0.5707669808254794
linkid: A219BS010395
trafficlightid: C119BS010046
turn_signal_lamp: 1.0