position: 0.9371875142525317 0.5755056261962519 0.13684871999229253
orientation: 0.6864992861768967 0.5483643155317898 0.5043449039425687
enu_velocity: 0.558926105084383 0.2838460725804484 0.577324584810058
velocity: 0.0023592713990441116 0.5224862236288048 0.13400559245342908
angularVelocity: 0.41759715292163324 0.4692420861821163 0.5221559291728116
acceleration: 0.5865280503236484 0.5164508437248945 0.4572692102924149
accel: 0.0
brake: 1.0
steer: 0.5707669808254794
linkid: A219BS010395
trafficlightid: C119BS010046
turn_signal_lamp: 1.0