position: 0.9371875142525317 0.5755056261962519 0.13684726029596783
orientation: 0.6864992861768967 0.5483677365115756 0.5043449039425687
enu_velocity: 0.5589261465893515 0.28384611942974974 0.5773465009234223
velocity: 0.0023593398812780286 0.5224861170512547 0.13402694030078507
angularVelocity: 0.4175990870211302 0.4692513186338461 0.5221559283390758
acceleration: 0.5865352694392658 0.5164542629637767 0.4572930428761562
accel: 0.0
brake: 1.0
steer: 0.5707669808254794
linkid: A219BS010395
trafficlightid: C119BS010046
turn_signal_lamp: 1.0