position: 0.12516497433126317 0.15814914601289765 0.8648985365084647
orientation: 0.9802042647831632 0.5231383669439845 0.5008004123749985
enu_velocity: 0.8884309995637787 0.9995535213475033 0.6146048745422161
velocity: 0.9994772552168125 0.5168480039658683 0.7326550685865614
angularVelocity: 0.37072331014519144 0.4592949573538485 0.5238752018026462
acceleration: 0.5902303768906767 0.5239560455072431 0.48191494487910236
accel: 0.03151986
brake: 0.0
steer: 0.566460838479038
linkid: A219BS010380
trafficlightid: null
turn_signal_lamp: 0.0