position: 0.9371875142525317 0.5755056261962519 0.13684944984045533
orientation: 0.6864992861768967 0.5483687342973463 0.5043449039425687
enu_velocity: 0.5589260807330597 0.28384596099924175 0.5774021064387138
velocity: 0.002359097315209591 0.5224862776663918 0.13408081158947646
angularVelocity: 0.41759649256945447 0.46922578106576124 0.5221559226268747
acceleration: 0.5865271161061405 0.5164532378360738 0.4572728401976627
accel: 0.0
brake: 1.0
steer: 0.5707669808254794
linkid: A219BS010395
trafficlightid: C119BS010046
turn_signal_lamp: 1.0