position: 0.9371875142525317 0.5755056261962519 0.13685017968861768
orientation: 0.6864992861768967 0.5483680928636365 0.5043449039425687
enu_velocity: 0.5589260794694687 0.28384593581639495 0.5773985977033204
velocity: 0.00235907105178378 0.5224861733805758 0.13407739584704906
angularVelocity: 0.4175984724827122 0.46922250815512867 0.5221559335722358
acceleration: 0.5865254510127381 0.516447772053503 0.4572540150096524
accel: 0.0
brake: 1.0
steer: 0.5707669808254794
linkid: A219BS010395
trafficlightid: C119BS010046
turn_signal_lamp: 1.0