position: 0.9371875142525317 0.5755056261962519 0.13685163938494238
orientation: 0.6864992861768967 0.5483677721467817 0.5043449039425687
enu_velocity: 0.5589261433231469 0.28384599319896053 0.5774050076740908
velocity: 0.002359173745150992 0.5224858482415858 0.13408371703323774
angularVelocity: 0.4176044367086889 0.4692350809956015 0.5221559498839284
acceleration: 0.5865382070573082 0.5164445205945009 0.45727948570050003
accel: 0.0
brake: 1.0
steer: 0.5707669808254794
linkid: A219BS010395
trafficlightid: C119BS010046
turn_signal_lamp: 1.0