position: 0.9371875142525317 0.5755056261962519 0.13685382892942943
orientation: 0.6864992861768967 0.5483662041977131 0.5043449039425687
enu_velocity: 0.5589260827864141 0.2838459069166389 0.5774077443954183
velocity: 0.0023590378651679395 0.5224860589740047 0.13408627442995677
angularVelocity: 0.41760150218921205 0.4692189012597563 0.5221559466356507
acceleration: 0.5865183520386841 0.5164200724268996 0.45720353738744396
accel: 0.0
brake: 1.0
steer: 0.5707669808254794
linkid: A219BS010395
trafficlightid: C119BS010046
turn_signal_lamp: 1.0