position: 0.12608955615020426 0.15933777902398027 0.8661086247617045
orientation: 0.975285596095594 0.5218986181237236 0.5008102219546174
enu_velocity: 0.8884139530118615 0.9996563033897028 0.6201178142135758
velocity: 0.9995734781478143 0.5172038438252113 0.7358796964420093
angularVelocity: 0.37388149759161815 0.4578884965631766 0.5237783226500186
acceleration: 0.5905883823062582 0.5224672787039384 0.46675251312521604
accel: 0.03043605
brake: 0.0
steer: 0.566460838479038
linkid: A219BS010380
trafficlightid: null
turn_signal_lamp: 0.0