position: 0.9371875142525317 0.5755056261962519 0.13685674832207884
orientation: 0.6864992861768967 0.5483649213302935 0.5043449039425687
enu_velocity: 0.558926056536168 0.2838459775438832 0.5774100314521922
velocity: 0.002359094592349926 0.5224865955812582 0.13408848132933496
angularVelocity: 0.41759059319670855 0.46922602770754035 0.5221558946023239
acceleration: 0.5865323711500384 0.5164621290338518 0.457276090566177
accel: 0.0
brake: 1.0
steer: 0.5707669808254794
linkid: A219BS010395
trafficlightid: C119BS010046
turn_signal_lamp: 1.0