position: 0.9371875142525317 0.5755056261962519 0.1368574781702412
orientation: 0.6864992861768967 0.548364066085347 0.5043449039425687
enu_velocity: 0.5589260803761833 0.28384591337911597 0.5774056929742528
velocity: 0.0023590441376317014 0.5224860997733335 0.13408428102047526
angularVelocity: 0.4176001298992393 0.4692197089930303 0.5221559405574507
acceleration: 0.5865244134325301 0.5164389704222561 0.4572339879203326
accel: 0.0
brake: 1.0
steer: 0.5707669808254794
linkid: A219BS010395
trafficlightid: C119BS010046
turn_signal_lamp: 1.0