position: 0.9371875142525317 0.5755056261962519 0.13685820801840354
orientation: 0.6864992861768967 0.5483612152688591 0.5043449039425687
enu_velocity: 0.5589261006063186 0.28384590325823167 0.5773939314899118
velocity: 0.002359052875870391 0.5224858301022614 0.13407288245804191
angularVelocity: 0.4176044746828253 0.46922027297050317 0.5221559612946465
acceleration: 0.5865293815906767 0.5164489633075299 0.4572558978994725
accel: 0.0
brake: 1.0
steer: 0.5707669808254794
linkid: A219BS010395
trafficlightid: C119BS010046
turn_signal_lamp: 1.0