position: 0.9371875142525317 0.5755056261962519 0.1368589378665659
orientation: 0.6864992861768967 0.5483606451055614 0.5043449039425687
enu_velocity: 0.5589260405553664 0.283845975356618 0.5773954345309128
velocity: 0.0023590882321139 0.522486678522283 0.1340742855635556
angularVelocity: 0.4175890882497052 0.4692244127285614 0.5221558909930053
acceleration: 0.5865272951096095 0.5164599282927052 0.457243307878851
accel: 0.0
brake: 1.0
steer: 0.5707669808254794
linkid: A219BS010395
trafficlightid: C119BS010046
turn_signal_lamp: 1.0