position: 0.9371875142525317 0.5755056261962519 0.13685966771472868
orientation: 0.6864992861768967 0.5483580081003099 0.5043449039425687
enu_velocity: 0.5589260405418996 0.2838459944506754 0.5773871876167518
velocity: 0.0023591127219716097 0.5224867260529876 0.13406628226044845
angularVelocity: 0.41758765866575687 0.46922704739349574 0.5221558843942162
acceleration: 0.5865343250361407 0.5164770059630519 0.4572625299729473
accel: 0.0
brake: 1.0
steer: 0.5707669808254794
linkid: A219BS010395
trafficlightid: C119BS010046
turn_signal_lamp: 1.0