position: 0.9371875142525317 0.5755056261962519 0.13685966771472868
orientation: 0.6864992861768967 0.5483577586538672 0.5043449039425687
enu_velocity: 0.5589260120166258 0.2838460244396285 0.5773818008646615
velocity: 0.002359127871723675 0.5224870890725031 0.13406102326214098
angularVelocity: 0.4175809625418498 0.46922833758844806 0.5221558565427985
acceleration: 0.5865273048065 0.516484052886796 0.45725240388849586
accel: 0.0
brake: 1.0
steer: 0.5707669808254794
linkid: A219BS010395
trafficlightid: C119BS010046
turn_signal_lamp: 1.0