position: 0.12701412936221929 0.16052641203506113 0.8673099548369958
orientation: 0.9711720698542743 0.5203775649864999 0.5008194835130286
enu_velocity: 0.8884188965119175 0.9997345648651748 0.623007083789868
velocity: 0.9996602283550384 0.5172537157489383 0.7361188839543807
angularVelocity: 0.3813180253602054 0.45551625845313726 0.5237325137839598
acceleration: 0.5900916812130171 0.519449534696603 0.4636399766733508
accel: 0.02908161
brake: 0.0
steer: 0.5662983425414365
linkid: A219BS010380
trafficlightid: null
turn_signal_lamp: 0.0