position: 0.9371875142525317 0.5755056261962519 0.13685966771472868
orientation: 0.6864992861768967 0.5483575804778367 0.5043449039425687
enu_velocity: 0.5589260695687343 0.283846039023399 0.5773683703737549
velocity: 0.002359189738082665 0.5224865732191886 0.13404805797092603
angularVelocity: 0.4175904798786419 0.4692350353505424 0.5221558961713298
acceleration: 0.5865348262172307 0.5164711918646935 0.4572851658222923
accel: 0.0
brake: 1.0
steer: 0.5707669808254794
linkid: A219BS010395
trafficlightid: C119BS010046
turn_signal_lamp: 1.0