position: 0.9371875142525317 0.5755056261962519 0.1368589378665659
orientation: 0.6864992861768967 0.5483572597609818 0.5043449039425687
enu_velocity: 0.5589260975766724 0.28384595570288107 0.5773625013083387
velocity: 0.002359122298122574 0.5224859554573 0.13404237140074243
angularVelocity: 0.41760252680240406 0.469226611470992 0.5221559547037902
acceleration: 0.5865250436367678 0.5164367034406614 0.45722778185161883
accel: 0.0
brake: 1.0
steer: 0.5707669808254794
linkid: A219BS010395
trafficlightid: C119BS010046
turn_signal_lamp: 1.0