position: 0.9371875142525317 0.5755056261962519 0.13685820801840354
orientation: 0.6864992861768967 0.5483575804778367 0.5043449039425687
enu_velocity: 0.5589260710779337 0.28384602098517103 0.5773655154953078
velocity: 0.0023591727564952754 0.5224864752042251 0.1340452826327892
angularVelocity: 0.41759255489477365 0.46923268093487047 0.5221559071544708
acceleration: 0.586526837368883 0.5164604669512762 0.4572397497362871
accel: 0.0
brake: 1.0
steer: 0.5707669808254794
linkid: A219BS010395
trafficlightid: C119BS010046
turn_signal_lamp: 1.0