position: 0.9371875142525317 0.5755056261962519 0.13685820801840354
orientation: 0.6864992861768967 0.5483575448426306 0.5043449039425687
enu_velocity: 0.5589260844156877 0.2838460170016823 0.5773634867858244
velocity: 0.002359178654943496 0.5224863296049378 0.13404332839494978
angularVelocity: 0.4175949764019506 0.46923343227218967 0.5221559178715659
acceleration: 0.5865326149204829 0.516464914431494 0.45727797543195575
accel: 0.0
brake: 1.0
steer: 0.5707669808254794
linkid: A219BS010395
trafficlightid: C119BS010046
turn_signal_lamp: 1.0