position: 0.9371875142525317 0.5755056261962519 0.1368574781702412
orientation: 0.6864992861768967 0.5483577942890733 0.5043449039425687
enu_velocity: 0.5589260851183108 0.2838460220307893 0.5773615693223803
velocity: 0.0023591854701220387 0.5224863366177829 0.13404146862702182
angularVelocity: 0.4175952322603447 0.4692340022940837 0.5221559187076816
acceleration: 0.5865285861596645 0.5164533816259321 0.45725167214766593
accel: 0.0
brake: 1.0
steer: 0.5707669808254794
linkid: A219BS010395
trafficlightid: C119BS010046
turn_signal_lamp: 1.0