position: 0.12793867675345613 0.16170894949224035 0.8686944768010465
orientation: 0.9669483243822068 0.5188397633024086 0.500827703831145
enu_velocity: 0.8884277607189144 0.99977788453306 0.6281765250920056
velocity: 0.9997118297714046 0.5171607118281207 0.7385485163485492
angularVelocity: 0.37614946540540106 0.4563491911553556 0.5234738166984952
acceleration: 0.588580351807262 0.5174582646205551 0.4728088224606308
accel: 0.02849834
brake: 0.0
steer: 0.5663795905102373
linkid: A219BS010380
trafficlightid: null
turn_signal_lamp: 0.0