position: 0.9371875142525317 0.5755056261962519 0.13685674832207884
orientation: 0.6864992861768967 0.5483602531182943 0.5043449039425687
enu_velocity: 0.5589260743914083 0.2838460619809226 0.5773610440569468
velocity: 0.002359221277441697 0.5224865957664074 0.13404095582573755
angularVelocity: 0.4175906008925146 0.4692381308828691 0.5221558960135666
acceleration: 0.5865285531702924 0.5164546824786865 0.45725502480563646
accel: 0.0
brake: 1.0
steer: 0.5707669808254794
linkid: A219BS010395
trafficlightid: C119BS010046
turn_signal_lamp: 1.0