position: 0.9371875142525317 0.5755056261962519 0.13685674832207884
orientation: 0.6864992861768967 0.5483609658224162 0.5043449039425687
enu_velocity: 0.558926098551026 0.28384603317555035 0.5773639707230163
velocity: 0.0023592055705439043 0.5224862683370614 0.13404382065209336
angularVelocity: 0.417596779276862 0.46923639824561214 0.522155923714063
acceleration: 0.5865267913646063 0.5164445232535089 0.4572723460887231
accel: 0.0
brake: 1.0
steer: 0.5707669808254794
linkid: A219BS010395
trafficlightid: C119BS010046
turn_signal_lamp: 1.0