position: 0.9371875142525317 0.5755056261962519 0.13685601847391649
orientation: 0.6864992861768967 0.5483610370928285 0.5043449039425687
enu_velocity: 0.5589261100851407 0.2838459976334425 0.5773555001480241
velocity: 0.002359179387805757 0.5224859864828696 0.13403559991768393
angularVelocity: 0.4176012033991595 0.4692330382931645 0.5221559468070981
acceleration: 0.5865306337090643 0.5164591361921532 0.4572431626963813
accel: 0.0
brake: 1.0
steer: 0.5707669808254794
linkid: A219BS010395
trafficlightid: C119BS010046
turn_signal_lamp: 1.0