position: 0.9371875142525317 0.5755056261962519 0.13685528862575458
orientation: 0.6864992861768967 0.5483614647153017 0.5043449039425687
enu_velocity: 0.5589261311225717 0.28384597453234073 0.5773629805328183
velocity: 0.002359165469148816 0.5224857277332876 0.13404288441130485
angularVelocity: 0.41760683742150717 0.4692316760455576 0.522155970436092
acceleration: 0.5865267064106204 0.5164293828063291 0.4572489487677254
accel: 0.0
brake: 1.0
steer: 0.5707669808254794
linkid: A219BS010395
trafficlightid: C119BS010046
turn_signal_lamp: 1.0