position: 0.9371875142525317 0.5755056261962519 0.13685382892942943
orientation: 0.6864992861768967 0.5483617854321566 0.5043449039425687
enu_velocity: 0.558926095654282 0.28384602159452754 0.5773695192907916
velocity: 0.002359188448869887 0.5224862680649909 0.13404920198570108
angularVelocity: 0.41759592156699926 0.4692348768942144 0.5221559201713798
acceleration: 0.5865330240450604 0.5164701633671236 0.45727770220100333
accel: 0.0
brake: 1.0
steer: 0.5707669808254794
linkid: A219BS010395
trafficlightid: C119BS010046
turn_signal_lamp: 1.0