position: 0.9371875142525317 0.5755056261962519 0.13685382892942943
orientation: 0.6864992861768967 0.5483618923377749 0.5043449039425687
enu_velocity: 0.5589260709738474 0.28384601126578846 0.5773705521449483
velocity: 0.002359159810530019 0.5224864551307272 0.1340501708887085
angularVelocity: 0.41759313068182474 0.46923141950254343 0.5221559094695554
acceleration: 0.5865262520354106 0.5164545458443371 0.45726053952497797
accel: 0.0
brake: 1.0
steer: 0.5707669808254794
linkid: A219BS010395
trafficlightid: C119BS010046
turn_signal_lamp: 1.0