position: 0.9371875142525317 0.5755056261962519 0.13685382892942943
orientation: 0.6864992861768967 0.5483618923377749 0.5043449039425687
enu_velocity: 0.5589261269454164 0.2838459440428816 0.5773688744562203
velocity: 0.0023591269652587944 0.5224856632289213 0.13404859433780464
angularVelocity: 0.4176078168543508 0.4692274680221084 0.5221559761718931
acceleration: 0.5865252677340503 0.5164353017767023 0.45724107049091406
accel: 0.0
brake: 1.0
steer: 0.5707669808254794
linkid: A219BS010395
trafficlightid: C119BS010046
turn_signal_lamp: 1.0