position: 0.9371875142525317 0.5755056261962519 0.13685382892942943
orientation: 0.6864992861768967 0.5483616785265383 0.5043449039425687
enu_velocity: 0.5589260614191016 0.2838460491655141 0.5773747606373095
velocity: 0.00235919194487831 0.5224867127413234 0.13405425591755835
angularVelocity: 0.41758738911747234 0.46923570408005594 0.5221558813867977
acceleration: 0.5865375873713571 0.5164893961581399 0.45731982448716124
accel: 0.0
brake: 1.0
steer: 0.5707669808254794
linkid: A219BS010395
trafficlightid: C119BS010046
turn_signal_lamp: 1.0