position: 0.9371875142525317 0.5755056261962519 0.13685382892942943
orientation: 0.6864992861768967 0.5483618923377749 0.5043449039425687
enu_velocity: 0.5589260613886906 0.28384605778733357 0.5773779045585122
velocity: 0.0023591996825979428 0.5224867598725792 0.1340573112515794
angularVelocity: 0.41758723761107186 0.46923656634218236 0.5221558796862067
acceleration: 0.5865312982779608 0.5164717162707972 0.45727944459101794
accel: 0.0
brake: 1.0
steer: 0.5707669808254794
linkid: A219BS010395
trafficlightid: C119BS010046
turn_signal_lamp: 1.0