position: 0.9371875142525317 0.5755056261962519 0.13685382892942943
orientation: 0.6864992861768967 0.5483620348785994 0.5043449039425687
enu_velocity: 0.5589260488959034 0.28384602673798204 0.5773776858366033
velocity: 0.0023591577775137354 0.5224867463821258 0.13405707456842916
angularVelocity: 0.4175881481412066 0.46923153371485604 0.5221558857846353
acceleration: 0.5865257288243072 0.5164507421056767 0.4572419024052944
accel: 0.0
brake: 1.0
steer: 0.5707669808254794
linkid: A219BS010395
trafficlightid: C119BS010046
turn_signal_lamp: 1.0