position: 0.9371875142525317 0.5755056261962519 0.13685382892942943
orientation: 0.6865101274127079 0.548360502564737 0.5043449039425687
enu_velocity: 0.5589261033817513 0.28384596100721093 0.5773785630599487
velocity: 0.0023591242822344253 0.5224859836089931 0.13405797758717963
angularVelocity: 0.4176018191516177 0.46922768841403495 0.5221559484920218
acceleration: 0.5865263984380531 0.5164459784198404 0.4572461539431627
accel: 0.0
brake: 1.0
steer: 0.5707669808254794
linkid: A219BS010395
trafficlightid: C119BS010046
turn_signal_lamp: 1.0