position: 0.9371875142525317 0.5755056261962519 0.13685455877759223
orientation: 0.6865101274127079 0.5483605738351491 0.5043449039425687
enu_velocity: 0.5589261532967605 0.28384596419758185 0.5773721905538935
velocity: 0.0023591652307677225 0.5224855171373456 0.13405185344598314
angularVelocity: 0.41761091160877156 0.4692321886164119 0.5221559853175033
acceleration: 0.5865300044084387 0.5164204488767724 0.457211021666844
accel: 0.0
brake: 1.0
steer: 0.5707669808254794
linkid: A219BS010395
trafficlightid: C119BS010046
turn_signal_lamp: 1.0