position: 0.9371875142525317 0.5755056261962519 0.13685455877759223
orientation: 0.6864992861768967 0.5483600393070576 0.5043449039425687
enu_velocity: 0.5589260421895 0.2838459824245569 0.5773748023677024
velocity: 0.0023591068852780697 0.5224866160100377 0.13405425390151196
angularVelocity: 0.4175903294661781 0.46922553805923894 0.5221558992090912
acceleration: 0.586527499844323 0.5164527863299061 0.4572128500289516
accel: 0.0
brake: 1.0
steer: 0.5707669808254794
linkid: A219BS010395
trafficlightid: C119BS010046
turn_signal_lamp: 1.0