position: 0.9371875142525317 0.5755056261962519 0.13685455877759223
orientation: 0.6864992861768967 0.5483599680366454 0.5043449039425687
enu_velocity: 0.5589260508372329 0.2838459807238717 0.577373289237458
velocity: 0.0023591117532609624 0.5224865244774172 0.13405279501368592
angularVelocity: 0.4175913056057368 0.4692258997744635 0.5221559057588954
acceleration: 0.5865229038684792 0.5164725318789445 0.4572694369289102
accel: 0.0
brake: 1.0
steer: 0.5707669808254794
linkid: A219BS010395
trafficlightid: C119BS010046
turn_signal_lamp: 1.0