position: 0.9371875142525317 0.5755056261962519 0.13685455877759223
orientation: 0.6864992861768967 0.5483596829549966 0.5043449039425687
enu_velocity: 0.5589260708059218 0.28384598706469816 0.5773735060153596
velocity: 0.0023591322501163177 0.5224863687921787 0.13405303255757983
angularVelocity: 0.4175947804048407 0.46922824057477214 0.5221559185792697
acceleration: 0.586521736053964 0.5164517509284281 0.45726206308850376
accel: 0.0
brake: 1.0
steer: 0.5707669808254794
linkid: A219BS010395
trafficlightid: C119BS010046
turn_signal_lamp: 1.0