position: 0.9371875142525317 0.5755056261962519 0.13685455877759223
orientation: 0.6864992861768967 0.5483596829549966 0.5043449039425687
enu_velocity: 0.5589260603080926 0.28384597277884027 0.5773739530312254
velocity: 0.0023591094276324905 0.5224864079962913 0.13405344945626915
angularVelocity: 0.4175939547091104 0.46922577474170496 0.5221559160224335
acceleration: 0.5865269879021054 0.5164561376749376 0.4572501703777318
accel: 0.0
brake: 1.0
steer: 0.5707669808254794
linkid: A219BS010395
trafficlightid: C119BS010046
turn_signal_lamp: 1.0