position: 0.9371875142525317 0.5755056261962519 0.13685382892942943
orientation: 0.6864992861768967 0.5483593266029356 0.5043449039425687
enu_velocity: 0.5589260522378457 0.28384604987317763 0.5773770084708533
velocity: 0.002359185287423111 0.5224868078143928 0.13405642731987036
angularVelocity: 0.41758634897114494 0.46923487287177046 0.5221558763892415
acceleration: 0.5865316672279668 0.5164707349694698 0.45730290142296065
accel: 0.0
brake: 1.0
steer: 0.5707669808254794
linkid: A219BS010395
trafficlightid: C119BS010046
turn_signal_lamp: 1.0