position: 0.9371875142525317 0.5755056261962519 0.13685382892942943
orientation: 0.6864992861768967 0.5483590415212869 0.5043449039425687
enu_velocity: 0.5589261623480364 0.2838459468988533 0.577367674202039
velocity: 0.0023591550493082133 0.522485347101805 0.13404747442925918
angularVelocity: 0.417613638995552 0.46923079594769246 0.5221559999447679
acceleration: 0.5865304084607614 0.5164290034719005 0.45724121224149733
accel: 0.0
brake: 1.0
steer: 0.5707669808254794
linkid: A219BS010395
trafficlightid: C119BS010046
turn_signal_lamp: 1.0