position: 0.9371875142525317 0.5755056261962519 0.13685382892942943
orientation: 0.6864992861768967 0.5483595404141722 0.5043449039425687
enu_velocity: 0.5589260463714284 0.28384602382549046 0.5773713700015852
velocity: 0.002359155941471774 0.5224867341447863 0.1340509373394989
angularVelocity: 0.4175874270533593 0.46923093164340496 0.5221558862952093
acceleration: 0.5865230227265634 0.5164756846216967 0.45727159436884385
accel: 0.0
brake: 1.0
steer: 0.5707669808254794
linkid: A219BS010395
trafficlightid: C119BS010046
turn_signal_lamp: 1.0