position: 0.9371875142525317 0.5755056261962519 0.13685382892942943
orientation: 0.6864992861768967 0.5483603600239126 0.5043449039425687
enu_velocity: 0.5589260353381499 0.28384605216611625 0.5773771705872542
velocity: 0.002359176010500534 0.5224869721269141 0.1340565639567178
angularVelocity: 0.4175840394107889 0.4692337084617235 0.5221558664644335
acceleration: 0.5865283661606921 0.5164545089534771 0.45725973276610204
accel: 0.0
brake: 1.0
steer: 0.5707669808254794
linkid: A219BS010395
trafficlightid: C119BS010046
turn_signal_lamp: 1.0