position: 0.9371875142525317 0.5755056261962519 0.13685382892942943
orientation: 0.6864992861768967 0.5483600393070576 0.5043449039425687
enu_velocity: 0.5589260757355119 0.28384597662157474 0.5773724198358684
velocity: 0.0023591249455993 0.522486277103206 0.13405198118502024
angularVelocity: 0.41759643746755964 0.46922751827935477 0.5221559261985126
acceleration: 0.5865279622505647 0.5164509716672181 0.45725639437854476
accel: 0.0
brake: 1.0
steer: 0.5707669808254794
linkid: A219BS010395
trafficlightid: C119BS010046
turn_signal_lamp: 1.0