position: 0.9371875142525317 0.5755056261962519 0.13685382892942943
orientation: 0.6864992861768967 0.5483598254958211 0.5043449039425687
enu_velocity: 0.5589261043877228 0.28384596330207035 0.5773737303571015
velocity: 0.0023591297690105347 0.5224859658850177 0.13405328650338902
angularVelocity: 0.41760204231469344 0.46922816284050506 0.5221559499534394
acceleration: 0.5865290541407427 0.5164478960218908 0.45726298393295134
accel: 0.0
brake: 1.0
steer: 0.5707669808254794
linkid: A219BS010395
trafficlightid: C119BS010046
turn_signal_lamp: 1.0