position: 0.9371875142525317 0.5755056261962519 0.13685382892942943
orientation: 0.6864992861768967 0.5483591484269051 0.5043449039425687
enu_velocity: 0.558926116097434 0.28384591683430904 0.5773756065619625
velocity: 0.002359086981789146 0.5224856761531502 0.1340551106540902
angularVelocity: 0.4176071812350851 0.46922317122023816 0.5221559757350941
acceleration: 0.5865248990063314 0.516447241643534 0.4572648365075102
accel: 0.0
brake: 1.0
steer: 0.5707669808254794
linkid: A219BS010395
trafficlightid: C119BS010046
turn_signal_lamp: 1.0