position: 0.9371875142525317 0.5755056261962519 0.13685382892942943
orientation: 0.6864992861768967 0.5483591484269051 0.5043449039425687
enu_velocity: 0.5589260923122881 0.28384598603177336 0.5773774897940608
velocity: 0.002359144067184675 0.5224861829121006 0.13405692813474723
angularVelocity: 0.417598130987821 0.46922996853351806 0.5221559309593743
acceleration: 0.5865274459267807 0.5164494455285397 0.4572646389466304
accel: 0.0
brake: 1.0
steer: 0.5707669808254794
linkid: A219BS010395
trafficlightid: C119BS010046
turn_signal_lamp: 1.0