position: 0.9371875142525317 0.5755056261962519 0.13685382892942943
orientation: 0.6864992861768967 0.5483591484269051 0.5043449039425687
enu_velocity: 0.558926093610426 0.2838459865359142 0.577378211944939
velocity: 0.0023591451579064973 0.5224861757901058 0.13405763118994699
angularVelocity: 0.41759830179340585 0.46923012722395085 0.5221559317445218
acceleration: 0.5865273507277997 0.5164490570448524 0.4572647175714967
accel: 0.0
brake: 1.0
steer: 0.5707669808254794
linkid: A219BS010395
trafficlightid: C119BS010046
turn_signal_lamp: 1.0