position: 0.9371875142525317 0.5755056261962519 0.13685382892942943
orientation: 0.6864992861768967 0.5483591484269051 0.5043449039425687
enu_velocity: 0.5589260878682129 0.2838460056744638 0.5773780569362057
velocity: 0.002359161848840808 0.5224863058069017 0.13405747859563882
angularVelocity: 0.4175958777051887 0.469232087033211 0.5221559200360267
acceleration: 0.5865284435742686 0.5164530802765737 0.45725771106983737
accel: 0.0
brake: 1.0
steer: 0.5707669808254794
linkid: A219BS010395
trafficlightid: C119BS010046
turn_signal_lamp: 1.0