position: 0.9371875142525317 0.5755056261962519 0.13685455877759223
orientation: 0.6864992861768967 0.5483590058860808 0.5043449039425687
enu_velocity: 0.5589261067952057 0.28384597326828304 0.5773728377330616
velocity: 0.002359142576828579 0.5224859812833209 0.13405242545058027
angularVelocity: 0.41760158440658335 0.4692296881598538 0.5221559468867234
acceleration: 0.586532292283824 0.5164539941392885 0.4572287947192843
accel: 0.0
brake: 1.0
steer: 0.5707669808254794
linkid: A219BS010395
trafficlightid: C119BS010046
turn_signal_lamp: 1.0