position: 0.9371875142525317 0.5755056261962519 0.13685455877759223
orientation: 0.6865101274127079 0.5483592553325234 0.5043449039425687
enu_velocity: 0.5589262042954072 0.28384597233009345 0.5773666928582751
velocity: 0.002359211820696909 0.5224850641893652 0.13404658154218832
angularVelocity: 0.4176185453970321 0.46923741028462196 0.5221560175839132
acceleration: 0.5865340263280697 0.5164317788288336 0.45723070102242547
accel: 0.0
brake: 1.0
steer: 0.5707669808254794
linkid: A219BS010395
trafficlightid: C119BS010046
turn_signal_lamp: 1.0