position: 0.9371875142525317 0.5755056261962519 0.13685455877759223
orientation: 0.6864992861768967 0.5483595404141722 0.5043449039425687
enu_velocity: 0.5589260660151247 0.283845984998632 0.5773726840028646
velocity: 0.002359127117196298 0.5224864010657387 0.13405222767634084
angularVelocity: 0.4175945801662401 0.46922759716155993 0.52215591766809
acceleration: 0.5865217186135685 0.5164388406709477 0.4572137861483151
accel: 0.0
brake: 1.0
steer: 0.5707669808254794
linkid: A219BS010395
trafficlightid: C119BS010046
turn_signal_lamp: 1.0