position: 0.9371875142525317 0.5755056261962519 0.13685528862575458
orientation: 0.6864992861768967 0.5483602531182943 0.5043449039425687
enu_velocity: 0.5589260665294533 0.2838460598834742 0.5773752521920396
velocity: 0.0023592067607667187 0.5224867116518049 0.13405474265499012
angularVelocity: 0.4175886228332118 0.4692371439823414 0.5221558854046549
acceleration: 0.5865278597975666 0.5164559266973002 0.45724983022817595
accel: 0.0
brake: 1.0
steer: 0.5707669808254794
linkid: A219BS010395
trafficlightid: C119BS010046
turn_signal_lamp: 1.0