position: 0.9371875142525317 0.5755056261962519 0.13685528862575458
orientation: 0.6864992861768967 0.5483602531182943 0.5043449039425687
enu_velocity: 0.5589261043585186 0.28384598227352453 0.5773714192462857
velocity: 0.002359151260711284 0.5224860350523179 0.13405104733785084
angularVelocity: 0.41760155308404073 0.46923044253734475 0.5221559461437189
acceleration: 0.5865260489800299 0.5164264701721589 0.4572274076678647
accel: 0.0
brake: 1.0
steer: 0.5707669808254794
linkid: A219BS010395
trafficlightid: C119BS010046
turn_signal_lamp: 1.0