position: 0.9371875142525317 0.5755056261962519 0.13685601847391649
orientation: 0.6864992861768967 0.54836157162092 0.5043449039425687
enu_velocity: 0.5589261364856045 0.28384597943065293 0.5773744873053896
velocity: 0.0023591689026746547 0.5224857413873366 0.1340540666359144
angularVelocity: 0.4176068952892258 0.469232697716564 0.5221559677054286
acceleration: 0.5865285008959994 0.5164229413324316 0.4572316314007742
accel: 0.0
brake: 1.0
steer: 0.5707669808254794
linkid: A219BS010395
trafficlightid: C119BS010046
turn_signal_lamp: 1.0