position: 0.9371875142525317 0.5755056261962519 0.13685601847391649
orientation: 0.6864992861768967 0.5483619992433932 0.5043449039425687
enu_velocity: 0.5589261756081401 0.28384597506948417 0.5773649263066466
velocity: 0.0023591958156326713 0.5224853308378232 0.1340448304532878
angularVelocity: 0.4176141215899107 0.4692353304803379 0.5221559996324144
acceleration: 0.5865291334361538 0.5164219218107401 0.45720125973129827
accel: 0.0
brake: 1.0
steer: 0.5707669808254794
linkid: A219BS010395
trafficlightid: C119BS010046
turn_signal_lamp: 1.0