position: 0.9371875142525317 0.5755056261962519 0.13685601847391649
orientation: 0.6864992861768967 0.5483616428913323 0.5043449039425687
enu_velocity: 0.558926084814289 0.2838459658150606 0.5773736563433285
velocity: 0.002359118996853409 0.5224861546410358 0.1340531905074734
angularVelocity: 0.41759871748015137 0.4692267245188752 0.5221559362307108
acceleration: 0.5865225021303774 0.5164469303125079 0.457244726127358
accel: 0.0
brake: 1.0
steer: 0.5707669808254794
linkid: A219BS010395
trafficlightid: C119BS010046
turn_signal_lamp: 1.0