position: 0.9371875142525317 0.5755056261962519 0.13685601847391649
orientation: 0.6864992861768967 0.5483616428913323 0.5043449039425687
enu_velocity: 0.5589260834418148 0.2838459656413937 0.5773737044638451
velocity: 0.002359117839660487 0.5224861666454369 0.1340532354500658
angularVelocity: 0.41759850577357577 0.4692265936962352 0.5221559353333143
acceleration: 0.5865225068928006 0.5164469186454004 0.4572447265249352
accel: 0.0
brake: 1.0
steer: 0.5707669808254794
linkid: A219BS010395
trafficlightid: C119BS010046
turn_signal_lamp: 1.0