position: 0.9371875142525317 0.5755056261962519 0.13685601847391649
orientation: 0.6864992861768967 0.5483616428913323 0.5043449039425687
enu_velocity: 0.5589260801087161 0.2838459653472695 0.5773738729222998
velocity: 0.0023591151417788987 0.5224861965107073 0.13405339473403796
angularVelocity: 0.4175979787347896 0.46922629133536176 0.5221559331116383
acceleration: 0.5865225177209187 0.5164468895144556 0.4572447274823011
accel: 0.0
brake: 1.0
steer: 0.5707669808254794
linkid: A219BS010395
trafficlightid: C119BS010046
turn_signal_lamp: 1.0