position: 0.9371875142525317 0.5755056261962519 0.13685601847391649
orientation: 0.6864992861768967 0.5483616072561261 0.5043449039425687
enu_velocity: 0.5589260794684562 0.2838459653128181 0.5773739210574931
velocity: 0.0023591146396497536 0.5224862023960571 0.13405344065681957
angularVelocity: 0.41759787497642875 0.46922623591382795 0.5221559326671048
acceleration: 0.5865225197793573 0.5164468830671666 0.4572447277113056
accel: 0.0
brake: 1.0
steer: 0.5707669808254794
linkid: A219BS010395
trafficlightid: C119BS010046
turn_signal_lamp: 1.0