position: 0.9371875142525317 0.5755056261962519 0.13685601847391649
orientation: 0.6864992861768967 0.54836157162092 0.5043449039425687
enu_velocity: 0.5589260785052322 0.2838459649342818 0.5773738428224316
velocity: 0.0023591136053778866 0.5224862093578625 0.134053363359839
angularVelocity: 0.41759780651856193 0.46922612569097666 0.5221559324574809
acceleration: 0.5865229571008901 0.5164451540306757 0.45724755982065773
accel: 0.0
brake: 1.0
steer: 0.5707669808254794
linkid: A219BS010395
trafficlightid: C119BS010046
turn_signal_lamp: 1.0