position: 0.9371875142525317 0.5755056261962519 0.13685601847391649
orientation: 0.6864992861768967 0.5483615003505078 0.5043449039425687
enu_velocity: 0.5589261515206974 0.28384595668407153 0.577372628375626
velocity: 0.0023591557149549177 0.5224855043018045 0.134052274313197
angularVelocity: 0.41761086338376024 0.46923103258789056 0.5221559867059392
acceleration: 0.5865271579927788 0.5164286889325732 0.4572461924986089
accel: 0.0
brake: 1.0
steer: 0.5707669808254794
linkid: A219BS010395
trafficlightid: C119BS010046
turn_signal_lamp: 1.0