position: 0.9371875142525317 0.5755056261962519 0.13685674832207884
orientation: 0.6864992861768967 0.5483617141617444 0.5043449039425687
enu_velocity: 0.5589260955295694 0.28384595853308575 0.5773732958273556
velocity: 0.0023591187358549407 0.5224860257062215 0.13405285201181724
angularVelocity: 0.41760095314011453 0.4692266143677252 0.5221559468404158
acceleration: 0.5865205657889628 0.5164473571040165 0.4572447986088615
accel: 0.0
brake: 1.0
steer: 0.5707669808254794
linkid: A219BS010395
trafficlightid: C119BS010046
turn_signal_lamp: 1.0