position: 0.9371875142525317 0.5755056261962519 0.13685601847391649
orientation: 0.6864992861768967 0.5483616072561261 0.5043449039425687
enu_velocity: 0.5589260837531189 0.28384596227106224 0.5773730786536401
velocity: 0.0023591147314354615 0.5224861477218076 0.13405262720982491
angularVelocity: 0.4175988351686097 0.4692262022393039 0.5221559370838819
acceleration: 0.5865225210628364 0.5164469341437503 0.4572447275172879
accel: 0.0
brake: 1.0
steer: 0.5707669808254794
linkid: A219BS010395
trafficlightid: C119BS010046
turn_signal_lamp: 1.0