position: 0.13533354106436296 0.17119972691918495 0.8891010314214229
orientation: 0.9338746049182638 0.5157748861312623 0.5008732443935102
enu_velocity: 0.8882182585958516 0.9994797553092647 0.6349887729731253
velocity: 0.9992451734842672 0.5166077445732107 0.7396835888416365
angularVelocity: 0.39164319994063673 0.47376077357118096 0.5227551742838107
acceleration: 0.5853620415996443 0.5148765732336545 0.4471669634978015
accel: 0.04322103
brake: 0.0
steer: 0.5657296067598311
linkid: A219BS010380
trafficlightid: null
turn_signal_lamp: 0.0