position: 0.9371875142525317 0.5755056261962519 0.13685601847391649
orientation: 0.6864992861768967 0.5483616072561261 0.5043449039425687
enu_velocity: 0.5589260824972346 0.2838459627277374 0.5773731508443115
velocity: 0.0023591143209175268 0.5224861613242693 0.13405269584608986
angularVelocity: 0.41759859545802097 0.46922615889585706 0.5221559360379441
acceleration: 0.5865225225998141 0.5164469211954704 0.4572447277860501
accel: 0.0
brake: 1.0
steer: 0.5707669808254794
linkid: A219BS010395
trafficlightid: C119BS010046
turn_signal_lamp: 1.0