position: 0.9371875142525317 0.5755056261962519 0.13685601847391649
orientation: 0.6864992861768967 0.5483616072561261 0.5043449039425687
enu_velocity: 0.5589260821440062 0.28384596286080227 0.5773731749117287
velocity: 0.002359114208640822 0.5224861651829011 0.13405271880625985
angularVelocity: 0.4175985275199653 0.46922614732326434 0.5221559357425469
acceleration: 0.5865225229218257 0.5164469176127908 0.45724472789101045
accel: 0.0
brake: 1.0
steer: 0.5707669808254794
linkid: A219BS010395
trafficlightid: C119BS010046
turn_signal_lamp: 1.0