position: 0.9371875142525317 0.5755056261962519 0.13685601847391649
orientation: 0.6864992861768967 0.5483616072561261 0.5043449039425687
enu_velocity: 0.5589260818191637 0.28384596298354814 0.5773731989778891
velocity: 0.002359114104839712 0.5224861687401479 0.13405274179834478
angularVelocity: 0.4175984648484879 0.46922613679751085 0.5221559354580574
acceleration: 0.5865225233138731 0.5164469140423859 0.4572447279832484
accel: 0.0
brake: 1.0
steer: 0.5707669808254794
linkid: A219BS010395
trafficlightid: C119BS010046
turn_signal_lamp: 1.0