position: 0.9371875142525317 0.5755056261962519 0.13685601847391649
orientation: 0.6864992861768967 0.5483616072561261 0.5043449039425687
enu_velocity: 0.558926081519574 0.2838459630981614 0.5773732230412667
velocity: 0.002359114009738551 0.5224861720335374 0.1340527648175487
angularVelocity: 0.41759840673979726 0.46922612706764194 0.5221559352044065
acceleration: 0.5865225237356094 0.5164469106100713 0.4572447280643541
accel: 0.0
brake: 1.0
steer: 0.5707669808254794
linkid: A219BS010395
trafficlightid: C119BS010046
turn_signal_lamp: 1.0