position: 0.9371875142525317 0.5755056261962519 0.13685601847391649
orientation: 0.6864992861768967 0.5483616072561261 0.5043449039425687
enu_velocity: 0.5589260809925611 0.2838459633030307 0.5773732711721512
velocity: 0.002359113843093397 0.5224861778616686 0.13405281094481247
angularVelocity: 0.41759830413121735 0.4692261104293511 0.5221559347290343
acceleration: 0.5865225243682138 0.5164469049713785 0.4572447281915788
accel: 0.0
brake: 1.0
steer: 0.5707669808254794
linkid: A219BS010395
trafficlightid: C119BS010046
turn_signal_lamp: 1.0