position: 0.9371875142525317 0.5755056261962519 0.13685601847391649
orientation: 0.6864992861768967 0.5483616072561261 0.5043449039425687
enu_velocity: 0.5589260805434338 0.28384596347876145 0.5773733193097681
velocity: 0.00235911369890857 0.5224861828595875 0.13405285716930343
angularVelocity: 0.41759821618483095 0.46922609639740315 0.5221559343564908
acceleration: 0.5865225247975627 0.516446900082977 0.4572447283156229
accel: 0.0
brake: 1.0
steer: 0.5707669808254794
linkid: A219BS010395
trafficlightid: C119BS010046
turn_signal_lamp: 1.0