position: 0.13625745154307078 0.1723883599302658 0.8917949009887982
orientation: 0.9308195446666503 0.5161140263877275 0.5008758748953075
enu_velocity: 0.8882920701656534 0.9995768158858944 0.6323781638232107
velocity: 0.9994017227087985 0.5162542632465176 0.7378585087709354
angularVelocity: 0.3879018601130427 0.4718370476408653 0.5224120448848947
acceleration: 0.594193155234745 0.5115240749935405 0.45237958380664905
accel: 0.03336292
brake: 0.0
steer: 0.5657296067598311
linkid: A219BS010380
trafficlightid: null
turn_signal_lamp: 0.0