position: 0.9371875142525317 0.5755056261962519 0.13685601847391649
orientation: 0.6864992861768967 0.5483616072561261 0.5043449039425687
enu_velocity: 0.5589260796993978 0.28384596381718613 0.5773734396499954
velocity: 0.002359113422354892 0.5224861923961137 0.1340529730528192
angularVelocity: 0.417598048573847 0.46922607081078777 0.5221559335925635
acceleration: 0.5865225255770898 0.5164468907127737 0.4572447285144115
accel: 0.0
brake: 1.0
steer: 0.5707669808254794
linkid: A219BS010395
trafficlightid: C119BS010046
turn_signal_lamp: 1.0