position: 0.9371875142525317 0.5755056261962519 0.13685601847391649
orientation: 0.6864992861768967 0.5483616072561261 0.5043449039425687
enu_velocity: 0.5589260793404656 0.28384596396661854 0.5773735118548678
velocity: 0.002359113300555607 0.5224861965520231 0.13405304275596683
angularVelocity: 0.4175979755566359 0.4692260604607025 0.5221559332606756
acceleration: 0.5865225261617352 0.516446886866188 0.4572447286177816
accel: 0.0
brake: 1.0
steer: 0.5707669808254794
linkid: A219BS010395
trafficlightid: C119BS010046
turn_signal_lamp: 1.0