position: 0.9371875142525317 0.5755056261962519 0.13685601847391649
orientation: 0.6864992861768967 0.5483616072561261 0.5043449039425687
enu_velocity: 0.5589260792390727 0.28384596400928436 0.5773735359237661
velocity: 0.002359113264883323 0.5224861977414621 0.13405306601213465
angularVelocity: 0.41759795486134355 0.4692260575783095 0.5221559331683577
acceleration: 0.5865225262074105 0.5164468859701344 0.4572447286257331
accel: 0.0
brake: 1.0
steer: 0.5707669808254794
linkid: A219BS010395
trafficlightid: C119BS010046
turn_signal_lamp: 1.0