position: 0.9371875142525317 0.5755056261962519 0.13685601847391649
orientation: 0.6864992861768967 0.5483616072561261 0.5043449039425687
enu_velocity: 0.5589260791435557 0.2838459640478838 0.577373559997018
velocity: 0.002359113228886973 0.5224861988606962 0.1340530892788536
angularVelocity: 0.4175979350721826 0.46922605462780026 0.5221559330803038
acceleration: 0.5865225260285152 0.5164468853257124 0.4572447286702618
accel: 0.0
brake: 1.0
steer: 0.5707669808254794
linkid: A219BS010395
trafficlightid: C119BS010046
turn_signal_lamp: 1.0