position: 0.1371814566979654 0.1735708973874459 0.8943610471277557
orientation: 0.9273015636458959 0.516356131977979 0.5008758748953075
enu_velocity: 0.8883437212179626 0.9996440431063391 0.6312208204571564
velocity: 0.9995101604678287 0.5160396138083871 0.7372311102468696
angularVelocity: 0.385079388818361 0.4713177852610054 0.5220625668969389
acceleration: 0.5903285249810257 0.514733488526526 0.45699948696638587
accel: 0.03099679
brake: 0.0
steer: 0.5656483587910303
linkid: A219BS010380
trafficlightid: null
turn_signal_lamp: 0.0