position: 0.9371875142525317 0.5755056261962519 0.13685674832207884
orientation: 0.6864992861768967 0.5483618923377749 0.5043449039425687
enu_velocity: 0.5589260700026372 0.28384604406599223 0.5773739857205719
velocity: 0.002359192758660067 0.5224866106521935 0.13405351289423867
angularVelocity: 0.4175904327781669 0.4692355531380261 0.5221558936231206
acceleration: 0.5865312824697001 0.5164533788458033 0.4572344249371868
accel: 0.0
brake: 1.0
steer: 0.5707669808254794
linkid: A219BS010395
trafficlightid: C119BS010046
turn_signal_lamp: 1.0