position: 0.9371875142525317 0.5755056261962519 0.13685674832207884
orientation: 0.6864992861768967 0.5483617141617444 0.5043449039425687
enu_velocity: 0.5589261028674448 0.28384597970555503 0.5773673511326038
velocity: 0.0023591494271608983 0.5224860231118886 0.1340470942492974
angularVelocity: 0.4176010193500563 0.46923014122184065 0.5221559450704129
acceleration: 0.5865298755771279 0.51644753826486 0.45723728035251426
accel: 0.0
brake: 1.0
steer: 0.5707669808254794
linkid: A219BS010395
trafficlightid: C119BS010046
turn_signal_lamp: 1.0