position: 0.9371875142525317 0.5755056261962519 0.13685601847391649
orientation: 0.6864992861768967 0.5483618567025688 0.5043449039425687
enu_velocity: 0.5589261144626867 0.283845967934271 0.5773687409760538
velocity: 0.0023591441041507333 0.5224858742949798 0.13404845540064128
angularVelocity: 0.4176043970286233 0.4692294921047886 0.5221559590636495
acceleration: 0.586526631014215 0.5164253800555676 0.45723038922648496
accel: 0.0
brake: 1.0
steer: 0.5707669808254794
linkid: A219BS010395
trafficlightid: C119BS010046
turn_signal_lamp: 1.0