position: 0.9371875142525317 0.5755056261962519 0.13685601847391649
orientation: 0.6864992861768967 0.5483616072561261 0.5043449039425687
enu_velocity: 0.5589260522844852 0.2838460247505697 0.5773764225514677
velocity: 0.002359158587015566 0.5224867026376169 0.1340558515598636
angularVelocity: 0.4175882936041808 0.4692317518485496 0.5221558868464388
acceleration: 0.5865319152020718 0.5164686559090126 0.4572824397149722
accel: 0.0
brake: 1.0
steer: 0.5707669808254794
linkid: A219BS010395
trafficlightid: C119BS010046
turn_signal_lamp: 1.0