position: 0.9371875142525317 0.5755056261962519 0.13685601847391649
orientation: 0.6864992861768967 0.5483614647153017 0.5043449039425687
enu_velocity: 0.558926091392768 0.2838459636656899 0.5773722726188192
velocity: 0.002359121891892293 0.5224860806548736 0.13405185454033358
angularVelocity: 0.417600173503707 0.46922701411332896 0.5221559427281586
acceleration: 0.5865233904714997 0.51644293238724 0.45725089842745503
accel: 0.0
brake: 1.0
steer: 0.5707669808254794
linkid: A219BS010395
trafficlightid: C119BS010046
turn_signal_lamp: 1.0