position: 0.9371875142525317 0.5755056261962519 0.13685601847391649
orientation: 0.6864992861768967 0.5483613221744772 0.5043449039425687
enu_velocity: 0.5589261083489682 0.2838459612934681 0.5773685489577186
velocity: 0.0023591328358123363 0.5224859023062209 0.13404825937849615
angularVelocity: 0.4176036633184301 0.4692281780906584 0.5221559570261134
acceleration: 0.5865266924270925 0.5164322150718653 0.4572183050584383
accel: 0.0
brake: 1.0
steer: 0.5707669808254794
linkid: A219BS010395
trafficlightid: C119BS010046
turn_signal_lamp: 1.0