position: 0.9371875142525317 0.5755056261962519 0.13685601847391649
orientation: 0.6864992861768967 0.5483614290800956 0.5043449039425687
enu_velocity: 0.5589260391092222 0.2838460288874549 0.5773770500594161
velocity: 0.0023591536397222935 0.522486842187312 0.13405644535441696
angularVelocity: 0.41758605415139394 0.4692310523839075 0.5221558773407793
acceleration: 0.5865265399488587 0.5164621602576338 0.45724716183952296
accel: 0.0
brake: 1.0
steer: 0.5707669808254794
linkid: A219BS010395
trafficlightid: C119BS010046
turn_signal_lamp: 1.0