position: 0.9371875142525317 0.5755056261962519 0.13685601847391649
orientation: 0.6864992861768967 0.5483615003505078 0.5043449039425687
enu_velocity: 0.5589260474074497 0.283846023802625 0.5773772664878051
velocity: 0.0023591537954795487 0.5224867464370698 0.13405666465875887
angularVelocity: 0.4175871212215677 0.4692311295689424 0.5221558832189739
acceleration: 0.5865281100531585 0.5164815063917461 0.4572823112498285
accel: 0.0
brake: 1.0
steer: 0.5707669808254794
linkid: A219BS010395
trafficlightid: C119BS010046
turn_signal_lamp: 1.0