position: 0.9371875142525317 0.5755056261962519 0.13685601847391649
orientation: 0.6864992861768967 0.5483616072561261 0.5043449039425687
enu_velocity: 0.5589260857496571 0.28384596524877853 0.5773733674947814
velocity: 0.0023591191724727225 0.5224861427156057 0.13405291104116765
angularVelocity: 0.41759892817158434 0.46922672998251563 0.5221559371992048
acceleration: 0.5865225018487124 0.5164469248042338 0.45724472876409
accel: 0.0
brake: 1.0
steer: 0.5707669808254794
linkid: A219BS010395
trafficlightid: C119BS010046
turn_signal_lamp: 1.0