position: 0.9371875142525317 0.5755056261962519 0.13685601847391649
orientation: 0.6864992861768967 0.5483616072561261 0.5043449039425687
enu_velocity: 0.558926083111035 0.2838459648091248 0.5773734878315079
velocity: 0.0023591168206197623 0.5224861654655664 0.13405302443505793
angularVelocity: 0.41759852508767753 0.4692264649421783 0.5221559355205281
acceleration: 0.5865225118287902 0.5164469177002481 0.4572447275204685
accel: 0.0
brake: 1.0
steer: 0.5707669808254794
linkid: A219BS010395
trafficlightid: C119BS010046
turn_signal_lamp: 1.0