position: 0.13902963914627592 0.17594206785570599 0.899197750899903
orientation: 0.9213685166609196 0.5165825937127522 0.5008726963723025
enu_velocity: 0.8884192374429558 0.9997304781040535 0.6276448593466367
velocity: 0.9996569876863778 0.515732972763453 0.734255087421597
angularVelocity: 0.3955949848742222 0.46888895344397563 0.5218150753480831
acceleration: 0.5895060394315847 0.5128502602544424 0.4507005087556836
accel: 0.0292473
brake: 0.0
steer: 0.5654858628534287
linkid: A219BS010380
trafficlightid: null
turn_signal_lamp: 0.0