position: 0.9371875142525317 0.5755056261962519 0.13685601847391649
orientation: 0.6864992861768967 0.5483616072561261 0.5043449039425687
enu_velocity: 0.5589260827023576 0.2838459647530544 0.5773735118947778
velocity: 0.00235911646666396 0.5224861690583236 0.1340530472694692
angularVelocity: 0.4175984617498932 0.4692264253666357 0.5221559352545814
acceleration: 0.5865225129714369 0.5164469141589956 0.45724472762224827
accel: 0.0
brake: 1.0
steer: 0.5707669808254794
linkid: A219BS010395
trafficlightid: C119BS010046
turn_signal_lamp: 1.0