position: 0.9371875142525317 0.5755056261962519 0.13685601847391649
orientation: 0.6864992861768967 0.5483616072561261 0.5043449039425687
enu_velocity: 0.5589260823265663 0.2838459647032164 0.5773735359593134
velocity: 0.0023591161421234576 0.522486172376196 0.134053070148448
angularVelocity: 0.41759840337192583 0.4692263891144493 0.5221559350151104
acceleration: 0.5865225144231537 0.5164469109859842 0.45724472771289587
accel: 0.0
brake: 1.0
steer: 0.5707669808254794
linkid: A219BS010395
trafficlightid: C119BS010046
turn_signal_lamp: 1.0