position: 0.9371875142525317 0.5755056261962519 0.13685601847391649
orientation: 0.6864992861768967 0.5483616072561261 0.5043449039425687
enu_velocity: 0.55892608167211 0.2838459646239332 0.5773735840954726
velocity: 0.002359115581986344 0.5224861782081642 0.13405311604193934
angularVelocity: 0.41759830040877277 0.4692263271107344 0.5221559345723618
acceleration: 0.5865225165531506 0.5164469052490938 0.45724472792440696
accel: 0.0
brake: 1.0
steer: 0.5707669808254794
linkid: A219BS010395
trafficlightid: C119BS010046
turn_signal_lamp: 1.0