position: 0.9371875142525317 0.5755056261962519 0.13685601847391649
orientation: 0.6864992861768967 0.5483616072561261 0.5043449039425687
enu_velocity: 0.5589260811137058 0.2838459645682511 0.5773736322277969
velocity: 0.002359115113535225 0.5224861832591582 0.13405316205985532
angularVelocity: 0.4175982114514512 0.4692262755789971 0.5221559341741359
acceleration: 0.5865225183755995 0.5164469005969803 0.45724472808502814
accel: 0.0
brake: 1.0
steer: 0.5707669808254794
linkid: A219BS010395
trafficlightid: C119BS010046
turn_signal_lamp: 1.0