position: 0.1399538852951004 0.17713070086678684 0.9012887658851452
orientation: 0.9191738891581931 0.5164421553655074 0.5008698466620221
enu_velocity: 0.888464922202094 0.9997601071221827 0.6246380233107799
velocity: 0.9997225489062054 0.5154745164522228 0.7311615200222531
angularVelocity: 0.39637192468972937 0.4678886263425624 0.5216810002529566
acceleration: 0.588914665385725 0.5128316149768591 0.45051287299301046
accel: 0.02811953
brake: 0.0
steer: 0.5655671108222295
linkid: A219BS010380
trafficlightid: null
turn_signal_lamp: 0.0