position: 0.9371875142525317 0.5755056261962519 0.13685601847391649
orientation: 0.6864992861768967 0.5483616072561261 0.5043449039425687
enu_velocity: 0.558926079928009 0.28384596447666677 0.5773737766390769
velocity: 0.002359114127175397 0.522486194249544 0.1340533007683997
angularVelocity: 0.41759801796465823 0.4692261691634858 0.5221559333469447
acceleration: 0.5865225221369699 0.5164468899456047 0.45724472839195773
accel: 0.0
brake: 1.0
steer: 0.5707669808254794
linkid: A219BS010395
trafficlightid: C119BS010046
turn_signal_lamp: 1.0