position: 0.9371875142525317 0.5755056261962519 0.13685601847391649
orientation: 0.6864992861768967 0.5483616072561261 0.5043449039425687
enu_velocity: 0.5589260797834321 0.2838459644699236 0.5773738007106232
velocity: 0.0023591140085669243 0.5224861956316494 0.1340533239589501
angularVelocity: 0.4175979936689373 0.46922615657273437 0.5221559332600806
acceleration: 0.5865225227497817 0.5164468887135312 0.4572447284460282
accel: 0.0
brake: 1.0
steer: 0.5707669808254794
linkid: A219BS010395
trafficlightid: C119BS010046
turn_signal_lamp: 1.0