position: 0.9371875142525317 0.5755056261962519 0.13685601847391649
orientation: 0.6864992861768967 0.5483616072561261 0.5043449039425687
enu_velocity: 0.5589260795306096 0.28384596445911414 0.577373848849048
velocity: 0.0023591137992945137 0.522486198074978 0.13405337038225532
angularVelocity: 0.41759795079656564 0.46922613495120186 0.5221559330646366
acceleration: 0.586522523476782 0.5164468858074946 0.45724472854144677
accel: 0.0
brake: 1.0
steer: 0.5707669808254794
linkid: A219BS010395
trafficlightid: C119BS010046
turn_signal_lamp: 1.0