position: 0.9371875142525317 0.5755056261962519 0.13685601847391649
orientation: 0.6864992861768967 0.5483616072561261 0.5043449039425687
enu_velocity: 0.5589260794182438 0.28384596445423044 0.5773738729152981
velocity: 0.0023591137048913427 0.5224861991704678 0.13405339360899338
angularVelocity: 0.41759793146525165 0.46922612530378954 0.5221559329702364
acceleration: 0.5865225237500733 0.5164468848807543 0.4572447285398564
accel: 0.0
brake: 1.0
steer: 0.5707669808254794
linkid: A219BS010395
trafficlightid: C119BS010046
turn_signal_lamp: 1.0