position: 0.9371875142525317 0.5755056261962519 0.13685601847391649
orientation: 0.6864992861768967 0.5483616072561261 0.5043449039425687
enu_velocity: 0.5589261280068542 0.28384595620271236 0.5773710045653164
velocity: 0.00235913974872446 0.5224857110778071 0.13405066751802192
angularVelocity: 0.4176068433999092 0.4692290397630415 0.5221559707206807
acceleration: 0.586524788652248 0.516438918922195 0.45723039250252107
accel: 0.0
brake: 1.0
steer: 0.5707669808254794
linkid: A219BS010395
trafficlightid: C119BS010046
turn_signal_lamp: 1.0