position: 0.14087817447855522 0.17831933387786947 0.9033308810435077
orientation: 0.9162734972041537 0.5163797224844181 0.5008652980859976
enu_velocity: 0.8885027655473503 0.9997819712941811 0.6229386911155591
velocity: 0.9997731531937528 0.5152945754279058 0.7294501477591103
angularVelocity: 0.3890111654211981 0.46886361835682805 0.5214078125450866
acceleration: 0.5885773745315416 0.5146183195682741 0.45331408741641144
accel: 0.02754829
brake: 0.0
steer: 0.5655671108222295
linkid: A219BS010380
trafficlightid: null
turn_signal_lamp: 0.0