position: 0.9371875142525317 0.5755056261962519 0.13685601847391649
orientation: 0.6864992861768967 0.5483617141617444 0.5043449039425687
enu_velocity: 0.5589260414524924 0.28384604384869916 0.5773753050803396
velocity: 0.00235917218440508 0.5224868754094085 0.13405475786776933
angularVelocity: 0.4175850884654326 0.4692333088964486 0.5221558719590779
acceleration: 0.5865330583335935 0.5164728036869534 0.45727524016445703
accel: 0.0
brake: 1.0
steer: 0.5707669808254794
linkid: A219BS010395
trafficlightid: C119BS010046
turn_signal_lamp: 1.0