position: 0.9371875142525317 0.5755056261962519 0.13685601847391649
orientation: 0.6864992861768967 0.5483616428913323 0.5043449039425687
enu_velocity: 0.5589260573942232 0.28384604405602054 0.5773713143152807
velocity: 0.0023591853304242914 0.52248671586925 0.1340509027405849
angularVelocity: 0.4175881545212287 0.46923465564904215 0.5221558852200192
acceleration: 0.5865342841505553 0.5164663072223754 0.457254488306221
accel: 0.2177534
brake: 0.0
steer: 0.5707669808254794
linkid: A219BS010395
trafficlightid: C119BS010046
turn_signal_lamp: 1.0