position: 0.9371875142525317 0.5755056261962519 0.13653415543430336
orientation: 0.6865101274127079 0.5477748735876697 0.5043444107234818
enu_velocity: 0.5592747535963537 0.2846290348847973 0.5773119705402527
velocity: 0.003441845382615335 0.5224988594136105 0.1346472642546776
angularVelocity: 0.41770730175936377 0.4589147288489178 0.5220422081743594
acceleration: 0.6783714735725862 0.5167678932984405 0.46029171988237444
accel: 0.3755226
brake: 0.0
steer: 0.5707669808254794
linkid: A219BS010395
trafficlightid: C119BS010046
turn_signal_lamp: 1.0