position: 0.9371909570229586 0.5755117217501544 0.13469931715405936
orientation: 0.6865101274127079 0.5443861436634758 0.5043426570556169
enu_velocity: 0.5603244033834679 0.2869868248951593 0.5779191102902115
velocity: 0.006701402405221039 0.5225417453742285 0.13718050155258246
angularVelocity: 0.41752035942321236 0.4323815341859337 0.5220517586540996
acceleration: 0.7408369410566398 0.5170808660663927 0.46497397698218873
accel: 0.453229
brake: 0.0
steer: 0.5707669808254794
linkid: A219BS010395
trafficlightid: C119BS010046
turn_signal_lamp: 1.0