position: 0.9372727228205993 0.5756214417204086 0.10501785208605208
orientation: 0.6861794697204645 0.48605384137543906 0.504328682514819
enu_velocity: 0.5693423457316883 0.307261745402547 0.5981687657236275
velocity: 0.03472104627669986 0.5230379988760311 0.17036791974879645
angularVelocity: 0.41654991277193987 0.32539549550809166 0.522440287289822
acceleration: 0.8828329718631839 0.5180421722055253 0.4807323276538636
accel: 0.7714449
brake: 0.0
steer: 0.5618297042573936
linkid: A219BS010395
trafficlightid: C119BS010046
turn_signal_lamp: 1.0