position: 0.9373476030773857 0.5757189705828569 0.0884751136373585
orientation: 0.6853743272742148 0.45104374805966296 0.5043107622213252
enu_velocity: 0.5742757866173999 0.31807024774558934 0.6104682173793694
velocity: 0.049747179296757926 0.5221654477970157 0.18705908358831844
angularVelocity: 0.413621274543291 0.3118168791355976 0.5213470797281711
acceleration: 0.9171473877088985 0.514522248517369 0.48101287402671117
accel: 0.8434235
brake: 0.0
steer: 0.5619109522261945
linkid: A219BS010395
trafficlightid: C119BS010046
turn_signal_lamp: 1.0