position: 0.9374508861901949 0.5758591683226246 0.07261843246131061
orientation: 0.6843375437561311 0.41536164602723036 0.5042883481539275
enu_velocity: 0.5796182390605031 0.3298536265203007 0.6213666111254836
velocity: 0.06610619933695197 0.5215440968754478 0.20099401028427824
angularVelocity: 0.41244730839948274 0.3147194918957793 0.5211194579447797
acceleration: 0.9421335138019682 0.5119101850595968 0.4774214637933604
accel: 0.8959305
brake: 0.0
steer: 0.562073448163796
linkid: A219BS010395
trafficlightid: C119BS010046
turn_signal_lamp: 1.0