position: 0.9375145774430939 0.575944506077267 0.06542723851729892
orientation: 0.6837311572997546 0.398285718521213 0.5042762916873569
enu_velocity: 0.5824210160801829 0.33601564493892444 0.6255487078102298
velocity: 0.07466809579489851 0.5211361110075634 0.2062165558219008
angularVelocity: 0.4118985346986377 0.32092782222661986 0.5210064107820844
acceleration: 0.9519536516351418 0.5111714211715348 0.4745928292658801
accel: 0.9165829
brake: 0.0
steer: 0.5621546961325967
linkid: A219BS010395
trafficlightid: C119BS010046
turn_signal_lamp: 1.0