position: 0.9375860149294536 0.576035939385811 0.05888196019700054
orientation: 0.6830694805407406 0.3821171702681506 0.5042638516059406
enu_velocity: 0.5852952181523958 0.3423219873265451 0.6285953550431675
velocity: 0.08343497700974303 0.5206651539079472 0.2100320806000005
angularVelocity: 0.4115541473777459 0.3294129203624215 0.5208947449158028
acceleration: 0.9603006051231067 0.5103634279447172 0.47124413513998775
accel: 0.9342429
brake: 0.0
steer: 0.5621546961325967
linkid: A219BS010395
trafficlightid: C119BS010046
turn_signal_lamp: 1.0