position: 0.9377538499877683 0.5762553793263185 0.04791380201262907
orientation: 0.6817020393304134 0.3532781324985382 0.504238039807055
enu_velocity: 0.5912016438330945 0.35530060069258346 0.6305547930437136
velocity: 0.10147246399040342 0.5197727116535716 0.21291230634139025
angularVelocity: 0.41171288293998154 0.35095913060717754 0.5206726774710554
acceleration: 0.9735916176480663 0.5130011716206355 0.4634055683389877
accel: 0.9621684
brake: 0.0
steer: 0.5624796880077999
linkid: A219BS010395
trafficlightid: C119BS010046
turn_signal_lamp: 1.0