position: 0.9378502475597235 0.5763833859582812 0.04349165199671834
orientation: 0.6811614230379586 0.34083898673999724 0.5042246132874648
enu_velocity: 0.5941966718652968 0.3619500879777501 0.6294604025356366
velocity: 0.11069266489443558 0.5195992561523693 0.2120610760909279
angularVelocity: 0.41303686375248577 0.3629142857347718 0.5205905086790136
acceleration: 0.9787802685257576 0.514474673293371 0.45946733720446303
accel: 0.9731879
brake: 0.0
steer: 0.5626421839454014
linkid: A219BS010395
trafficlightid: C119BS010046
turn_signal_lamp: 1.0