position: 0.9384596179252973 0.5771879990734758 0.029701170968391644
orientation: 0.6797278502891827 0.2985264200843442 0.5041590151488955
enu_velocity: 0.60955539353755 0.396175322869454 0.6058125065865763
velocity: 0.15811045280431069 0.5192364025292657 0.18970086301086764
angularVelocity: 0.4154219179769363 0.4188909311814334 0.5204169631132378
acceleration: 0.9937682749233605 0.516000560340304 0.4448398964581756
accel: 1.0
brake: 0.0
steer: 0.5635359116022101
linkid: A219BS010395
trafficlightid: C119BS010046
turn_signal_lamp: 1.0