position: 0.9389304167811855 0.5778097455715807 0.02528048064880606
orientation: 0.6789118666071218 0.286652698141011 0.5041240513958403
enu_velocity: 0.6188701579482361 0.416980798965886 0.582406633093006
velocity: 0.18691989748483714 0.5192340439966158 0.16833180879997278
angularVelocity: 0.41566610605601034 0.4438276601457903 0.5205788593823393
acceleration: 0.9939458000315161 0.5152971716930563 0.4401641389503676
accel: 1.0
brake: 0.0
steer: 0.563942151446214
linkid: A219BS010395
trafficlightid: C119BS010046
turn_signal_lamp: 1.0