position: 0.14365125720207134 0.18187304180330788 0.9083974869868074
orientation: 0.9069102832084941 0.5160450366287156 0.5008486930434024
enu_velocity: 0.8885690766343084 0.999882096941652 0.6077736591166923
velocity: 0.9999339402157632 0.5153377074249964 0.7141964720931915
angularVelocity: 0.39716369002425406 0.46596778889984725 0.5212577136182835
acceleration: 0.5886405451512884 0.5128594294594159 0.43920995367907606
accel: 0.02499225
brake: 0.0
steer: 0.565404614884628
linkid: A219BS010380
trafficlightid: null
turn_signal_lamp: 0.0