position: 0.9391051373803542 0.5780352810659899 0.02396383456385731
orientation: 0.6788124886121851 0.2843331313054715 0.5041136937950135
enu_velocity: 0.621973619097184 0.42390550917876335 0.5744087305641018
velocity: 0.19651055667322548 0.5192090665175109 0.16130346294337544
angularVelocity: 0.41733592847490314 0.4505870903927762 0.5206491399025198
acceleration: 0.9928344410889932 0.5157600370266491 0.44269938377124873
accel: 1.0
brake: 0.0
steer: 0.5641858953526163
linkid: A219BS010395
trafficlightid: C119BS010046
turn_signal_lamp: 1.0