position: 0.9394795386642872 0.5785290209321321 0.021981566954810905
orientation: 0.6793531049046401 0.2823962153130467 0.504094951469708
enu_velocity: 0.6281717965139461 0.43771929304754076 0.5631591311446361
velocity: 0.21564682975561872 0.5191166950721154 0.15261488717726474
angularVelocity: 0.4209309152233524 0.4662266267146922 0.5207887936304485
acceleration: 0.9922825298393672 0.515939030310544 0.44829595073986733
accel: 1.0
brake: 0.0
steer: 0.5571985700357491
linkid: A219BS010395
trafficlightid: C119BS010046
turn_signal_lamp: 1.0