position: 0.9396800800416583 0.5787911297499599 0.021283102263404796
orientation: 0.6793310610584906 0.28259798184999174 0.5040779628122674
enu_velocity: 0.6314497802614225 0.44450832279119246 0.5582091855338228
velocity: 0.22521186273336724 0.5170037271882634 0.1495134108069505
angularVelocity: 0.4137432561292008 0.47221972940639556 0.5181220169624785
acceleration: 0.9921213717544763 0.4636011868412703 0.44954268762502814
accel: 1.0
brake: 0.0
steer: 0.5571985700357491
linkid: A219BS010395
trafficlightid: C119BS010046
turn_signal_lamp: 1.0