position: 0.9401069835746027 0.5793580162629377 0.02018614047533518
orientation: 0.6779524172378251 0.28461885438799095 0.5040043635640648
enu_velocity: 0.6378580905236684 0.45817772138955604 0.5503305002602314
velocity: 0.2443380398864715 0.5147473357856184 0.1457818152963161
angularVelocity: 0.4122874636007881 0.4804725618773413 0.515851708062755
acceleration: 0.9920864300629484 0.508013288289256 0.45303229583178484
accel: 1.0
brake: 0.0
steer: 0.5582547936301593
linkid: A219BS010395
trafficlightid: C119BS010046
turn_signal_lamp: 1.0