position: 0.9405683148118166 0.5799614760993324 0.019289886931922684
orientation: 0.6775773104787555 0.2879787197952429 0.5039274761886157
enu_velocity: 0.644072854235446 0.47192509539011307 0.5455945925712217
velocity: 0.26341371246491013 0.5146742972411882 0.14562986190256533
angularVelocity: 0.4179491688950207 0.4851804775953099 0.5161947306665354
acceleration: 0.9900181712021083 0.5147765083004627 0.4565951611356523
accel: 1.0
brake: 0.0
steer: 0.559473513162171
linkid: A219BS010395
trafficlightid: C119BS010046
turn_signal_lamp: 1.0