position: 0.9408127515121315 0.5802845404561916 0.018899418165045034
orientation: 0.677754022622479 0.289976643260513 0.5038914711952656
enu_velocity: 0.6471514956048023 0.47876858122570554 0.5442846919798257
velocity: 0.2728991496347083 0.5147909730563703 0.1467898210584418
angularVelocity: 0.4196792703978066 0.48674084168026305 0.5164348620572748
acceleration: 0.9884381063886962 0.5152497621775819 0.4583679879111088
accel: 1.0
brake: 0.0
steer: 0.5600422489437765
linkid: A219BS010395
trafficlightid: C119BS010046
turn_signal_lamp: 1.0