position: 0.9410649344459072 0.5806137003669516 0.018550550743423155
orientation: 0.6780405926224233 0.2921117266340666 0.5038572198697804
enu_velocity: 0.6502117778377438 0.4855889155595461 0.54375123989213
velocity: 0.28234694519160175 0.5149881004519372 0.14882155460547142
angularVelocity: 0.4205803953548237 0.48785168152138725 0.5167193258242239
acceleration: 0.9868416745520194 0.5160898190831164 0.4604070140887046
accel: 1.0
brake: 0.0
steer: 0.5604484887877804
linkid: A219BS010395
trafficlightid: C119BS010046
turn_signal_lamp: 1.0