position: 0.941596842476874 0.5813146890657945 0.01799148705103404
orientation: 0.6786581816891383 0.2965857980304849 0.5037948002542161
enu_velocity: 0.6562993742722187 0.4991429040238455 0.5446628310276351
velocity: 0.3011258722336043 0.5153391384448065 0.1551026814637962
angularVelocity: 0.4194047301667565 0.48874907370859655 0.5174796744662151
acceleration: 0.9834618461849991 0.5134598666230505 0.46352727308003216
accel: 1.0
brake: 0.0
steer: 0.5537049073773156
linkid: A219BS010395
trafficlightid: C119BS010046
turn_signal_lamp: 1.0