position: 0.9427630809590103 0.5828446730954431 0.017182815287107633
orientation: 0.6720630965706207 0.30487237322205263 0.5035680290784438
enu_velocity: 0.6691433545125377 0.5257283068078697 0.551565652748337
velocity: 0.33858575841117516 0.508748182737343 0.17370454630671983
angularVelocity: 0.4054932678909322 0.4839635843345526 0.5131543772767716
acceleration: 0.986588252131329 0.5107232440573548 0.46817882926874266
accel: 1.0
brake: 0.0
steer: 0.5561423464413391
linkid: A219BS010395
trafficlightid: C119BS010046
turn_signal_lamp: 1.0