position: 0.9430772337604713 0.5832530752069429 0.016956562356766902
orientation: 0.6710928059655128 0.3064267096417749 0.5035140489894792
enu_velocity: 0.672230860088891 0.5324902617590932 0.5542620153065301
velocity: 0.34798943101784247 0.5087437165421826 0.17901786625206334
angularVelocity: 0.409808492237831 0.4817977743193842 0.5136791667877242
acceleration: 0.9849836748458645 0.5115470225553851 0.46875440495654724
accel: 1.0
brake: 0.0
steer: 0.5544361390965227
linkid: A219BS010395
trafficlightid: C119BS010046
turn_signal_lamp: 1.0