position: 0.943399132795393 0.5836736684262505 0.016768261530871076
orientation: 0.6705301458269084 0.307788366502108 0.5034629186107948
enu_velocity: 0.6752983530132934 0.5392236093824679 0.5577700325724712
velocity: 0.3573482328276697 0.5088051302590199 0.18503946201557553
angularVelocity: 0.4131812289651474 0.48045096185525726 0.5141467004219944
acceleration: 0.982813179183887 0.5124549011978272 0.47195048191922284
accel: 1.0
brake: 0.0
steer: 0.5550048748781281
linkid: A219BS010395
trafficlightid: C119BS010046
turn_signal_lamp: 1.0