position: 0.9437304994489889 0.5841064527533613 0.016775560012495028
orientation: 0.6698243813755953 0.3091317781369173 0.5034098153557626
enu_velocity: 0.6784140535865179 0.545886256038445 0.5625161017665758
velocity: 0.36666440738049877 0.5081807250818375 0.19234841502303368
angularVelocity: 0.4109239289461374 0.4804664816055646 0.5136132730983648
acceleration: 0.981771170744593 0.5061187335327155 0.4739969882732221
accel: 1.0
brake: 0.0
steer: 0.5537861553461164
linkid: A219BS010395
trafficlightid: C119BS010046
turn_signal_lamp: 1.0