position: 0.9440696123360456 0.5845514281882798 0.01698721597958741
orientation: 0.668842888160149 0.31044914043606653 0.5033488753974593
enu_velocity: 0.6815750468481864 0.5525331686641053 0.5673046302531705
velocity: 0.37599504030119857 0.5071654359601852 0.19976114384473653
angularVelocity: 0.4079117017179013 0.4800972700081632 0.512125878642847
acceleration: 0.9816832455731008 0.4974281423399394 0.4739672654020214
accel: 1.0
brake: 0.0
steer: 0.5542736431589211
linkid: A219BS010395
trafficlightid: C119BS010046
turn_signal_lamp: 1.0