position: 0.9455147152227664 0.586434954344301 0.01936287174816176
orientation: 0.6636817371649344 0.31472201545883743 0.5030628631291277
enu_velocity: 0.6941596126614287 0.5794246698561113 0.5851242324787196
velocity: 0.41360374795495586 0.5055391367134492 0.2276703240934113
angularVelocity: 0.40671635408510753 0.4753592361515178 0.5105259645549225
acceleration: 0.9873174601120418 0.508065636839337 0.47214299356863226
accel: 1.0
brake: 0.0
steer: 0.5633734156646084
linkid: A219BS010395
trafficlightid: C119BS010046
turn_signal_lamp: 1.0