position: 0.9458985841253736 0.5869347897643449 0.02020949561653218
orientation: 0.6625347344161029 0.31539986834929457 0.5029897022978913
enu_velocity: 0.6972960588883363 0.586196841710138 0.5888371019172031
velocity: 0.423052540640668 0.5055125162115994 0.2337077377988645
angularVelocity: 0.40745467717202843 0.47415193294205926 0.5106016532521597
acceleration: 0.9872628018669064 0.5082541042012021 0.4712751986414947
accel: 1.0
brake: 0.0
steer: 0.569467013324667
linkid: A219BS010395
trafficlightid: C119BS010046
turn_signal_lamp: 1.0