position: 0.9466818143975093 0.5879527472661445 0.027659055810029365
orientation: 0.6650824248317494 0.32645465762121595 0.5029184047387614
enu_velocity: 0.6982195899315564 0.5905461772334304 0.5945582896068449
velocity: 0.4283595094958316 0.5157280860958052 0.24754730340713585
angularVelocity: 0.44517710490049195 0.5933868798777062 0.5194043548418603
acceleration: 0.343157480452826 0.5733268809298335 0.4540513800143033
accel: 0.0
brake: 0.09987659
steer: 0.5702794930126748
linkid: A219BS010395
trafficlightid: C119BS010046
turn_signal_lamp: 1.0