position: 0.9470682653779368 0.5884586782400909 0.040788294403232506
orientation: 0.6680381070884265 0.34933050000185295 0.5029254742123415
enu_velocity: 0.6961990450862547 0.5869931471146139 0.5900755039325564
velocity: 0.4231382937190735 0.5194943111662476 0.2581789834138328
angularVelocity: 0.4482170974647827 0.6887948765106123 0.5237239751311116
acceleration: 0.416884754079766 0.59077939469745 0.4389800904472219
accel: 0.0
brake: 0.0103559
steer: 0.5705232369190771
linkid: A219BS010395
trafficlightid: C119BS010046
turn_signal_lamp: 1.0