position: 0.9474529949731507 0.5889585136601365 0.05633551995842767
orientation: 0.6713464908834963 0.37726846594999036 0.5029604379653968
enu_velocity: 0.6954034313686217 0.5861402400686087 0.5815810152923471
velocity: 0.4216662823005127 0.5229494286432572 0.26930438551132324
angularVelocity: 0.4461242513132021 0.7196651978651649 0.5269502046113484
acceleration: 0.5503030792080188 0.5485319452278093 0.4336194934961937
accel: 0.0
brake: 0.001943868
steer: 0.5706044848878778
linkid: A219BS010395
trafficlightid: C119BS010046
turn_signal_lamp: 1.0