position: 0.9478368638757579 0.5894583490801804 0.07203820317221199
orientation: 0.673629293770821 0.406318856126989 0.5030031836196023
enu_velocity: 0.6950384987851774 0.5857838744988354 0.5711416747201681
velocity: 0.42102712272774556 0.5244481007098741 0.2796694102453874
angularVelocity: 0.43587590091993955 0.7250557029615154 0.5277665547581892
acceleration: 0.5608365680407608 0.5365224194426425 0.4295762765368864
accel: 0.06056714
brake: 0.0
steer: 0.5753981150471239
linkid: A219BS010395
trafficlightid: C119BS010046
turn_signal_lamp: 1.0