position: 0.14642355669531532 0.18543284528265058 0.9123664012938748
orientation: 0.8990912225668852 0.5170882929225344 0.5008285258629568
enu_velocity: 0.8884037250807111 0.9993800383379061 0.5998370209483198
velocity: 0.999283562943786 0.5151230579868661 0.707918562886783
angularVelocity: 0.39434682228616696 0.47424246302631906 0.5210006565372257
acceleration: 0.5926328610241798 0.5157931386851459 0.4514481367703723
accel: 0.03740782
brake: 0.0
steer: 0.565404614884628
linkid: A219BS010380
trafficlightid: null
turn_signal_lamp: 0.0