position: 0.948220732778365 0.5899581845002251 0.0865541532739531
orientation: 0.6747101649812037 0.4341007398724031 0.5030469157119818
enu_velocity: 0.6950784899959753 0.5861508656475238 0.5601865318406094
velocity: 0.4214461661137914 0.5252151273280793 0.2890605066798977
angularVelocity: 0.4242703805943289 0.708897129760385 0.5278046618803539
acceleration: 0.6070663062369016 0.5278521075976131 0.4307026604434704
accel: 0.06972054
brake: 0.0
steer: 0.5753981150471239
linkid: A219BS010395
trafficlightid: C119BS010046
turn_signal_lamp: 1.0