position: 0.9489884705835795 0.590963950894217 0.10981587390559255
orientation: 0.676276000806877 0.4815551460516048 0.5031982791695659
enu_velocity: 0.6948236440448127 0.5874590378824366 0.5412017344217035
velocity: 0.4226693938920942 0.5315446798835185 0.3047242803664809
angularVelocity: 0.4170137625644935 0.6582196777814465 0.5338288911878544
acceleration: 0.6144883402087519 0.5390102567438766 0.43623779378370564
accel: 0.09067301
brake: 0.0
steer: 0.5750731231719208
linkid: A219BS010395
trafficlightid: C119BS010046
turn_signal_lamp: 1.0