position: 0.9509155613300762 0.5934875102100525 0.13277981648697823
orientation: 0.6652258905189851 0.5436562277369049 0.5036285854219016
enu_velocity: 0.6954048462324307 0.5912225361989976 0.5273179587008426
velocity: 0.4271048721597408 0.5376865409406818 0.33810362583155373
angularVelocity: 0.389639792672231 0.5195670746113161 0.53799730265434
acceleration: 0.6298051486848907 0.5342639963863267 0.4638321813931646
accel: 0.1210194
brake: 0.0
steer: 0.5779980500487488
linkid: A219BS010395
trafficlightid: C119BS010046
turn_signal_lamp: 1.0