position: 0.9513028730031103 0.5939934411840007 0.13271777939317486
orientation: 0.6619391891955376 0.5474672348533981 0.5037288733029223
enu_velocity: 0.6956532485869688 0.5920417274657525 0.5309602209391278
velocity: 0.42815459952359514 0.5378321957903637 0.3450505275989951
angularVelocity: 0.3852088520129391 0.49868440270471714 0.5377403398742792
acceleration: 0.6314416683097128 0.5287584196807718 0.4687044867540796
accel: 0.1240233
brake: 0.0
steer: 0.5776730581735458
linkid: A219BS010395
trafficlightid: C119BS010046
turn_signal_lamp: 1.0