position: 0.9516901846761445 0.5945054677118504 0.13171861725886558
orientation: 0.6581566820209885 0.5491421608105669 0.5038262566715417
enu_velocity: 0.6959277662590438 0.5928703182830863 0.5365132141756228
velocity: 0.42923249577657674 0.5378002681483788 0.35233925038302266
angularVelocity: 0.38017420367340865 0.48047212091423486 0.5373700572419943
acceleration: 0.6324928803448798 0.5273057696639247 0.4734918584936882
accel: 0.1265363
brake: 0.0
steer: 0.5772668183295419
linkid: A219BS010395
trafficlightid: C119BS010046
turn_signal_lamp: 1.0