position: 0.14734765652639664 0.18662147829373232 0.9134531452076711
orientation: 0.8969739292129457 0.5173852767301819 0.5008211823787727
enu_velocity: 0.8884802640988195 0.9994893591978997 0.5972594636197471
velocity: 0.999455318382802 0.515023314139412 0.7060245082180922
angularVelocity: 0.3993696094454927 0.4710046820960733 0.5209788562488887
acceleration: 0.5929223746343112 0.5131253118542355 0.45171986806162195
accel: 0.03143064
brake: 0.0
steer: 0.5653233669158272
linkid: A219BS010380
trafficlightid: null
turn_signal_lamp: 0.0