position: 0.9528564231582808 0.5960476428493058 0.12614622653903096
orientation: 0.6461578190498003 0.5457100984757539 0.5041366558836188
enu_velocity: 0.6962317915124877 0.5950132114770148 0.5608874961602617
velocity: 0.4317372833690746 0.5408413407136266 0.37480752947988266
angularVelocity: 0.3830059925543459 0.44939470822761873 0.5404486823592384
acceleration: 0.6342821004904778 0.5360633914888421 0.48061823890159283
accel: 0.1431487
brake: 0.0
steer: 0.5798667533311668
linkid: A219BS010395
trafficlightid: C119BS010046
turn_signal_lamp: 1.0