position: 0.9536379320452031 0.5970777914589087 0.1215058519225658
orientation: 0.6383167145620419 0.5380532686464066 0.5043633722572705
enu_velocity: 0.6969089828339518 0.5970263500053434 0.5792127643225606
velocity: 0.434365216370678 0.5406989630759789 0.38856957496474964
angularVelocity: 0.3786367942913337 0.43144142235338784 0.5399164915586725
acceleration: 0.6374729696707641 0.5270574293575359 0.48167261362637004
accel: 0.1380185
brake: 0.0
steer: 0.579054273643159
linkid: A219BS010395
trafficlightid: C119BS010046
turn_signal_lamp: 1.0