position: 0.954029547181271 0.5975959135406628 0.11927105684933315
orientation: 0.6341039187381436 0.5332422307410953 0.5044721544670113
enu_velocity: 0.6972499309188483 0.5979515927231949 0.5882903465163003
velocity: 0.4355939283574835 0.5403057152987855 0.39458981042013463
angularVelocity: 0.3772401508408586 0.427084957816322 0.539376407635743
acceleration: 0.6382761794343405 0.5241874390484158 0.48108976545648946
accel: 0.1377768
brake: 0.0
steer: 0.581654208644784
linkid: A219BS010395
trafficlightid: C119BS010046
turn_signal_lamp: 1.0