position: 0.9552104174377217 0.59916247089373 0.1141497122938544
orientation: 0.6236491368461008 0.517529349868449 0.5048357665383622
enu_velocity: 0.6979469985198479 0.6008797570665719 0.6124710392616499
velocity: 0.43922223084641715 0.5423085776917438 0.40831122105966255
angularVelocity: 0.38637236838431294 0.42401004678869514 0.5419383902135595
acceleration: 0.6370920747828325 0.5282492004563736 0.4762474819448268
accel: 0.1341765
brake: 0.0
steer: 0.5803542411439715
linkid: A219BS010395
trafficlightid: C119BS010046
turn_signal_lamp: 1.0