position: 0.9556054753442166 0.5996866885293866 0.11311843684039946
orientation: 0.6203737104078971 0.5123263603312306 0.5049573176422439
enu_velocity: 0.6982617971941035 0.601774349076014 0.6190814932960098
velocity: 0.44040208352110777 0.5418703499585446 0.4115293089721912
angularVelocity: 0.38613899650820016 0.4249575438570075 0.541400120915495
acceleration: 0.6361527979616586 0.5257109662832253 0.4749172363550314
accel: 0.0
brake: 0.0009580172
steer: 0.5799480012999676
linkid: A219BS010395
trafficlightid: C119BS010046
turn_signal_lamp: 1.0