position: 0.0138031166867046 0.01755519524059146 0.45749802211147994
orientation: 0.6704419704423101 0.43454650066552303 0.4990842839628883
enu_velocity: 0.8913919856318022 0.9942041553778405 0.5609533843646752
velocity: 0.9959588861801373 0.5035956581092271 0.528217324919188
angularVelocity: 0.3858331532417818 0.6172632037081054 0.5048983368814373
acceleration: 0.6060030435050704 0.5093750103567828 0.5955178737189865
accel: 0.08355687
brake: 0.0
steer: 0.5597985050373742
linkid: A219BS010380
trafficlightid: null
turn_signal_lamp: 0.0