position: 0.9560005332507115 0.6002109061650431 0.11274475458125677
orientation: 0.6171644877830474 0.507814159264284 0.5050754710146377
enu_velocity: 0.6982906740530512 0.6019987122615708 0.6250551746387504
velocity: 0.4406635805538039 0.5413489817410706 0.414140141384846
angularVelocity: 0.3871447603303383 0.43548453061986864 0.5408411371292178
acceleration: 0.5590330134278104 0.524176341180348 0.47021955325999787
accel: 0.0
brake: 0.001455314
steer: 0.5819792005199871
linkid: A219BS010395
trafficlightid: C119BS010046
turn_signal_lamp: 1.0