position: 0.9567897883710945 0.6012654369902597 0.11504304644461794
orientation: 0.612554685903741 0.5030342665291052 0.5053158331163627
enu_velocity: 0.6979178659626213 0.601872022666812 0.6361112781755107
velocity: 0.4402702132348388 0.5418770103840804 0.42106410975245
angularVelocity: 0.4053716382007267 0.45114398377542575 0.5423624769688902
acceleration: 0.6004403033760982 0.5361740172717381 0.471645902800009
accel: 0.06093038
brake: 0.0
steer: 0.5813292167695808
linkid: A219BS010395
trafficlightid: C119BS010046
turn_signal_lamp: 1.0