position: 0.9587667992887822 0.6038987162763485 0.12197003535384487
orientation: 0.6216750562172283 0.4862106006470783 0.5059410705122995
enu_velocity: 0.698523904976383 0.6041223976782293 0.6574042632720297
velocity: 0.4431140246256841 0.5392978445131609 0.43070625279582553
angularVelocity: 0.45852144134950473 0.43000635632185147 0.5429426908744894
acceleration: 0.61662492948858 0.533288939815278 0.46656316300967215
accel: 0.09699742
brake: 0.0
steer: 0.5815729606759832
linkid: A219BS010395
trafficlightid: C119BS010046
turn_signal_lamp: 1.0