position: 0.14919629514178873 0.1889926487619933 0.9151536914260356
orientation: 0.8930587975869722 0.5176950535768197 0.5008053445658683
enu_velocity: 0.888588509703494 0.9995915282259309 0.5928615067644923
velocity: 0.9996425293185071 0.5147806962141046 0.7024078325844372
angularVelocity: 0.3981766906580488 0.4712938380962727 0.5208115696514998
acceleration: 0.5896755035904682 0.5133341797765636 0.45307289164415193
accel: 0.02933896
brake: 0.0
steer: 0.565404614884628
linkid: A219BS010380
trafficlightid: null
turn_signal_lamp: 0.0