position: 0.9603564985334359 0.6060260645884892 0.1257345921754438
orientation: 0.6387799244308043 0.46502390267084437 0.5064396054050018
enu_velocity: 0.6992788626676933 0.6067364944294382 0.661752857833542
velocity: 0.4464596410945249 0.5379663936481094 0.42052068409546917
angularVelocity: 0.43381308830172455 0.42613362472749017 0.5410389213235179
acceleration: 0.6245969563426783 0.5355339067257407 0.4527659143392896
accel: 0.107461
brake: 0.0
steer: 0.5801104972375691
linkid: A219BS010395
trafficlightid: C119BS010046
turn_signal_lamp: 1.0