position: 0.9607549992103576 0.6065563777780483 0.12686001804184643
orientation: 0.6389784274585086 0.4603055163013962 0.506555676296806
enu_velocity: 0.6994129508450744 0.6074956103077107 0.6582976319204832
velocity: 0.44737400822124485 0.5386087431070338 0.413935310372611
angularVelocity: 0.4130285062295102 0.4297193717960714 0.5405281688779142
acceleration: 0.6254865078634031 0.5394991736054554 0.4478611157892695
accel: 0.1084939
brake: 0.0
steer: 0.5798667533311668
linkid: A219BS010395
trafficlightid: C119BS010046
turn_signal_lamp: 1.0