position: 0.9611534998872794 0.6070927865215108 0.12797449618581336
orientation: 0.6367286542029555 0.4559665023361015 0.5066687330719675
enu_velocity: 0.699534339341277 0.6082753643296456 0.6531396716828476
velocity: 0.4483028337158355 0.5394657402373974 0.4059688751036581
angularVelocity: 0.3902682592752249 0.43307958236850247 0.5400663914716993
acceleration: 0.625876568284363 0.5410477197586547 0.44451686816674135
accel: 0.1092793
brake: 0.0
steer: 0.5810854728631785
linkid: A219BS010395
trafficlightid: C119BS010046
turn_signal_lamp: 1.0