position: 0.9615520005642012 0.6076291952649733 0.12905102222533582
orientation: 0.632118852323649 0.45204687911141184 0.506779597762298
enu_velocity: 0.6996489262632646 0.6090655395924396 0.6469864225415936
velocity: 0.4492383898299522 0.5404367154455975 0.39734731195266126
angularVelocity: 0.3688444930808507 0.43681153917993054 0.5397115480247411
acceleration: 0.6262018076806253 0.5413924702046868 0.44225930716289397
accel: 0.1095964
brake: 0.0
steer: 0.5807604809879754
linkid: A219BS010395
trafficlightid: C119BS010046
turn_signal_lamp: 1.0