position: 0.9619513619337299 0.6081716995623392 0.13006770071554286
orientation: 0.6257775966729259 0.4485654976513548 0.5068976963325709
enu_velocity: 0.6996452612546024 0.6099305025837526 0.6402282945493579
velocity: 0.45017469379068287 0.5427104999223539 0.3883695399106557
angularVelocity: 0.3539796152938463 0.44074958350496835 0.541053577146198
acceleration: 0.6262346254654134 0.5510064491302451 0.440544413587153
accel: 0.1096858
brake: 0.0
steer: 0.5804354891127723
linkid: A219BS010395
trafficlightid: C119BS010046
turn_signal_lamp: 1.0