position: 0.9635505287970576 0.6103356211978985 0.1332096970546246
orientation: 0.5857118583099626 0.4391733401904972 0.5073832979247698
enu_velocity: 0.6999992158586118 0.6131551614464765 0.6096989860577328
velocity: 0.45391716752935407 0.5472733330871744 0.35293952994378264
angularVelocity: 0.3094756333262062 0.45635962728220814 0.5423228031214323
acceleration: 0.6259114566879083 0.5379747932786169 0.4395018230504763
accel: 0.1081813
brake: 0.0
steer: 0.5810042248943778
linkid: A219BS010658
trafficlightid: C119BS010046
turn_signal_lamp: 0.0