position: 0.9647537770612837 0.6119753251978013 0.13500512353409988
orientation: 0.5482046877359098 0.4371006184276207 0.5077495953000386
enu_velocity: 0.7005596553459947 0.6153227795451884 0.5921360812245368
velocity: 0.45665079618573656 0.5469330683767766 0.3356448688915843
angularVelocity: 0.2979317712479025 0.46916439126118675 0.5407311490472376
acceleration: 0.6247317977766731 0.5265246779884458 0.445755532644507
accel: 0.1055899
brake: 0.0
steer: 0.5803542411439715
linkid: A219BS010658
trafficlightid: C119BS010046
turn_signal_lamp: 0.0