position: 0.9655585246485882 0.6130725249003373 0.1362626519178951
orientation: 0.5231925473586738 0.43783071253022215 0.5079875461084493
enu_velocity: 0.7009242469984005 0.616734346836469 0.5840939330608159
velocity: 0.45842917543383355 0.5467147936884607 0.3292957179069741
angularVelocity: 0.30259565156358353 0.4753719559653525 0.5406225591188419
acceleration: 0.6239859639453509 0.5247126353362993 0.449594946762028
accel: 0.1038187
brake: 0.0
steer: 0.5794605134871629
linkid: A219BS010658
trafficlightid: C119BS010046
turn_signal_lamp: 0.0