position: 0.9659613287885436 0.6136272203055091 0.13691440632690766
orientation: 0.5110283916788166 0.4386505360817864 0.5081019181345096
enu_velocity: 0.7011526707940915 0.6173988541947845 0.5812494351477844
velocity: 0.4593044052544207 0.5460610826389206 0.32764119954761034
angularVelocity: 0.3050044541581259 0.4776714781836192 0.54005108119415
acceleration: 0.6235197017090979 0.5226244977343962 0.45172495704973553
accel: 0.1025751
brake: 0.0
steer: 0.5789730256743583
linkid: A219BS010658
trafficlightid: C119BS010046
turn_signal_lamp: 0.0