position: 0.966364993621106 0.6141758201567775 0.13759024572527911
orientation: 0.4991950382410138 0.4396966075568872 0.5082131116375648
enu_velocity: 0.7013795092604541 0.6180529403122408 0.5792479848891597
velocity: 0.4601666724003652 0.5454115763142547 0.3269746485652673
angularVelocity: 0.30826736882609507 0.4794687936145674 0.5395619555071831
acceleration: 0.6229646540810602 0.5221312862602471 0.45369641832245644
accel: 0.1012636
brake: 0.0
steer: 0.5791355216119598
linkid: A219BS010658
trafficlightid: C119BS010046
turn_signal_lamp: 0.0