position: 0.967174044671444 0.6152852109671203 0.13908132552103858
orientation: 0.47891404930926507 0.44221530392412034 0.5084368138945736
enu_velocity: 0.7017831545633023 0.6193568214479763 0.5789814060614634
velocity: 0.46185231866832593 0.5445444666438999 0.32955321725951975
angularVelocity: 0.3357773127484546 0.4816701603133921 0.5399285692258066
acceleration: 0.6221192935231502 0.5226809000059532 0.4600099775973202
accel: 0.09882917
brake: 0.0
steer: 0.578323041923952
linkid: A219BS010658
trafficlightid: C119BS010046
turn_signal_lamp: 0.0