position: 0.9679856777996022 0.6163946017774631 0.1411964254956395
orientation: 0.4646213976651302 0.4455546790878641 0.5086558031691957
enu_velocity: 0.702305750705429 0.6205468862864849 0.5819601202217363
velocity: 0.4634925955750372 0.5421795209051677 0.33595032782553874
angularVelocity: 0.35923292091411796 0.4860193292413391 0.5390486546539822
acceleration: 0.6209006354211312 0.5154676368184701 0.4629955374345171
accel: 0.09623861
brake: 0.0
steer: 0.5775105622359442
linkid: A219BS010658
trafficlightid: C119BS010046
turn_signal_lamp: 0.0