position: 0.9696166902893795 0.618631670059858 0.1526601505822729
orientation: 0.45750813761228715 0.4595537203582791 0.5090784371246226
enu_velocity: 0.7033508066172669 0.6226640328853494 0.6150358139195026
velocity: 0.46647575571829175 0.5366088275548695 0.38074623364687266
angularVelocity: 0.43101076686106354 0.512241386789534 0.5385618294750408
acceleration: 0.617492960276854 0.5135455179833641 0.4821318470943548
accel: 0.09334573
brake: 0.0
steer: 0.5764543386415341
linkid: A219BS010658
trafficlightid: C119BS010046
turn_signal_lamp: 0.0