position: 0.9704360696509984 0.6197532519780067 0.1631013583934
orientation: 0.46312154882809486 0.4704707439234133 0.5092824106181522
enu_velocity: 0.7038110123793765 0.6237098350562778 0.6340095611504475
velocity: 0.4679081312663104 0.5344332675712007 0.408607262475813
angularVelocity: 0.44793725240599125 0.5202472333150137 0.5378936806333615
acceleration: 0.6166250741273902 0.5178415502768867 0.48081147732211726
accel: 0.09161453
brake: 0.0
steer: 0.5761293467663309
linkid: A219BS010658
trafficlightid: C119BS010046
turn_signal_lamp: 0.0