position: 0.15197017830942916 0.19255245224133422 0.9185920061190469
orientation: 0.8890775344225499 0.5200924477024842 0.5007802999966735
enu_velocity: 0.8887252230498701 0.9996775545475334 0.5930472863664737
velocity: 0.9998287431253935 0.5144636069578656 0.7068254332276187
angularVelocity: 0.41035735008764884 0.4786448558427074 0.5207186321020624
acceleration: 0.5890042752187281 0.5120610519299826 0.45669855792389646
accel: 0.02667615
brake: 0.0
steer: 0.5652421189470264
linkid: A219BS010380
trafficlightid: null
turn_signal_lamp: 0.0