position: 0.9724922642885065 0.6225754934350878 0.1950059409640419
orientation: 0.4693194472039405 0.49813763285873885 0.5097556817331763
enu_velocity: 0.7044727424782516 0.6265687287986497 0.6539214522837444
velocity: 0.4714349758979445 0.534739995184 0.4518303556246561
angularVelocity: 0.37895338567654435 0.5033849152615897 0.5358711275236052
acceleration: 0.6163768891541447 0.5405871421232908 0.4507300503316828
accel: 0.07841101
brake: 0.0
steer: 0.5748293792655185
linkid: A219BS010658
trafficlightid: C119BS010046
turn_signal_lamp: 0.0