position: 0.9733150864205524 0.6237092664610433 0.20445528512248323
orientation: 0.45521427666443504 0.5036035389465718 0.5099240338482012
enu_velocity: 0.7045154611373562 0.6276803278236301 0.645471523459163
velocity: 0.47267191419750393 0.5368995489460893 0.44862744037970037
angularVelocity: 0.33688704645138046 0.48842550358524517 0.5350701243434504
acceleration: 0.6110597685626785 0.5377458086483893 0.44584464082637537
accel: 0.06824221
brake: 0.0
steer: 0.574260643483913
linkid: A219BS010658
trafficlightid: C119BS010046
turn_signal_lamp: 0.0