position: 0.9737264974865754 0.6242822485279227 0.20825487465587678
orientation: 0.4452778142565286 0.5052641751860941 0.5100039901424138
enu_velocity: 0.7045434345290524 0.6281646090164985 0.6399951095512583
velocity: 0.4732183407901348 0.5376669960367818 0.4449420517457723
angularVelocity: 0.3213730740881981 0.48283471161192093 0.5346359332015763
acceleration: 0.6093425861571523 0.5351611239211301 0.4439500359966394
accel: 0.06420695
brake: 0.0
steer: 0.5740168995775107
linkid: A219BS010658
trafficlightid: C119BS010046
turn_signal_lamp: 0.0