position: 0.9753721417506672 0.6265680812415413 0.21855960086063675
orientation: 0.39723863605400406 0.5078553179273309 0.5102951538100984
enu_velocity: 0.7046904098996828 0.6294390654721609 0.6163448527578164
velocity: 0.47471104263168307 0.5380663901323941 0.4250168512529222
angularVelocity: 0.30385597367820133 0.4724601930414588 0.5329150837865846
acceleration: 0.5936410262656466 0.5215117358458837 0.4432149730116648
accel: 0.02067492
brake: 0.0
steer: 0.5728794280142997
linkid: A219BS010658
trafficlightid: C119BS010046
turn_signal_lamp: 0.0