position: 0.9766037928709159 0.6282809318882805 0.22442758008623898
orientation: 0.3631281692094303 0.5113481026533404 0.5104872900455402
enu_velocity: 0.7042101744390704 0.6284106320359979 0.5998135740832069
velocity: 0.473281159905711 0.536300838524608 0.41116054339077734
angularVelocity: 0.319291763995791 0.4863991884844815 0.5317718849956206
acceleration: 0.5564560750964703 0.5156202204598473 0.4433281234817521
accel: 0.0
brake: 0.006078849
steer: 0.5721481962950927
linkid: A219BS010658
trafficlightid: C119BS010046
turn_signal_lamp: 0.0