position: 0.9770134825517254 0.6288478184012574 0.22654195021267753
orientation: 0.35310345914202024 0.5136792509308628 0.5105467503465824
enu_velocity: 0.7039590616827777 0.6278045653617162 0.5947687009844272
velocity: 0.47245753150149 0.5355754263158183 0.40773265410939497
angularVelocity: 0.326003524311977 0.49090025306980234 0.5314330667685765
acceleration: 0.5501571081982038 0.5147795217406514 0.44390382480395074
accel: 0.0
brake: 0.00841898
steer: 0.5719044523886904
linkid: A219BS010658
trafficlightid: C119BS010046
turn_signal_lamp: 0.0