position: 0.9774214508473213 0.6294208004681376 0.2286840545692872
orientation: 0.3437845858008287 0.5164586188307261 0.5106038541564313
enu_velocity: 0.7036861975262385 0.62712452831114 0.5900283229513033
velocity: 0.47153892657729074 0.534791382928711 0.4048973708557472
angularVelocity: 0.33262884068342735 0.4945602683636935 0.5310534750115744
acceleration: 0.5469827582925617 0.5143656478251984 0.4444556492300441
accel: 0.0
brake: 0.009271023
steer: 0.571660708482288
linkid: A219BS010658
trafficlightid: C119BS010046
turn_signal_lamp: 0.0