position: 0.9778294191429173 0.6299876869811163 0.2307969649994015
orientation: 0.335171513048403 0.5195487613629981 0.5106589850899322
enu_velocity: 0.7033968493539954 0.6264228314266209 0.5858048244169118
velocity: 0.47058517286223334 0.5340995837852381 0.40277912694378004
angularVelocity: 0.339181482942047 0.4969340874877973 0.530788881882696
acceleration: 0.5459157197265261 0.5159216356720125 0.4459239797413745
accel: 0.0
brake: 0.00993506
steer: 0.5714982125446865
linkid: A219BS010658
trafficlightid: C119BS010046
turn_signal_lamp: 0.0