position: 0.9790464384888514 0.6316822509661453 0.23633870209641605
orientation: 0.3194451766293889 0.5292082185048208 0.5109046629973725
enu_velocity: 0.7009699488040907 0.6248500414091072 0.5754387669677835
velocity: 0.4672677252825199 0.547709864796895 0.39852650726064465
angularVelocity: 0.4221079470672362 0.498028461121215 0.5490938427795133
acceleration: 0.5291491660050075 0.7117781015572305 0.44822909256821675
accel: 0.0
brake: 0.02123729
steer: 0.5966038349041275
linkid: A219BS010658
trafficlightid: C119BS010046
turn_signal_lamp: 0.0