position: 0.9798529074613692 0.632803832884294 0.23939311665601082
orientation: 0.3266245826756618 0.5355383139758141 0.511397443667393
enu_velocity: 0.6985739706993638 0.6237780839670027 0.5717587087779067
velocity: 0.46452213108031354 0.5605142943862153 0.39825627681921594
angularVelocity: 0.44738594276110377 0.49605894780466697 0.5635559864821355
acceleration: 0.5285187006562796 0.5717152734773688 0.4517737731682148
accel: 0.0
brake: 0.02251222
steer: 0.5957101072473189
linkid: A219BS010658
trafficlightid: C119BS010046
turn_signal_lamp: 0.0