position: 0.15381997025291427 0.19492362270959607 0.9212924443198836
orientation: 0.8861330547762112 0.5224246650361897 0.5007609548480395
enu_velocity: 0.8888029553266128 0.9997022794523169 0.5934755237887835
velocity: 0.9999082641486825 0.5143059050414122 0.711288726271997
angularVelocity: 0.40029957799290167 0.4796905478661867 0.520458864090448
acceleration: 0.5880338393915426 0.5140964282448338 0.4586516078737461
accel: 0.02545921
brake: 0.0
steer: 0.5652421189470264
linkid: A219BS010380
trafficlightid: null
turn_signal_lamp: 0.0