position: 0.9806507695078197 0.6339193192485402 0.24178044999518278
orientation: 0.330605791633905 0.540970330982645 0.511946012896364
enu_velocity: 0.6964586129322985 0.6223493522790131 0.5710166783332474
velocity: 0.46157960393641984 0.5688084675385523 0.399988315301984
angularVelocity: 0.43845929733312783 0.49201597577069056 0.5724584369099059
acceleration: 0.5178220135701654 0.7397839160852037 0.45567277233918685
accel: 0.0
brake: 0.03206795
steer: 0.6302404939876504
linkid: A219BS010658
trafficlightid: C119BS010046
turn_signal_lamp: 0.0