position: 0.9810466881069212 0.6344740146537111 0.24290295646893645
orientation: 0.33507224346582454 0.5435135800068818 0.5123358203814459
enu_velocity: 0.6944001565555329 0.6219402674907757 0.5716175347721857
velocity: 0.4597875141670661 0.5822456375537759 0.4013300499913236
angularVelocity: 0.45910486147740354 0.4919720156925505 0.5873219300191408
acceleration: 0.5095325349778512 0.7259406567090165 0.4553885800244176
accel: 0.0
brake: 0.03109662
steer: 0.6299155021124473
linkid: A219BS010658
trafficlightid: C119BS010046
turn_signal_lamp: 0.0