position: 0.9814400246282026 0.635028710058883 0.24402108385371468
orientation: 0.34088415770933644 0.5459972469665173 0.5128116123940258
enu_velocity: 0.6923819300412919 0.6215056404455306 0.5723441335530565
velocity: 0.4580021550172383 0.5943639019776163 0.4026975956553851
angularVelocity: 0.46742149570209124 0.49127390656386133 0.6002414046029396
acceleration: 0.511209454506146 0.7158869057738373 0.4564083502661462
accel: 0.0
brake: 0.03029875
steer: 0.6291842703932402
linkid: A219BS010658
trafficlightid: C119BS010046
turn_signal_lamp: 0.0