position: 0.9818307790716637 0.6355773099101505 0.24505819809246887
orientation: 0.3458909656440514 0.5482155741815233 0.5133362878983382
enu_velocity: 0.6907949812905569 0.6208758705567456 0.573966888215006
velocity: 0.45629307622203885 0.6012653748503392 0.4048045908655309
angularVelocity: 0.45360627307642143 0.48865116197363617 0.6060481744229319
acceleration: 0.5140946866552427 0.6504932436952511 0.4587025621623874
accel: 0.0
brake: 0.0301162
steer: 0.6279655508612285
linkid: A219BS010658
trafficlightid: C119BS010046
turn_signal_lamp: 0.0