position: 0.9822180907446979 0.6361320053153232 0.24597634708075367
orientation: 0.3480194254708764 0.5500575223496884 0.51386726564654
enu_velocity: 0.6896568682518028 0.6200213288062919 0.57594310706151
velocity: 0.4546355988432054 0.6031037936335165 0.4070856357565711
angularVelocity: 0.4239057975199768 0.48527962617800785 0.6057059044422511
acceleration: 0.5157908888207141 0.5951995007877292 0.4595491347368445
accel: 0.0
brake: 0.03761737
steer: 0.6646083847903803
linkid: A219BS010658
trafficlightid: C119BS010046
turn_signal_lamp: 0.0