position: 0.9826019596473051 0.6366806051665908 0.24685946335724296
orientation: 0.3481297169765296 0.5516435384676348 0.5144182461688249
enu_velocity: 0.6879745610896428 0.6193014458347833 0.5784508237910636
velocity: 0.4527749564675682 0.6103464498960214 0.4095219824921368
angularVelocity: 0.4169295007556195 0.4836844260076455 0.6134478278989945
acceleration: 0.5032985261305236 0.7576526651147348 0.4604060169650961
accel: 0.0
brake: 0.04207289
steer: 0.6640396490087749
linkid: A219BS010658
trafficlightid: C119BS010046
turn_signal_lamp: 0.0