position: 0.983361090526452 0.637771709315226 0.24909425843047606
orientation: 0.3514712749531821 0.5549419331443621 0.5157678031950623
enu_velocity: 0.6834793853490683 0.6179538363550505 0.5845795183554304
velocity: 0.44845340016745466 0.6333549870775378 0.4149840556191625
angularVelocity: 0.4272973224179366 0.484816130932343 0.637142356527379
acceleration: 0.49512711848278457 0.7370038487338948 0.46144011366254956
accel: 0.0
brake: 0.03828016
steer: 0.6618459538511539
linkid: A219BS010658
trafficlightid: C119BS010046
turn_signal_lamp: 0.0