position: 0.9837346311177784 0.638314213612591 0.2503481375734591
orientation: 0.35264028541071046 0.5564165179728299 0.5165336080307905
enu_velocity: 0.6814848364954403 0.6172255755232434 0.5882068013502952
velocity: 0.4464130253222522 0.6414810065687343 0.41823179127292576
angularVelocity: 0.41561054899172317 0.48275775817224736 0.6442941600116373
acceleration: 0.4998609183650942 0.6891748452006209 0.46233465758345904
accel: 0.0
brake: 0.03730387
steer: 0.6187032824179396
linkid: A219BS010658
trafficlightid: C119BS010046
turn_signal_lamp: 0.0