position: 0.1547449738112327 0.1961061601667744 0.9226769662839343
orientation: 0.8841259806530197 0.5236512288301931 0.500750816455696
enu_velocity: 0.888822899792356 0.9997298650898854 0.5926425676220336
velocity: 0.9999508914056805 0.5144646192718795 0.7125732582606019
angularVelocity: 0.40013662733212185 0.47963512991741086 0.5204964069931873
acceleration: 0.588531547627657 0.5164365808470407 0.45189861081756666
accel: 0.02482847
brake: 0.0
steer: 0.5652421189470264
linkid: A219BS010380
trafficlightid: null
turn_signal_lamp: 0.0