position: 0.9844696626039365 0.6393931266534185 0.2527624752946398
orientation: 0.3358221678843422 0.5585100863312756 0.5178244171835558
enu_velocity: 0.6808820704196469 0.6139600490493071 0.5933894831294778
velocity: 0.4425037817886584 0.6218768831823195 0.4230827721335648
angularVelocity: 0.30164377368363277 0.4785742336294239 0.6164236441058555
acceleration: 0.48605095701410683 0.7279171911546019 0.46237043157958857
accel: 0.0
brake: 0.05951788
steer: 0.6570523236919078
linkid: A219BS010658
trafficlightid: C119BS010046
turn_signal_lamp: 0.0