position: 0.9848320141913752 0.6399295353968801 0.25429515643565503
orientation: 0.32679000547916054 0.5597737107396243 0.5184854403643597
enu_velocity: 0.6785280438791884 0.6128365984170749 0.5968795920891785
velocity: 0.4398075454629761 0.6330929161162687 0.4258731477791662
angularVelocity: 0.334881623432582 0.48176555174702057 0.6297726988994944
acceleration: 0.46874492336807455 0.7309570219600618 0.4608522035398048
accel: 0.0
brake: 0.05408156
steer: 0.6559148521286968
linkid: A219BS010658
trafficlightid: C119BS010046
turn_signal_lamp: 0.0