position: 0.9858949695607022 0.6415265705194635 0.2596376449843376
orientation: 0.30440260779422695 0.5635396393203995 0.5206228874809982
enu_velocity: 0.6741311415104165 0.608590044935982 0.604523817688236
velocity: 0.432474410848276 0.6375203500733795 0.43207031049033007
angularVelocity: 0.3330033801112373 0.47876632504573646 0.632758500501104
acceleration: 0.4822440635284105 0.5769540410478425 0.45919774646883865
accel: 0.0
brake: 0.06103851
steer: 0.6922326941826455
linkid: A219BS010658
trafficlightid: C119BS010046
turn_signal_lamp: 0.0