position: 0.9862426893738263 0.6420568837090226 0.26158560972975176
orientation: 0.2971205128396008 0.564681034971821 0.5213432613586026
enu_velocity: 0.6722958074516956 0.6072064719583821 0.6075130685752582
velocity: 0.42984298789580716 0.6426657143023716 0.4343467338217072
angularVelocity: 0.3536551445048235 0.4796177029120415 0.6404322813235734
acceleration: 0.46968400987502446 0.7551404932099399 0.4608113819035901
accel: 0.0
brake: 0.06411598
steer: 0.6915014624634385
linkid: A219BS010658
trafficlightid: C119BS010046
turn_signal_lamp: 0.0