position: 0.9869252186109733 0.6430992234264332 0.2662741543249343
orientation: 0.2947010550907516 0.5677203617001927 0.5230478813253499
enu_velocity: 0.6672475733807183 0.6046643022029072 0.6127677157134032
velocity: 0.42401776133714 0.6645139770884895 0.43803456403432506
angularVelocity: 0.41740124081485275 0.4831454400291968 0.6663102201358112
acceleration: 0.46514280798741187 0.7525887353800587 0.4585423740161356
accel: 0.0
brake: 0.05592925
steer: 0.6888202794930127
linkid: A219BS010658
trafficlightid: C119BS010046
turn_signal_lamp: 0.0