position: 0.9879175971865474 0.6446474941177902 0.2732361759459563
orientation: 0.2934469868266698 0.5708209809830584 0.5258753967468037
enu_velocity: 0.6622199656375607 0.600409983875684 0.6186058235477979
velocity: 0.4164273674872232 0.6700004363727075 0.44110188446275245
angularVelocity: 0.3752275369098432 0.47390112531633727 0.6682514721020266
acceleration: 0.4777115399694127 0.6000580133266478 0.45794464675822716
accel: 0.0
brake: 0.05950485
steer: 0.7211569710757232
linkid: A219BS010658
trafficlightid: C119BS010046
turn_signal_lamp: 0.0