position: 0.9882394962214691 0.6451595206456409 0.27545345466329163
orientation: 0.2915632996992424 0.5713205865725972 0.5268666575074057
enu_velocity: 0.6595931431267706 0.5991906986951585 0.6209869819629694
velocity: 0.41356585705984633 0.6812890803118351 0.4420030013978038
angularVelocity: 0.39355193961469714 0.4734555410599391 0.6818229820553432
acceleration: 0.46050492647400265 0.7665636409722303 0.4581825990957187
accel: 0.0
brake: 0.05508238
steer: 0.7195320116997076
linkid: A219BS010658
trafficlightid: C119BS010046
turn_signal_lamp: 0.0