position: 0.9891793725480321 0.6466773135674844 0.28173817718961747
orientation: 0.293053937460958 0.5707874838893232 0.5302150122847175
enu_velocity: 0.6528751822489482 0.5956534026066589 0.6288324179301373
velocity: 0.4059108991189207 0.7019069133980378 0.4442773319474468
angularVelocity: 0.39880020012155704 0.4606712605701187 0.7016924302080898
acceleration: 0.4885490215184487 0.6338011939605994 0.4589091849397122
accel: 0.0
brake: 0.04594493
steer: 0.7118134546636334
linkid: A219BS010658
trafficlightid: C119BS010046
turn_signal_lamp: 0.0