position: 0.9897818573727518 0.6476769844075729 0.28477799478596477
orientation: 0.28734782970384415 0.5673729184407059 0.5324611868089761
enu_velocity: 0.6494812478553307 0.5931424965737617 0.6334399064567029
velocity: 0.401320367319971 0.7052947202965779 0.44371228087921244
angularVelocity: 0.38563459991562155 0.4517554024254405 0.7049892961922922
acceleration: 0.47301131151621817 0.8124880705206379 0.45920569165153097
accel: 0.0
brake: 0.04898499
steer: 0.7642996425089374
linkid: A219BS010658
trafficlightid: C119BS010046
turn_signal_lamp: 0.0