position: 0.9903679890379435 0.6486705596937599 0.28789809568017466
orientation: 0.290912829164312 0.5634320209979737 0.5349982509903155
enu_velocity: 0.643903974045602 0.5912168147334278 0.6367032486834477
velocity: 0.3962165634616112 0.729430547750216 0.44084037394521625
angularVelocity: 0.43521966515593763 0.4506622548845627 0.7324763015446423
acceleration: 0.4826786650903574 0.8033424943551699 0.456235496582665
accel: 0.0
brake: 0.03370138
steer: 0.7594247643808906
linkid: A219BS010658
trafficlightid: C119BS010046
turn_signal_lamp: 0.0