position: 0.9909360461583937 0.6496580394260416 0.2905598519284047
orientation: 0.29817659953942094 0.5582592144803231 0.537794967619893
enu_velocity: 0.6393838762461242 0.5896675235923612 0.6389278732418666
velocity: 0.39222804818693324 0.7429602217126692 0.43666161201745024
angularVelocity: 0.4220263110888074 0.44316535507030497 0.7442149412244988
acceleration: 0.5062711581838542 0.6738023109587957 0.45689193645062487
accel: 0.0
brake: 0.02999414
steer: 0.8133734156646085
linkid: A219BS010658
trafficlightid: C119BS010046
turn_signal_lamp: 1.0