position: 0.9912123284851581 0.6501456837382813 0.2915407678586548
orientation: 0.29746243457585214 0.5549009526573458 0.5391799816182727
enu_velocity: 0.6380198111617073 0.5887318596336505 0.6399383415669652
velocity: 0.3905618459309365 0.7408840063042605 0.4344088196798218
angularVelocity: 0.38741805706906834 0.4388368576323723 0.7395388611830818
acceleration: 0.5100203483968311 0.6310894046583735 0.4568427501082603
accel: 0.0
brake: 0.03316759
steer: 0.8102859928501789
linkid: A219BS010658
trafficlightid: C119BS010046
turn_signal_lamp: 1.0