position: 0.9914851680414954 0.6506333280505192 0.29258518057903204
orientation: 0.29746418724230833 0.5516039833888624 0.5406324022252073
enu_velocity: 0.6351510469395558 0.5880038031398995 0.6402828991743508
velocity: 0.3883350079966429 0.7534946475442375 0.4311854126137187
angularVelocity: 0.4067754228390257 0.44086718800695074 0.7547110090910721
acceleration: 0.4834759294375758 0.8157635756707973 0.45300895327943147
accel: 0.0
brake: 0.02618924
steer: 0.7435001624959376
linkid: A219BS010658
trafficlightid: C119BS010046
turn_signal_lamp: 1.0