position: 0.9922718410840583 0.6520962609872356 0.2940696917413299
orientation: 0.2721190373474069 0.5387103818469128 0.5445926774831074
enu_velocity: 0.6334391128701637 0.5845333255957323 0.641077067475805
velocity: 0.38387335509750625 0.7248125938223404 0.42202609175627115
angularVelocity: 0.28697565149473436 0.42610935383130616 0.7155579490534648
acceleration: 0.5069660334785557 0.5737300436304406 0.4566243561833671
accel: 0.0
brake: 0.03155366
steer: 0.7305004874878129
linkid: A219BS010658
trafficlightid: C119BS010046
turn_signal_lamp: 1.0