position: 0.9925257454030474 0.652577809745571 0.29440031295889213
orientation: 0.2592624085713412 0.5339532600084327 0.5457897202072244
enu_velocity: 0.6325584539050156 0.5833177185002159 0.6426048030885231
velocity: 0.3821395973640446 0.7193102343180104 0.41996321936102143
angularVelocity: 0.2870913180827345 0.4263501268575571 0.7097358788719061
acceleration: 0.512151776354904 0.574001406681245 0.45876014215452177
accel: 0.0
brake: 0.02902588
steer: 0.7959051023724408
linkid: A219BS010658
trafficlightid: C119BS010046
turn_signal_lamp: 1.0