position: 0.9927762069516094 0.6530593585039064 0.2948301935265385
orientation: 0.24691200046024658 0.5292260004726653 0.546953772054634
enu_velocity: 0.6317222353007157 0.5822091845460764 0.6445152737654893
velocity: 0.38054743192283413 0.7140787085629222 0.4183476790614571
angularVelocity: 0.2939052429017473 0.4262937337708548 0.7046824956823331
acceleration: 0.5157925255230406 0.5735417803355537 0.4596795114316962
accel: 0.0
brake: 0.02926663
steer: 0.7938739031524213
linkid: A219BS010658
trafficlightid: C119BS010046
turn_signal_lamp: 1.0