position: 0.9930240864223512 0.6535409072622427 0.29560821166764484
orientation: 0.2407828355194444 0.524955477373497 0.5482130699879528
enu_velocity: 0.6288977068807896 0.581490118926792 0.6467072504493234
velocity: 0.3784068456313554 0.7286456068840179 0.41697176227045885
angularVelocity: 0.36532955223949104 0.4311869902260348 0.7255023907930495
acceleration: 0.48946846759748086 0.8158742014536934 0.4598312125770525
accel: 0.0
brake: 0.01995618
steer: 0.791761455963601
linkid: A219BS010658
trafficlightid: C119BS010046
turn_signal_lamp: 1.0