position: 0.014732346245722117 0.01873773269777068 0.4663693265253097
orientation: 0.6639354220829179 0.4496548302666625 0.4989793927037224
enu_velocity: 0.8915880209788505 0.994496563136066 0.5990314613483096
velocity: 0.9963891472653932 0.5056060254060784 0.5909220360324695
angularVelocity: 0.35583173418410496 0.5939488031078219 0.5049655573293045
acceleration: 0.603898959894703 0.5119716751965641 0.5354918435447856
accel: 0.07626411
brake: 0.0
steer: 0.5599610009749757
linkid: A219BS010380
trafficlightid: null
turn_signal_lamp: 0.0