position: 0.9937462075194082 0.6549733624294438 0.2990698815018522
orientation: 0.25209107563200245 0.5132874774749862 0.5525961984097632
enu_velocity: 0.6212261448421652 0.5802179101897463 0.6520382794309773
velocity: 0.3735952005168658 0.7628114698534476 0.4118110497131581
angularVelocity: 0.4584624605695126 0.430414946283165 0.7656575600593728
acceleration: 0.5322193683547031 0.7268075577816416 0.4598949585144099
accel: 0.0
brake: 0.004233389
steer: 0.7811179720506989
linkid: A219BS010658
trafficlightid: C119BS010046
turn_signal_lamp: 1.0