position: 0.9939785945232288 0.6554488156338758 0.29998657079381186
orientation: 0.2557074227990177 0.5086998010415171 0.5541246843603351
enu_velocity: 0.6199121795738328 0.5798409064763108 0.6534739959723815
velocity: 0.37269454391140255 0.7618127593612988 0.4095853763388353
angularVelocity: 0.42824218915847584 0.42613710224141904 0.7623928218596652
acceleration: 0.5428428377525565 0.6465421387569529 0.4596414680649298
accel: 0.0
brake: 0.00678667
steer: 0.8414852128696784
linkid: A219BS010658
trafficlightid: C119BS010046
turn_signal_lamp: 1.0