position: 0.9946507954490948 0.656869079693271 0.3030658001909283
orientation: 0.25936001583109525 0.49487423195440283 0.5588395300192044
enu_velocity: 0.6132926454867805 0.5787131647449013 0.6570324347702288
velocity: 0.36883017117464895 0.7844951300275833 0.4022729353618202
angularVelocity: 0.4339598823597361 0.42996494881063646 0.7863772045832862
acceleration: 0.5239228481361006 0.8358853468862448 0.45667625416124175
accel: 0.02056034
brake: 0.0
steer: 0.83019174520637
linkid: A219BS010658
trafficlightid: C119BS010046
turn_signal_lamp: 1.0