position: 0.9948668292933871 0.6573445328977048 0.30426858996254413
orientation: 0.26363271671034116 0.49047784530728517 0.5605744007566201
enu_velocity: 0.6105851245992143 0.578623869014402 0.6571667874617081
velocity: 0.3677093983824644 0.7966148078043227 0.3989025975781283
angularVelocity: 0.44344164708609324 0.42814810911076384 0.7991799283847885
acceleration: 0.5366480184102368 0.8352117724245061 0.45649254502999087
accel: 0.02925083
brake: 0.0
steer: 0.8253168670783231
linkid: A219BS010658
trafficlightid: C119BS010046
turn_signal_lamp: 1.0