position: 0.9952842652076573 0.6582893437526671 0.3056297567853985
orientation: 0.26829779443730406 0.4797395323007485 0.5641476634375979
enu_velocity: 0.6069137064334881 0.5789293544082156 0.6574952500349638
velocity: 0.3668932484443834 0.804260163641532 0.3918463479650749
angularVelocity: 0.3985703204278134 0.41483987840890474 0.8022990007961541
acceleration: 0.5717235008377632 0.6713281906409053 0.45759436709447565
accel: 0.01854524
brake: 0.0
steer: 0.8706532336691584
linkid: A219BS010658
trafficlightid: C119BS010046
turn_signal_lamp: 1.0