position: 0.9956853479623994 0.6592341546076295 0.3066566531498789
orientation: 0.2678969903356164 0.46899501876835026 0.5677917304586186
enu_velocity: 0.6022601852721542 0.5784561074703747 0.649814256304397
velocity: 0.3648406587711523 0.819310428654034 0.37683726616434093
angularVelocity: 0.41954400474906206 0.4282713995272732 0.819387015754216
acceleration: 0.5206913582878419 0.8315032770394883 0.44226673867584854
accel: 0.04721113
brake: 0.0
steer: 0.8601722456938578
linkid: A219BS010658
trafficlightid: C119BS010046
turn_signal_lamp: 1.0