position: 0.9960683561723999 0.6601789654625909 0.307950673941793
orientation: 0.27682452036023836 0.4606692448500712 0.5717264131261164
enu_velocity: 0.5974133562120789 0.579012315658977 0.6369426993445829
velocity: 0.3640586604951107 0.8367471400362418 0.3582551083494143
angularVelocity: 0.44809434706325824 0.43257408807574815 0.8375933552602156
acceleration: 0.5672691964248331 0.7684292427672833 0.4393438417757261
accel: 0.04959208
brake: 0.0
steer: 0.8473350666233346
linkid: A219BS010658
trafficlightid: C119BS010046
turn_signal_lamp: 1.0