position: 0.9962534050828495 0.6606544186670238 0.3081929835317063
orientation: 0.2796949579797313 0.4566546538011218 0.5737040572585711
enu_velocity: 0.5960862139591145 0.57928306358326 0.6293834192602891
velocity: 0.36413419300312494 0.8344804753247135 0.34823268942508667
angularVelocity: 0.42090335031485104 0.43313231868798063 0.8328746364924628
acceleration: 0.5797981557790437 0.6669300255866235 0.4386331486825803
accel: 0.03949607
brake: 0.0
steer: 0.840103997400065
linkid: A219BS010658
trafficlightid: C119BS010046
turn_signal_lamp: 1.0