position: 0.9964332898376587 0.6611298718714567 0.30827034743691906
orientation: 0.27904073276346497 0.45289503265182657 0.5756364896413854
enu_velocity: 0.5950649209406492 0.5794712589328936 0.622937847315666
velocity: 0.3642324101917639 0.8293348107582302 0.3397107078049423
angularVelocity: 0.38889881506771506 0.4362319200645025 0.8253052709696016
acceleration: 0.5785395210323862 0.6395881345332267 0.44143733221248377
accel: 0.03256878
brake: 0.0
steer: 0.8808904777380566
linkid: A219BS010658
trafficlightid: C119BS010046
turn_signal_lamp: 1.0