position: 0.9966088711294342 0.6616053250758887 0.3084382125142682
orientation: 0.2766896626142368 0.4498133712986067 0.5775518237625175
enu_velocity: 0.5933625329403308 0.579515191614947 0.6169076224034975
velocity: 0.363908592607901 0.8308349081912457 0.3319790128871755
angularVelocity: 0.3870665744597923 0.4439915693590153 0.827868155901859
acceleration: 0.5453141288518647 0.8160330054554928 0.4424160432258651
accel: 0.02730955
brake: 0.0
steer: 0.8744718882027951
linkid: A219BS010658
trafficlightid: C119BS010046
turn_signal_lamp: 1.0