position: 0.9967810096507828 0.662074682726419 0.3089907075731966
orientation: 0.27653393548929855 0.44778583497706653 0.5795429492166833
enu_velocity: 0.5908002998147551 0.5794647201150995 0.6132345435159274
velocity: 0.3631846770855469 0.8401851209626912 0.32689677964490726
angularVelocity: 0.4051391345890145 0.45233495342461627 0.8393260741067012
acceleration: 0.5438310101041628 0.8260985707946706 0.4478060418057193
accel: 0.05394053
brake: 0.0
steer: 0.868215794605135
linkid: A219BS010658
trafficlightid: C119BS010046
turn_signal_lamp: 1.0