position: 0.9969488447090975 0.662550135930851 0.30970814831682425
orientation: 0.2776247661816466 0.4463417895202275 0.5815956722546015
enu_velocity: 0.5883487499507781 0.5795977441895963 0.609945671854121
velocity: 0.3627571581045424 0.848386454496485 0.32257910932953376
angularVelocity: 0.41283201455318236 0.45612804277987445 0.8478986396163941
acceleration: 0.5594436201723942 0.8037365124002143 0.4493294590230702
accel: 0.06255464
brake: 0.0
steer: 0.8613097172570687
linkid: A219BS010658
trafficlightid: C119BS010046
turn_signal_lamp: 1.0