position: 0.9971106549191651 0.6630255891352848 0.3103248700140422
orientation: 0.27736996823011983 0.4449007374207009 0.5836551907554961
enu_velocity: 0.5866615163351141 0.5798319156018441 0.6080450485014384
velocity: 0.362745441840923 0.8490936609532465 0.3198607602552845
angularVelocity: 0.3925046100249731 0.45495029485374544 0.8462146082457942
acceleration: 0.577787155616896 0.696786543485906 0.4533194562988712
accel: 0.05979185
brake: 0.0
steer: 0.8538349041273969
linkid: A219BS010658
trafficlightid: C119BS010046
turn_signal_lamp: 1.0