position: 0.9977148611290985 0.6649395930608213 0.3131975523812023
orientation: 0.2546210948332766 0.4393490930269883 0.5916255015969613
enu_velocity: 0.5803112495821464 0.5801310665159197 0.6147993075813984
velocity: 0.3621860525736494 0.848978826030215 0.32452975630428693
angularVelocity: 0.3750380869725533 0.4639765192523417 0.8456584207666858
acceleration: 0.547840519725308 0.8273496701479777 0.4651655678428114
accel: 0.0741045
brake: 0.0
steer: 0.8786967825804356
linkid: A219BS010658
trafficlightid: C119BS010046
turn_signal_lamp: 1.0