position: 0.9978551540239975 0.6654150462652533 0.31501706385003647
orientation: 0.2539122225610309 0.43935693277233057 0.5937267245117666
enu_velocity: 0.5777755749844579 0.5802358919386799 0.6185609944343318
velocity: 0.3618482751863251 0.8578068049055358 0.32819247313609445
angularVelocity: 0.4014918580131433 0.4677369278638134 0.856626092778497
acceleration: 0.5611331156646115 0.8276832352686657 0.46711201832926297
accel: 0.08448861
brake: 0.0
steer: 0.8716282092947678
linkid: A219BS010658
trafficlightid: C119BS010046
turn_signal_lamp: 1.0