position: 0.9979911434558628 0.6658965950235887 0.3172372619600221
orientation: 0.25379860640972884 0.4397043403966112 0.5958511835257811
enu_velocity: 0.575945523652176 0.5805078658912992 0.6235973038618566
velocity: 0.3619514780190574 0.8596114798882533 0.3333699279472689
angularVelocity: 0.39786137680724265 0.47012034492636096 0.8569885219523499
acceleration: 0.5821134074848301 0.7167315589428287 0.470186673625858
accel: 0.08584305
brake: 0.0
steer: 0.8638284042898929
linkid: A219BS010658
trafficlightid: C119BS010046
turn_signal_lamp: 1.0