position: 0.9981228294246945 0.6663781437819258 0.31971947556030456
orientation: 0.251425423753191 0.4400980381536173 0.5979413912143103
enu_velocity: 0.5747874559197476 0.5808519711777086 0.6289169415449545
velocity: 0.36234459605581787 0.854980805784288 0.3390866228519558
angularVelocity: 0.3741765544897111 0.47017401766505373 0.8503267663414653
acceleration: 0.5908387277265748 0.654772574257365 0.4709421975236666
accel: 0.07571436
brake: 0.0
steer: 0.8557848553786156
linkid: A219BS010658
trafficlightid: C119BS010046
turn_signal_lamp: 1.0