position: 0.9982484905452789 0.6668596925402612 0.32248924933656786
orientation: 0.2465017319596957 0.4405735187086257 0.5999804137220346
enu_velocity: 0.5738505416286174 0.5811411095270371 0.6342572164190533
velocity: 0.36273148203746164 0.8483972313123388 0.34504267966749186
angularVelocity: 0.352013206798778 0.47103014395115134 0.8419716583360841
acceleration: 0.589797545251013 0.6327569080507952 0.4705276978515088
accel: 0.07123632
brake: 0.0
steer: 0.8975463113422166
linkid: A219BS010658
trafficlightid: C119BS010046
turn_signal_lamp: 1.0