position: 0.9983707088954363 0.6673412412985966 0.32559548311569264
orientation: 0.23966091216278967 0.4412379371263826 0.6019646889111033
enu_velocity: 0.573026402211006 0.581385089165976 0.6393659938948385
velocity: 0.363089451283364 0.8410129924231917 0.35099864928378904
angularVelocity: 0.3364486303033456 0.47252759084646634 0.8333150052916641
acceleration: 0.5898027065727681 0.620258680211395 0.47005925331503845
accel: 0.06918464
brake: 0.0
steer: 0.8905589860253496
linkid: A219BS010658
trafficlightid: C119BS010046
turn_signal_lamp: 1.0