position: 0.99848862378256 0.667822790056932 0.3293622294817786
orientation: 0.2358896798734842 0.44274017487478495 0.60399894363432
enu_velocity: 0.5705631481844826 0.581336661046689 0.6436223180403878
velocity: 0.3626886054982588 0.8495007065881148 0.3563011478035819
angularVelocity: 0.37838101966370247 0.4811476190322545 0.8463578941982476
acceleration: 0.5572034466667225 0.8230972518775697 0.4674455871873274
accel: 0.08908068
brake: 0.0
steer: 0.883734156646084
linkid: A219BS010658
trafficlightid: C119BS010046
turn_signal_lamp: 1.0