position: 0.9987132645529199 0.6687858875736037 0.33839774973214576
orientation: 0.23900259618687714 0.44761286168665126 0.6082541091041175
enu_velocity: 0.5659402835421167 0.5816321338757555 0.650298256332404
velocity: 0.3625512510034871 0.862563974093948 0.3656726244093341
angularVelocity: 0.4279439957986713 0.48818981059738314 0.8618873149689991
acceleration: 0.5839866391802176 0.757596661771105 0.46528286742852004
accel: 0.1075544
brake: 0.0
steer: 0.868947026324342
linkid: A219BS010658
trafficlightid: C119BS010046
turn_signal_lamp: 1.0