position: 0.9988174083583358 0.6692674363319391 0.34306001979348233
orientation: 0.24050829929125056 0.4499410878772734 0.610382239860224
enu_velocity: 0.5646525682590817 0.5820520485809642 0.6531205156299568
velocity: 0.3630839670748613 0.8589979080610406 0.3699146929845596
angularVelocity: 0.40987738729679457 0.4856109472138481 0.8565593582137903
acceleration: 0.5978789099105751 0.6672721523143651 0.46470821093919346
accel: 0.09913231
brake: 0.0
steer: 0.860822229444264
linkid: A219BS010658
trafficlightid: C119BS010046
turn_signal_lamp: 1.0