position: 0.9990127855800663 0.6702427249564167 0.35228019162893354
orientation: 0.23574903290755944 0.45389253334101143 0.6144864802894034
enu_velocity: 0.5628042805255589 0.5828573448599068 0.6562482215121935
velocity: 0.36426481687837065 0.8454772442233175 0.3761060133467155
angularVelocity: 0.3620480482984504 0.4829721558686274 0.8395766509937945
acceleration: 0.599022135066766 0.6268863153605051 0.4590519024307393
accel: 0.08994255
brake: 0.0
steer: 0.8881215469613261
linkid: A219BS010658
trafficlightid: C119BS010046
turn_signal_lamp: 1.0