position: 0.9991918096422687 0.6712180135808934 0.36174340290246
orientation: 0.2378093013611316 0.45879600897094924 0.6186826786772457
enu_velocity: 0.5579107481748683 0.5830739431993333 0.6475408170245066
velocity: 0.3641957657076778 0.8617179057148747 0.3707255587073236
angularVelocity: 0.4413882017785268 0.4874263564724242 0.8609759369835321
acceleration: 0.579603474985479 0.8210522859490833 0.43961591180274706
accel: 0.1197855
brake: 0.0
steer: 0.8734156646083848
linkid: A219BS010658
trafficlightid: C119BS010046
turn_signal_lamp: 1.0