position: 0.9992744361325161 0.6717056578931331 0.3657780035441429
orientation: 0.24312707207636622 0.4609333729976933 0.6208342647410444
enu_velocity: 0.5561487390068918 0.5835130656818117 0.6383775720860941
velocity: 0.3647394501960573 0.8627376398313941 0.36297973751285095
angularVelocity: 0.44921575834863 0.48345751643125334 0.8612771845430848
acceleration: 0.6009792808710606 0.7131425885021607 0.43375055084320563
accel: 0.1175124
brake: 0.0
steer: 0.8652908677283069
linkid: A219BS010658
trafficlightid: C119BS010046
turn_signal_lamp: 1.0