position: 0.9994259180313028 0.6726870420715123 0.3714868758703438
orientation: 0.24910037618365513 0.46347173999869423 0.6250175846305042
enu_velocity: 0.554117950888543 0.5845958530408875 0.6171191379022165
velocity: 0.3663493146737992 0.8504368762144897 0.34402105338424604
angularVelocity: 0.41492336629550597 0.4747993313135072 0.8461790098672952
acceleration: 0.6066844826155569 0.6311446101461489 0.4311945270477333
accel: 0.09957704
brake: 0.0
steer: 0.8839779005524864
linkid: A219BS010658
trafficlightid: C119BS010046
turn_signal_lamp: 1.0