position: 0.16121907777837235 0.20441440013654066 0.9311337169415275
orientation: 0.8745094431139036 0.5330986208605075 0.5006790804795997
enu_velocity: 0.8888890404137948 0.9994824117039935 0.5880222694949642
velocity: 0.9997282823969126 0.5144565313599158 0.7240859121781584
angularVelocity: 0.4046964689178557 0.47644476184227935 0.5205247498470211
acceleration: 0.5890932143844058 0.5144677610998627 0.45787484890078656
accel: 0.02795518
brake: 0.0
steer: 0.565404614884628
linkid: A219BS010380
trafficlightid: null
turn_signal_lamp: 0.0