position: 0.9995593253853479 0.6736745218037958 0.37493540843762885
orientation: 0.25250951119686443 0.46552593145439813 0.6290829155539326
enu_velocity: 0.5509397423140934 0.5851400052841822 0.5945078231919657
velocity: 0.3671485134219628 0.8502580870727854 0.3234381090321844
angularVelocity: 0.43965002059737357 0.47927061834141227 0.8492752755180629
acceleration: 0.5761149025933738 0.8139772991597352 0.42907264164761083
accel: 0.1110077
brake: 0.0
steer: 0.868947026324342
linkid: A219BS010658
trafficlightid: C119BS010046
turn_signal_lamp: 1.0