position: 0.999675518887258 0.6746620015360794 0.3771147350505202
orientation: 0.2652546559313377 0.4690049966260586 0.6332865122280795
enu_velocity: 0.5473975438305205 0.5858088037416751 0.5724358097184563
velocity: 0.3681366680812643 0.8527028342495688 0.3036566128850827
angularVelocity: 0.4545306992664887 0.48170706139676317 0.8516266525357299
acceleration: 0.608641521843886 0.672047488380457 0.43248420386041103
accel: 0.1128837
brake: 0.0
steer: 0.8531849203769907
linkid: A219BS010658
trafficlightid: C119BS010046
turn_signal_lamp: 1.0