position: 0.9997262997510559 0.6751557414022198 0.3773855087187661
orientation: 0.2694698006896616 0.47051186695125413 0.6353377008066161
enu_velocity: 0.5463860713306147 0.5863382436449333 0.5627996005774464
velocity: 0.36897051705587663 0.8465637592643074 0.2952621165522467
angularVelocity: 0.4346578407144095 0.4806173340087598 0.844024762589059
acceleration: 0.6090169965827178 0.6411405625620257 0.43501087055570326
accel: 0.1032763
brake: 0.0
steer: 0.8451413714657134
linkid: A219BS010658
trafficlightid: C119BS010046
turn_signal_lamp: 1.0