position: 0.9998872492685168 0.6771550830823996 0.3772701927091089
orientation: 0.27832371510937975 0.4799726221838565 0.6432855975806837
enu_velocity: 0.5405860672735353 0.5874606725868852 0.5432130571390767
velocity: 0.3709672675152623 0.8412253486962438 0.2824456596142829
angularVelocity: 0.4336518703447928 0.5028337615694558 0.8399900483195928
acceleration: 0.5991283913043147 0.7111987354598442 0.45696545451740733
accel: 0.1172188
brake: 0.0
steer: 0.8429476763080924
linkid: A219BS010658
trafficlightid: C119BS010046
turn_signal_lamp: 1.0