position: 0.9999406122101347 0.678154753922489 0.3791758262611049
orientation: 0.2796056948578067 0.4886490821653775 0.6472055384776925
enu_velocity: 0.5385094392724259 0.5883217531551328 0.5499870018910095
velocity: 0.3724335454431158 0.8303667350435021 0.2951040243320756
angularVelocity: 0.39012052045374657 0.506845181438393 0.8257236262868342
acceleration: 0.6044782611674484 0.6307945969201537 0.47485405338698405
accel: 0.1022542
brake: 0.0
steer: 0.827591810204745
linkid: A219BS010658
trafficlightid: C119BS010046
turn_signal_lamp: 1.0