position: 0.9999604081400899 0.6786606848964354 0.3805647273141295
orientation: 0.27685947250449383 0.49295053662344157 0.6490892517751368
enu_velocity: 0.5376598391248709 0.5886942614313351 0.5583372097261043
velocity: 0.37309912892957764 0.8235193935868053 0.30645361567284235
angularVelocity: 0.37116383001754505 0.5056938016720031 0.8175133907911654
acceleration: 0.6041106958877663 0.621792558091578 0.4795951296475383
accel: 0.09981303
brake: 0.0
steer: 0.8743093922651934
linkid: A219BS010658
trafficlightid: C119BS010046
turn_signal_lamp: 1.0