position: 0.9999759006070114 0.6791666158703835 0.3822878988255285
orientation: 0.27247539960975886 0.4970648349790621 0.6509216702875342
enu_velocity: 0.5368626059848057 0.5890624786083598 0.5683887066540444
velocity: 0.37375598753887623 0.8165072198482801 0.319447174265063
angularVelocity: 0.35769089098844825 0.5036788117944366 0.8095030615101307
acceleration: 0.6044777663504659 0.6155555347567492 0.4835473491381401
accel: 0.09824958
brake: 0.0
steer: 0.8678908027299319
linkid: A219BS010658
trafficlightid: C119BS010046
turn_signal_lamp: 1.0