position: 0.9999879503035056 0.6796725468443316 0.38466720383491415
orientation: 0.27155206962444006 0.5015134272031181 0.6528093293376742
enu_velocity: 0.5344401545849514 0.5888763266392868 0.5789581261610103
velocity: 0.3736994004784167 0.8257433043731435 0.332636931144865
angularVelocity: 0.4031537275508709 0.5079010908997046 0.8234289686911764
acceleration: 0.5735295447607636 0.8228772277823229 0.48362338180117426
accel: 0.1170617
brake: 0.0
steer: 0.8617972050698735
linkid: A219BS010658
trafficlightid: C119BS010046
turn_signal_lamp: 1.0