position: 0.999996557229573 0.6801723822643755 0.38768293644190255
orientation: 0.2746584631276199 0.506327173384093 0.6547739305653841
enu_velocity: 0.5319508466084777 0.5887825354715541 0.5881461375239428
velocity: 0.37379487556280433 0.8350594200059043 0.344501521190723
angularVelocity: 0.43508802938788127 0.5105690610963347 0.8351933899264917
acceleration: 0.5839426309190578 0.8277946282206525 0.47914163719426917
accel: 0.1306171
brake: 0.0
steer: 0.855297367565811
linkid: A219BS010658
trafficlightid: C119BS010046
turn_signal_lamp: 1.0