position: 1.0 0.6806783132383236 0.39107454085252114
orientation: 0.27990726551436856 0.5111098813005539 0.6568000197726052
enu_velocity: 0.529579159840233 0.5888957387546128 0.5968360645819304
velocity: 0.3741832572376761 0.8426597252194628 0.35583811984489
angularVelocity: 0.44873904676808657 0.5096499218993392 0.8435700156146981
acceleration: 0.5948043074960205 0.7977613392194638 0.4791074773615569
accel: 0.1361306
brake: 0.0
steer: 0.8482287942801432
linkid: A219BS010658
trafficlightid: C119BS010046
turn_signal_lamp: 1.0