position: 0.9999819254552584 0.6822022017140696 0.40171499721198023
orientation: 0.2805209083712481 0.5218302341632155 0.6627638605660873
enu_velocity: 0.5256814657443574 0.5902836028313899 0.6246402943892154
velocity: 0.3767249385964646 0.8327793284418368 0.3910217047625608
angularVelocity: 0.35452654536719747 0.4917690364310812 0.826607735319412
acceleration: 0.6126868942774035 0.6430029729336608 0.48169417821350125
accel: 0.1227765
brake: 0.0
steer: 0.8854403639909003
linkid: A219BS010658
trafficlightid: C119BS010046
turn_signal_lamp: 1.0