position: 0.9999664329883371 0.6827081326880169 0.40568464136720994
orientation: 0.27711700967493563 0.5246407115980052 0.6647472041191029
enu_velocity: 0.5232415245822359 0.5901317796557354 0.6334249873564665
velocity: 0.376872264379423 0.8413083831790511 0.40173421846374124
angularVelocity: 0.37007838476811794 0.49301442021059394 0.8378399657541614
acceleration: 0.5836564965282879 0.8182148343497813 0.47847628380459756
accel: 0.1421074
brake: 0.0
steer: 0.8791030224244395
linkid: A219BS010658
trafficlightid: C119BS010046
turn_signal_lamp: 1.0