position: 0.16306973902139027 0.20678557060480074 0.9325269970835268
orientation: 0.8710684348674091 0.533762932372646 0.5006607217691397
enu_velocity: 0.8889331909832605 0.9995535213475033 0.5890460949928376
velocity: 0.9998342273338964 0.5147594676535638 0.7262278742831132
angularVelocity: 0.4014278474195526 0.47013442383868065 0.5208034395371457
acceleration: 0.5887777853057626 0.516261182103234 0.45681322984239886
accel: 0.02637046
brake: 0.0
steer: 0.565404614884628
linkid: A219BS010380
trafficlightid: null
turn_signal_lamp: 0.0