position: 0.9998183938599773 0.6852621697733667 0.4242578174036673
orientation: 0.2697291158227764 0.5298768418768978 0.6752392893502108
enu_velocity: 0.5131443063919967 0.5914172703664251 0.654893249439277
velocity: 0.3804970769174913 0.8563298511262392 0.428692037575896
angularVelocity: 0.359586958592203 0.4553983528056188 0.850389038713881
acceleration: 0.619727690795719 0.6627967026458742 0.4691932156791088
accel: 0.1499149
brake: 0.0
steer: 0.8976275593110173
linkid: A219BS010658
trafficlightid: C119BS010046
turn_signal_lamp: 1.0