position: 0.9996118276343591 0.6873163714386727 0.4337159197400573
orientation: 0.2812501043468947 0.5197999539308055 0.6840197399431123
enu_velocity: 0.5038756869973505 0.5916600239770275 0.6629984052182022
velocity: 0.3830529673619459 0.8768626887024873 0.43061809436527243
angularVelocity: 0.46641591547771183 0.4356851186423786 0.8786767596828828
acceleration: 0.6109470949294962 0.7695025123253386 0.4623859768479667
accel: 0.1787529
brake: 0.0
steer: 0.868215794605135
linkid: A219BS010658
trafficlightid: C119BS010046
turn_signal_lamp: 1.0