position: 0.9994766988951006 0.68835261560218 0.4358974358974361
orientation: 0.2926166992180795 0.5092154068385955 0.6884634795105009
enu_velocity: 0.500832093338736 0.5927338204616365 0.6647530870957682
velocity: 0.3854513114530507 0.8691927758586604 0.425741825725345
angularVelocity: 0.42695068602450037 0.41225773469006566 0.8674079392713476
acceleration: 0.6269283208119262 0.6742630727147414 0.45297881056671135
accel: 0.1660107
brake: 0.0
steer: 0.9130646733831655
linkid: A219BS010658
trafficlightid: C119BS010046
turn_signal_lamp: 1.0