position: 0.9993209135332801 0.6893888597656863 0.43569234856380445
orientation: 0.29967147766983676 0.4952596623435934 0.6929518828063224
enu_velocity: 0.49601618672383857 0.5925744367779077 0.654611770362193
velocity: 0.38669398324331755 0.8801259438768163 0.4067759040599094
angularVelocity: 0.4234918189986196 0.4057629575933309 0.8802729354452656
acceleration: 0.6085342911975103 0.805027351112426 0.43744978401221235
accel: 0.1878288
brake: 0.0
steer: 0.8990900227494314
linkid: A219BS010658
trafficlightid: C119BS010046
turn_signal_lamp: 1.0