position: 0.9989396267084932 0.6914735392005067 0.4295791403556404
orientation: 0.2902124347384707 0.4651898201904516 0.7021880130334789
enu_velocity: 0.4861242090186829 0.5926714973545374 0.6210684714888095
velocity: 0.3901490346000073 0.9012460295825362 0.35682382004169866
angularVelocity: 0.3503484723710235 0.40634768184260917 0.8981430239721859
acceleration: 0.5578826476819347 1.0 0.4418071521593134
accel: 0.189114
brake: 0.0
steer: 0.9707507312317194
linkid: A219BS010658
trafficlightid: C119BS010046
turn_signal_lamp: 1.0