position: 0.9988303187474368 0.6919916612822608 0.42778152433167804
orientation: 0.2853336437299604 0.45863087542587627 0.7046441344824316
enu_velocity: 0.4826695548071362 0.5917957044462532 0.6155188714050758
velocity: 0.390238526911483 0.9162496539493762 0.34759517578930565
angularVelocity: 0.35135374659913843 0.4121773216617928 0.9132147229737159
acceleration: 0.5759037679932583 0.9415943430792448 0.44400530876878774
accel: 0.2343052
brake: 0.0
steer: 0.9640071498212546
linkid: A219BS010658
trafficlightid: C119BS010046
turn_signal_lamp: 1.0