position: 0.9985910462027624 0.6930340009996696 0.42318931969393114
orientation: 0.2722750318894951 0.44398391483812916 0.7097075216294381
enu_velocity: 0.4769561642803483 0.5915088138155412 0.6157413473258097
velocity: 0.3920936850786175 0.9306761003261488 0.34017818292481944
angularVelocity: 0.3280982217409581 0.3973906097802749 0.9250269392464585
acceleration: 0.6150955643844439 0.8388209961291717 0.4613597649014717
accel: 0.2403997
brake: 0.0
steer: 0.9480825479363018
linkid: A219BS010658
trafficlightid: C119BS010046
turn_signal_lamp: 1.0