position: 0.998461942311751 0.6935582186353262 0.4202473017513437
orientation: 0.2632656035558097 0.4353114816348976 0.7122623965000298
enu_velocity: 0.47453211050461375 0.5916886313048764 0.6175522944983708
velocity: 0.3933690128376958 0.9326630978328176 0.3375641241403245
angularVelocity: 0.31157763641600345 0.38899237779137713 0.9254613584559386
acceleration: 0.6226588115105087 0.8039870698252758 0.46354673686925774
accel: 0.2381132
brake: 0.0
steer: 0.9396327591810205
linkid: A219BS010658
trafficlightid: C119BS010046
turn_signal_lamp: 1.0