position: 0.9981830779071664 0.6946066539066393 0.41422021562634104
orientation: 0.24314246663121822 0.4167721587551282 0.7173794349232763
enu_velocity: 0.46972032915528034 0.5918749876120054 0.6261937120391035
velocity: 0.39579328227808597 0.9361067321708624 0.33647195367278837
angularVelocity: 0.32291831697464557 0.38790527825668286 0.9301622284545275
acceleration: 0.5998450766090877 0.8891492831265149 0.465725248394305
accel: 0.2355699
brake: 0.0
steer: 0.960513487162821
linkid: A219BS010658
trafficlightid: C119BS010046
turn_signal_lamp: 1.0