position: 0.9980341780862 0.6951308715422959 0.41224305695443153
orientation: 0.23806074575704744 0.40902071745358226 0.7199929480630987
enu_velocity: 0.46706445932002333 0.5917630103572831 0.6277058463303951
velocity: 0.3968861354633478 0.9400673003316609 0.3336731197010112
angularVelocity: 0.36228037596231044 0.4002889563120284 0.9358010512726717
acceleration: 0.6148092861161206 0.8300293917822075 0.46291797966535775
accel: 0.2508101
brake: 0.0
steer: 0.9520636984075399
linkid: A219BS010658
trafficlightid: C119BS010046
turn_signal_lamp: 1.0