position: 0.9975504688412107 0.6967157155570716 0.41082715151939775
orientation: 0.23955665561173803 0.3938578303519019 0.7278641766702002
enu_velocity: 0.46046732440219024 0.5926723147067616 0.6273776081720045
velocity: 0.40143354144089 0.934855738186269 0.3244360171224425
angularVelocity: 0.4300042074486376 0.43772360145682737 0.934643657752231
acceleration: 0.6318643866515126 0.7576839656136402 0.456860487935361
accel: 0.2334196
brake: 0.0
steer: 0.980825479363016
linkid: A219BS010658
trafficlightid: C119BS010046
turn_signal_lamp: 1.0