position: 0.9973757482420418 0.6972399331927281 0.4119912593384072
orientation: 0.24379059184546814 0.39194518193483197 0.7304623452162051
enu_velocity: 0.4584896516349604 0.5930440056307396 0.6258100793153947
velocity: 0.40299903368620105 0.9306815770686319 0.321665610102555
angularVelocity: 0.4449929525235321 0.4520027361222995 0.9315496727775232
acceleration: 0.6333071054957419 0.7459372259288424 0.45433947558295557
accel: 0.2289695
brake: 0.0
steer: 0.9725381865453365
linkid: A219BS010658
trafficlightid: C119BS010046
turn_signal_lamp: 1.0