position: 0.9971958634872327 0.6977702463822881 0.414111468250145
orientation: 0.25225933161179326 0.39212806181254334 0.7331109317133243
enu_velocity: 0.4554783270991252 0.5924783978915582 0.6193821104727955
velocity: 0.4038351262006555 0.9382193414164164 0.31508503233783774
angularVelocity: 0.4861135835184292 0.47211610558592704 0.9425158573919039
acceleration: 0.6057825758954094 0.8846783750990416 0.43172755084336467
accel: 0.2474471
brake: 0.0
steer: 0.9645758856028601
linkid: A219BS010658
trafficlightid: C119BS010046
turn_signal_lamp: 1.0