position: 0.9970090931915695 0.6983005595718472 0.41670388892294863
orientation: 0.26179622220514925 0.39417569639032457 0.7357918514617015
enu_velocity: 0.45277687478404155 0.5922744685116077 0.6067111893790369
velocity: 0.40504314776447353 0.9415145737000818 0.30367945908568106
angularVelocity: 0.489144514768336 0.4877581973428209 0.946115260013432
acceleration: 0.6228482731267941 0.8406020558904164 0.4259988928270236
accel: 0.2490844
brake: 0.0
steer: 0.9563698407539813
linkid: A219BS010658
trafficlightid: C119BS010046
turn_signal_lamp: 1.0