position: 0.16584616123222057 0.21034537408414256 0.9340107783976623
orientation: 0.8655213358773135 0.5334625632204191 0.500636389627515
enu_velocity: 0.8889913197252983 0.9996174791590509 0.5913496597242283
velocity: 0.9999431636573358 0.5150239872487301 0.7279656679156504
angularVelocity: 0.3953066484190894 0.4668902862280769 0.520886325254749
acceleration: 0.5875659176152562 0.5163141528121044 0.4623289308815225
accel: 0.02484954
brake: 0.0
steer: 0.5654858628534287
linkid: A219BS010380
trafficlightid: null
turn_signal_lamp: 0.0