position: 0.9968145766624458 0.6988308727614072 0.41939337940134935
orientation: 0.27015520530012116 0.39756684950853344 0.7384777034009484
enu_velocity: 0.450263428890053 0.5923461911692858 0.5922066731645242
velocity: 0.40654582089420854 0.9421613593204176 0.2916201531393034
angularVelocity: 0.4740738162438882 0.4995366947628282 0.9459925993053456
acceleration: 0.6308444470496347 0.8123334092319288 0.4219777970629224
accel: 0.2419073
brake: 0.0
steer: 0.9478388040298994
linkid: A219BS010658
trafficlightid: C119BS010046
turn_signal_lamp: 1.0