position: 0.9961879924447371 0.7004279078839897 0.4268407500503595
orientation: 0.28526033167965936 0.41630177403459234 0.7464234628923059
enu_velocity: 0.4435809418867704 0.5931159326264736 0.528840846952473
velocity: 0.41152647934346265 0.934307003923291 0.2433962708373481
angularVelocity: 0.4323522659597133 0.5398681197655797 0.935033950837945
acceleration: 0.6363422215150991 0.7597048424326748 0.4027235628260233
accel: 0.2222158
brake: 0.0
steer: 0.979769255768606
linkid: A219BS010658
trafficlightid: C119BS010046
turn_signal_lamp: 1.0