position: 0.9959650730595907 0.7009643166274522 0.4293185845616678
orientation: 0.2920117221223584 0.42626509257883993 0.7491010945134364
enu_velocity: 0.44041036846292436 0.5921880335138934 0.5060777200742328
velocity: 0.4122436642462906 0.9433575858801806 0.22789922209558955
angularVelocity: 0.4703265094891354 0.5609376596474661 0.9474294252230276
acceleration: 0.5999783270161698 0.9151578496434505 0.40130066584638546
accel: 0.2447839
brake: 0.0
steer: 0.9723756906077349
linkid: A219BS010658
trafficlightid: C119BS010046
turn_signal_lamp: 1.0