position: 0.9957352681335905 0.7015007253709138 0.43172927304203634
orientation: 0.30086253233488924 0.4378826686607177 0.7518242118948113
enu_velocity: 0.4375088237214362 0.5915758366979298 0.4859974100729241
velocity: 0.4132739475981809 0.9484583764921253 0.21608634991833792
angularVelocity: 0.479078767645944 0.573018041127159 0.9532581391131084
acceleration: 0.6137648949427421 0.8719389186107243 0.41537254494093356
accel: 0.2508405
brake: 0.0
steer: 0.9648196295092624
linkid: A219BS010658
trafficlightid: C119BS010046
turn_signal_lamp: 1.0