position: 0.9954985776667363 0.7020310385604738 0.43364293492381867
orientation: 0.30867054937095173 0.44972888022494073 0.754566510018458
enu_velocity: 0.4347614479954875 0.5911845293205699 0.47432451574413903
velocity: 0.4145378083758445 0.9511926843440603 0.21283882354274813
angularVelocity: 0.466894493635469 0.5729897191065012 0.9553786720495909
acceleration: 0.6201044520587051 0.8514596465989553 0.4361619678608137
accel: 0.2503279
brake: 0.0
steer: 0.9569385765355867
linkid: A219BS010658
trafficlightid: C119BS010046
turn_signal_lamp: 1.0