position: 0.9950028187252524 0.7030977604934954 0.43583393910730805
orientation: 0.3185298294073725 0.47162952955541226 0.7600434339688426
enu_velocity: 0.42968786570180917 0.5907515369797732 0.46963720733833014
velocity: 0.4173811212022805 0.951239678327947 0.22409367291042284
angularVelocity: 0.4194826119535146 0.5635194448597146 0.9528922393452515
acceleration: 0.6279952756397033 0.8097856406813198 0.46523505320457564
accel: 0.2521056
brake: 0.0
steer: 0.9924439389015276
linkid: A219BS010658
trafficlightid: C119BS010046
turn_signal_lamp: 1.0