position: 0.994743750250623 0.7036341692369579 0.4370812496168299
orientation: 0.3225330930530011 0.48247040068510816 0.7628399861920577
enu_velocity: 0.42620597110029873 0.5894147574170117 0.47566911985028476
velocity: 0.418015544413159 0.9629150332871108 0.23749357995603415
angularVelocity: 0.43336379781143824 0.5667330979379059 0.9665583477751358
acceleration: 0.5930815001632896 0.9632711660417819 0.47371230709753226
accel: 0.2775064
brake: 0.0
steer: 0.9849691257718558
linkid: A219BS010658
trafficlightid: C119BS010046
turn_signal_lamp: 1.0