position: 0.16677149185372953 0.21152791154132178 0.9347048640000932
orientation: 0.8627091193078724 0.533443534020361 0.5006291009454518
enu_velocity: 0.8888380712235623 0.9993142414838541 0.5934314217794806
velocity: 0.9995101604678287 0.5153087266238056 0.7296590771355748
angularVelocity: 0.3907663714695203 0.4696959473339478 0.5210547085598433
acceleration: 0.5659122331699422 0.5184446597973323 0.46104662992099193
accel: 0.03333004
brake: 0.0
steer: 0.5654858628534287
linkid: A219BS010380
trafficlightid: null
turn_signal_lamp: 0.0