position: 0.9942023746009819 0.7047008911699812 0.44028090396074004
orientation: 0.3292493109129831 0.5030981248184385 0.7685733840676755
enu_velocity: 0.419883319761437 0.5878006911121733 0.4971409007581811
velocity: 0.4203877138727738 0.9754191430523369 0.2734960529264501
angularVelocity: 0.4112892999608707 0.5567897383941558 0.9776797175214127
acceleration: 0.6238573191424898 0.8935792243245383 0.49003404374017095
accel: 0.2894423
brake: 0.0
steer: 0.9693695157621061
linkid: A219BS010658
trafficlightid: C119BS010046
turn_signal_lamp: 1.0