position: 0.9936282926322846 0.7057676131030028 0.4449709082522473
orientation: 0.3251137083018064 0.5209532161058588 0.7743413072793822
enu_velocity: 0.4142700606806109 0.5870552658836569 0.5390785184525572
velocity: 0.4235747868594461 0.9775229188422732 0.3292441831567694
angularVelocity: 0.3425529880343986 0.5478397647623156 0.9759242910741577
acceleration: 0.632907278148806 0.8412025958547092 0.5183916825578273
accel: 0.289932
brake: 0.0
steer: 0.995937601559961
linkid: A219BS010658
trafficlightid: C119BS010046
turn_signal_lamp: 1.0