position: 0.9930223650371378 0.7068282394821219 0.4553245342838874
orientation: 0.3155742519493084 0.5399352707862295 0.780178829184475
enu_velocity: 0.40786350621321255 0.5850425360314403 0.6007666729921737
velocity: 0.42592128025198006 0.9899952281672753 0.40524494702210234
angularVelocity: 0.35385243559639246 0.5590455335635662 0.9897549056598347
acceleration: 0.608969143974233 0.936172605680611 0.534329804915231
accel: 0.3172208
brake: 0.0
steer: 0.9800129996750082
linkid: A219BS010658
trafficlightid: C119BS010046
turn_signal_lamp: 1.0