position: 0.99270735154307 0.7073646482255835 0.46294998788452046
orientation: 0.31141659103700103 0.5501776842646617 0.7831578724698752
enu_velocity: 0.40473144095014757 0.5843453345841547 0.6295128707311131
velocity: 0.42749325383461256 0.9937570435766732 0.4420157324866869
angularVelocity: 0.34498776206189463 0.5607645368148626 0.9929307966530383
acceleration: 0.630240442990613 0.895266536022885 0.5288098272177214
accel: 0.3181323
brake: 0.0
steer: 0.9717257068573286
linkid: A219BS010658
trafficlightid: C119BS010046
turn_signal_lamp: 1.0