position: 0.9906365251312472 0.7105526229168433 0.5245520921827422
orientation: 0.2969822021599933 0.5984913621685818 0.8011335161057132
enu_velocity: 0.3870630990051803 0.5812095627758181 0.7435006313238988
velocity: 0.4383971067489681 0.9969902650019018 0.597135853798268
angularVelocity: 0.42679595518837704 0.5009163607709183 0.9992162407140538
acceleration: 0.6520896882424634 0.8322264106244941 0.45445992557036824
accel: 0.3160802
brake: 0.0
steer: 0.9553136171595711
linkid: A219BS010658
trafficlightid: C119BS010046
turn_signal_lamp: 1.0