position: 0.9902612631547075 0.7110829361064033 0.5326898991933717
orientation: 0.3044577499333083 0.599947416689877 0.8041388644090861
enu_velocity: 0.3844658863550705 0.5811135238894687 0.738473289514386
velocity: 0.44061148057302846 0.9918635040304408 0.594041501605774
angularVelocity: 0.4575015557997576 0.4764584567940405 0.9955880817422063
acceleration: 0.6540050105928897 0.8055145034850957 0.44542976743165297
accel: 0.3082585
brake: 0.0
steer: 0.9738381540461489
linkid: A219BS010658
trafficlightid: C119BS010046
turn_signal_lamp: 1.0