position: 0.989878254944707 0.7116193448498667 0.5391067242370897
orientation: 0.31454862044912923 0.5988694517053155 0.8071124274824087
enu_velocity: 0.3820191947583899 0.5811022852963852 0.7302115011361676
velocity: 0.44284031276495933 0.9850834735055516 0.5856483132615218
angularVelocity: 0.48017694998988303 0.45590253854931745 0.9900944289132607
acceleration: 0.6554940366941049 0.7853721721380144 0.43773088699313484
accel: 0.3008283
brake: 0.0
steer: 0.9652258693532663
linkid: A219BS010658
trafficlightid: C119BS010046
turn_signal_lamp: 1.0