position: 0.9890872784391106 0.7126799712289857 0.5476787909043401
orientation: 0.3462107821004836 0.5917634352566745 0.8130924349015198
enu_velocity: 0.37626905186566845 0.5796915353573291 0.7043436484578839
velocity: 0.4464736008979863 0.983945547752866 0.5541452338203992
angularVelocity: 0.5458247000949736 0.4316270929166626 0.9940791666290685
acceleration: 0.6456447274966752 0.8451062590564311 0.4207565035280206
accel: 0.3060061
brake: 0.0
steer: 0.9711569710757233
linkid: A219BS010658
trafficlightid: C119BS010046
turn_signal_lamp: 1.0