position: 0.9886793101435146 0.7132102844185448 0.549734773177788
orientation: 0.3669329370548453 0.5861783294044329 0.8161098396714636
enu_velocity: 0.3731237925714196 0.5786158998302156 0.6845814958992222
velocity: 0.44815151941760245 0.9867927471675966 0.5294922649915111
angularVelocity: 0.5838428617382654 0.42185732226408384 0.9994223939978951
acceleration: 0.6343505755482762 0.9067909501051635 0.4006791572699297
accel: 0.3104887
brake: 0.0
steer: 0.9626259343516413
linkid: A219BS010658
trafficlightid: C119BS010046
turn_signal_lamp: 1.0