position: 0.9878366920815136 0.7142770063515664 0.547328463786394
orientation: 0.4150603267794208 0.5691019386407363 0.8221517734870519
enu_velocity: 0.3673915485582112 0.5772552127148947 0.6352243188156066
velocity: 0.4520914246623703 0.9834070602984047 0.46578964578797155
angularVelocity: 0.6088531221755111 0.3913296256581733 0.9975134681358317
acceleration: 0.6489485443626263 0.8429035631628725 0.39610383889408657
accel: 0.3052745
brake: 0.0
steer: 0.9633571660708484
linkid: A219BS010658
trafficlightid: C119BS010046
turn_signal_lamp: 1.0