position: 0.9874029030077154 0.7148073195411264 0.5432150395431736
orientation: 0.44028199210743574 0.5583176562183292 0.8251752064902811
enu_velocity: 0.3643480571789082 0.5762329094204135 0.6104982351117344
velocity: 0.45388800151140807 0.9844096575110255 0.4317695603152776
angularVelocity: 0.6186367789915205 0.38367995543046063 0.9998623661577816
acceleration: 0.6379742421116658 0.8904582270292697 0.39588493288976445
accel: 0.3096275
brake: 0.0
steer: 0.9546636334091649
linkid: A219BS010658
trafficlightid: C119BS010046
turn_signal_lamp: 1.0