position: 0.9865069220040963 0.7158618503663421 0.5289808108321146
orientation: 0.48583979212002604 0.5325689035218131 0.8311765867364949
enu_velocity: 0.3585718330617534 0.574843614977244 0.5513526650881025
velocity: 0.4580517621759672 0.9804778864155409 0.35195496333708
angularVelocity: 0.5704201443460879 0.3586244675728996 0.9924847757436019
acceleration: 0.653744165917463 0.8493236944162978 0.3759457208527809
accel: 0.2977737
brake: 0.0
steer: 0.9371953201169971
linkid: A219BS010658
trafficlightid: C119BS010046
turn_signal_lamp: 1.0