position: 0.9850893612807913 0.7174405988272152 0.49811772158920053
orientation: 0.5128369989117567 0.49196351268485045 0.8399049205125381
enu_velocity: 0.3503494287444755 0.5729093509385554 0.4884411981886668
velocity: 0.4642898000655635 0.9709370476718633 0.2598486744407695
angularVelocity: 0.424550520174525 0.3839375065651519 0.9760520089335072
acceleration: 0.6458235239038472 0.8586500156195627 0.4070906938787584
accel: 0.2846871
brake: 0.0
steer: 0.9246831329216771
linkid: A219BS010658
trafficlightid: C119BS010046
turn_signal_lamp: 1.0