position: 0.9845987664949479 0.7179648164628718 0.48803851846661805
orientation: 0.5146125765129251 0.4818888341215365 0.8427562748565295
enu_velocity: 0.3476596533174551 0.5721751643031225 0.47292111494331907
velocity: 0.46628281129187915 0.9678766086385189 0.23774453936566042
angularVelocity: 0.40684398512705156 0.4035532663714724 0.9714796500728973
acceleration: 0.6472753397679841 0.8324875549830087 0.4250247173742985
accel: 0.2794393
brake: 0.0
steer: 0.9163958401039975
linkid: A219BS010658
trafficlightid: C119BS010046
turn_signal_lamp: 1.0