position: 0.9840987040904305 0.7184890340985284 0.47910517695898536
orientation: 0.5161124253499605 0.4746561701504119 0.8455763919916784
enu_velocity: 0.34511255752998193 0.5715737974041303 0.4652707224237667
velocity: 0.46831271628448556 0.9630816322600626 0.22562890271093713
angularVelocity: 0.4078468152100033 0.4290197103338449 0.9661611135014138
acceleration: 0.649462506955985 0.8096094986580679 0.438583546951561
accel: 0.2721645
brake: 0.0
steer: 0.9083522911927203
linkid: A219BS010658
trafficlightid: C119BS010046
turn_signal_lamp: 1.0