position: 0.9830727585031933 0.719531373815939 0.46500232091715654
orientation: 0.5200715723933278 0.4682069461854222 0.851104281914385
enu_velocity: 0.3403057708203603 0.5704164266545917 0.45991025918839734
velocity: 0.472224452640126 0.9513720034931017 0.21731315601077433
angularVelocity: 0.4166800675180758 0.47302448707565814 0.9549672579203664
acceleration: 0.6398493091974297 0.8170553349859179 0.4620243310882945
accel: 0.2546906
brake: 0.0
steer: 0.9012837179070524
linkid: A219BS010658
trafficlightid: C119BS010046
turn_signal_lamp: 1.0