position: 0.9809227483715504 0.7216099576968551 0.4485530030332492
orientation: 0.5378270954428431 0.47142248900796424 0.8617687746174553
enu_velocity: 0.331236323338315 0.5677054736648093 0.49138127529043324
velocity: 0.47934669450967754 0.9272882934276087 0.2534251425053562
angularVelocity: 0.45715065458338416 0.4964455792373059 0.9320363492167215
acceleration: 0.6408829361982983 0.7637763622314678 0.47907640272788854
accel: 0.228284
brake: 0.0
steer: 0.8765030874228146
linkid: A219BS010658
trafficlightid: C119BS010046
turn_signal_lamp: 1.0