position: 0.9803650195623811 0.7221219842247066 0.44523292374254453
orientation: 0.5448300278525803 0.47200366358426876 0.8643335138697866
enu_velocity: 0.32907788893455475 0.5670080678794676 0.4981225003550243
velocity: 0.481041564219211 0.9211029311349099 0.26094677445655257
angularVelocity: 0.46147709751833205 0.4893595566564098 0.9259367306746664
acceleration: 0.6363567462966755 0.7866963059887675 0.46804263363404486
accel: 0.2189781
brake: 0.0
steer: 0.8691095222619436
linkid: A219BS010658
trafficlightid: C119BS010046
turn_signal_lamp: 1.0