position: 0.9797995445197513 0.7226401063064598 0.4424397948250842
orientation: 0.5496052669903666 0.47248277893029944 0.8668631797648212
enu_velocity: 0.3269828677039267 0.5661894896268809 0.5138452481768088
velocity: 0.48257091054484536 0.9152769138167436 0.2772415218359974
angularVelocity: 0.4336797848540264 0.4914146383260037 0.9198851054896963
acceleration: 0.6323685747063261 0.774095246804434 0.4956183335249656
accel: 0.2150426
brake: 0.0
steer: 0.8620409489762757
linkid: A219BS010658
trafficlightid: C119BS010046
turn_signal_lamp: 1.0