position: 0.9792263232436605 0.7231521328343096 0.44078303949646314
orientation: 0.5521859147628794 0.47347796333108777 0.8693511960480658
enu_velocity: 0.32493319030139844 0.5653735677690228 0.5345035970112249
velocity: 0.48407009372371496 0.9093786388316235 0.2989648578347208
angularVelocity: 0.41929551550999444 0.4977270216097018 0.9132906794024905
acceleration: 0.6328852778245105 0.7684422846418272 0.512866409132062
accel: 0.2086657
brake: 0.0
steer: 0.855297367565811
linkid: A219BS010658
trafficlightid: C119BS010046
turn_signal_lamp: 1.0