position: 0.9786453557341094 0.7236641593621611 0.44024076231180853
orientation: 0.5550532409476945 0.4748026664826939 0.8717953706346893
enu_velocity: 0.32296755239982217 0.5645987178604335 0.5546550555013868
velocity: 0.48554036016684304 0.902912019312054 0.32047760767144023
angularVelocity: 0.4247051362620491 0.49826838807191215 0.9063041753526544
acceleration: 0.6307316820656249 0.75577218023932 0.5074777114247943
accel: 0.2007019
brake: 0.0
steer: 0.8509912252193697
linkid: A219BS010658
trafficlightid: C119BS010046
turn_signal_lamp: 1.0