position: 0.9780575026837041 0.7241700903361092 0.4407370590622324
orientation: 0.5583727550781974 0.4762001367251587 0.8741967995671073
enu_velocity: 0.3210931135510031 0.5638461407999549 0.5770941426642999
velocity: 0.4869535409851024 0.8959309393373035 0.34425221856663635
angularVelocity: 0.4291877558654703 0.4987357982095464 0.8994602631364709
acceleration: 0.6291850821053625 0.746244246998988 0.5108442042866138
accel: 0.1932617
brake: 0.0
steer: 0.8441663958401041
linkid: A219BS010658
trafficlightid: C119BS010046
turn_signal_lamp: 1.0