position: 0.170471867577898 0.21627634803174534 0.9360580024931613
orientation: 0.8524084997890657 0.5311552548957783 0.5006032343444453
enu_velocity: 0.8888805171378362 0.9993969983965594 0.5917275833337672
velocity: 0.9996310623370924 0.51576094125063 0.7240757970664432
angularVelocity: 0.3907621563709761 0.4595924640480628 0.5211872451902276
acceleration: 0.589791643987555 0.5167601039237938 0.45965532442537776
accel: 0.02940601
brake: 0.0
steer: 0.5654858628534287
linkid: A219BS010380
trafficlightid: null
turn_signal_lamp: 0.0