position: 0.9762526302873649 0.7256878832579519 0.4477392223321859
orientation: 0.5705369468955073 0.4795793520493236 0.8811544768208677
enu_velocity: 0.315729075059207 0.5614341343861919 0.6416496934223643
velocity: 0.49084309122452746 0.8757256462953635 0.4119169095892131
angularVelocity: 0.43654101822552005 0.4928638044217486 0.8795554149248828
acceleration: 0.624367148110903 0.7311908550989433 0.5049758535465556
accel: 0.1722167
brake: 0.0
steer: 0.8252356191095224
linkid: A219BS010658
trafficlightid: C119BS010046
turn_signal_lamp: 1.0