position: 0.9750166757040826 0.7266936496519438 0.45618064617836884
orientation: 0.5785545105648204 0.48048854869778973 0.885567691606984
enu_velocity: 0.3124856276259148 0.5598911777248634 0.6791177120599292
velocity: 0.49320279657390886 0.8611954951496379 0.45054094047867144
angularVelocity: 0.43576390628711403 0.4906700237223811 0.8650346479315407
acceleration: 0.621322386966673 0.7161267228316273 0.49970541120057665
accel: 0.1575195
brake: 0.0
steer: 0.8129671758206046
linkid: A219BS010658
trafficlightid: C119BS010046
turn_signal_lamp: 1.0