position: 0.9743883701011604 0.7271873895180851 0.4616596163334177
orientation: 0.5826790948666676 0.4811243520450474 0.8877044262960525
enu_velocity: 0.3109630296086675 0.5591494305813561 0.6945335770418926
velocity: 0.494318583722 0.8536098534724048 0.4667865074873626
angularVelocity: 0.4375161403467167 0.4915487162058244 0.8576534877635282
acceleration: 0.620199517819882 0.7075846018729973 0.4902899085206678
accel: 0.150065
brake: 0.0
steer: 0.8071173220669484
linkid: A219BS010658
trafficlightid: C119BS010046
turn_signal_lamp: 1.0