position: 0.9737549003425978 0.7276872249381299 0.4676940009400443
orientation: 0.5870021460587662 0.48173927316152976 0.8897940311612533
enu_velocity: 0.30949140078165266 0.5584027793245034 0.7062425572809967
velocity: 0.49538227088931563 0.8460814525875753 0.47938514072649174
angularVelocity: 0.44060010074927014 0.49108126663246515 0.8501794148360355
acceleration: 0.6182654609372442 0.7044752655479092 0.4822185984386031
accel: 0.1425811
brake: 0.0
steer: 0.8015924601884954
linkid: A219BS010658
trafficlightid: C119BS010046
turn_signal_lamp: 1.0