position: 0.9724707469733379 0.7286747046704134 0.4807903963659399
orientation: 0.5972915629672346 0.48276984332197653 0.8938356875685062
enu_velocity: 0.3067129832846626 0.5568788261023885 0.7204521474797043
velocity: 0.4973251763924932 0.8312195168488449 0.4952957754584718
angularVelocity: 0.4531998411879387 0.4894907593133738 0.835878386023065
acceleration: 0.614308173539167 0.6954258923864298 0.46702217860535333
accel: 0.1288347
brake: 0.0
steer: 0.7885927851803706
linkid: A219BS010658
trafficlightid: C119BS010046
turn_signal_lamp: 1.0