position: 0.9718200633626405 0.7291623489826522 0.48752397551213456
orientation: 0.6036989862938592 0.4829448121839335 0.8957893831741818
enu_velocity: 0.30543415095983173 0.5561137844204902 0.7257723058052894
velocity: 0.49818519999859556 0.823608611488545 0.5011250445806109
angularVelocity: 0.4620763147033883 0.4858230576381801 0.8285917251717918
acceleration: 0.6126416451675032 0.6815257090637039 0.4697892029801751
accel: 0.1236029
brake: 0.0
steer: 0.7833116672083199
linkid: A219BS010658
trafficlightid: C119BS010046
turn_signal_lamp: 1.0