position: 0.9711642155963026 0.7296560888487926 0.49416705348619283
orientation: 0.6110107132369538 0.48253522112500624 0.8976959489559895
enu_velocity: 0.3042132769115194 0.5553722416150391 0.7304887881435702
velocity: 0.4990078312739979 0.8158865812565732 0.5058215083898747
angularVelocity: 0.47102158000406213 0.48065028434950235 0.8213633702997869
acceleration: 0.6106041334726942 0.6800927906358727 0.46605398589427915
accel: 0.116607
brake: 0.0
steer: 0.7782742931426716
linkid: A219BS010658
trafficlightid: C119BS010046
turn_signal_lamp: 1.0