position: 0.17139728426866763 0.21745888548892367 0.9360886561159816
orientation: 0.8496074858299627 0.5300137523387385 0.5005969869026767
enu_velocity: 0.888902166258771 0.9994568694469856 0.5916824669692736
velocity: 0.9997113312069953 0.5159253813270288 0.7220983799253399
angularVelocity: 0.3927394430332492 0.45905255670767625 0.5212988642530701
acceleration: 0.5898134699840212 0.5174499029377667 0.4556977510012187
accel: 0.02822776
brake: 0.0
steer: 0.5654858628534287
linkid: A219BS010380
trafficlightid: null
turn_signal_lamp: 0.0