position: 0.970504064366931 0.7301437331610323 0.5001810023442723
orientation: 0.6204288561607237 0.48099000731804586 0.8995597690835919
enu_velocity: 0.303000244277089 0.5546394853459986 0.7276391681856561
velocity: 0.4998332046536516 0.8084516383321799 0.5020597332226484
angularVelocity: 0.49728979108487537 0.468104909783609 0.8148646334472646
acceleration: 0.610966529818052 0.6787132671767625 0.44014588220551026
accel: 0.1093099
brake: 0.0
steer: 0.7735619109522263
linkid: A219BS010658
trafficlightid: C119BS010046
turn_signal_lamp: 1.0