position: 0.969838748981919 0.7306252819193677 0.504956398870779
orientation: 0.6330121340170443 0.4777469541163936 0.9013857757478586
enu_velocity: 0.3018755127815899 0.5539116331903036 0.7204367077369808
velocity: 0.5005753177769463 0.8006985143364335 0.4924245661183869
angularVelocity: 0.5243335879477251 0.45406081849205676 0.8091184205346518
acceleration: 0.6066969139406692 0.66645137344748 0.43696663230009386
accel: 0.1029117
brake: 0.0
steer: 0.7857491062723433
linkid: A219BS010658
trafficlightid: C119BS010046
turn_signal_lamp: 1.0