position: 0.9684952078227939 0.731594474989941 0.5130489552953406
orientation: 0.6628765947186848 0.4693356557034717 0.9049676423617984
enu_velocity: 0.29936268056347043 0.5516038391851326 0.7160062197028711
velocity: 0.5015973748160826 0.7929863775747535 0.48011900952128483
angularVelocity: 0.5579124322839829 0.4484117835380227 0.8055565003283677
acceleration: 0.5943013298396717 0.750490067615215 0.44692901672639074
accel: 0.102166
brake: 0.0
steer: 0.7768930776730583
linkid: A219BS010658
trafficlightid: C119BS010046
turn_signal_lamp: 1.0