position: 0.9671344528115338 0.7325514769527111 0.5199394517964482
orientation: 0.6973842483059304 0.4593457889306786 0.9085237519789733
enu_velocity: 0.2967871170342955 0.5490545175976956 0.7138177259377444
velocity: 0.5025152318936679 0.7873942701613466 0.46818047452081835
angularVelocity: 0.5556775503163045 0.43989375657187396 0.8006129862289804
acceleration: 0.5983588747709568 0.7156584428185915 0.452925094706864
accel: 0.09668402
brake: 0.0
steer: 0.7683620409489764
linkid: A219BS010658
trafficlightid: C119BS010046
turn_signal_lamp: 1.0