position: 0.9664476201113531 0.733026930157143 0.5226172647042509
orientation: 0.7119302957684271 0.4530711062051726 0.9102648153560366
enu_velocity: 0.2955636860031956 0.5478697655486446 0.7120697136699712
velocity: 0.5029963465486759 0.783933322250291 0.4607439490268129
angularVelocity: 0.5324758425511521 0.43174163577236124 0.7961020073023279
acceleration: 0.5981928522545004 0.7104843476024739 0.44927518973576547
accel: 0.09320918
brake: 0.0
steer: 0.7850178745531362
linkid: A219BS010658
trafficlightid: C119BS010046
turn_signal_lamp: 1.0