position: 0.9650610443218909 0.7339656454582029 0.5268051334600345
orientation: 0.7370971405806899 0.43852641865893593 0.9137518743010332
enu_velocity: 0.2925863352453315 0.5442650379016444 0.7126793142097159
velocity: 0.5035148535343841 0.7883864438963384 0.447044599794733
angularVelocity: 0.5193876555751946 0.4245820440540069 0.8005341541651738
acceleration: 0.5872100832282164 0.7867757847065763 0.4570429454935977
accel: 0.09856924
brake: 0.0
steer: 0.7771368215794606
linkid: A219BS010658
trafficlightid: C119BS010046
turn_signal_lamp: 1.0