position: 0.9643613012326092 0.7344350031087323 0.5287903204617312
orientation: 0.7484450234788644 0.43080362806309536 0.9155137624839917
enu_velocity: 0.29114982231526615 0.5425927352508281 0.715376152527423
velocity: 0.5038571180013923 0.7891959417691539 0.4423664478256434
angularVelocity: 0.5059525070847698 0.4225755543677037 0.8005275104566518
acceleration: 0.5930644845491494 0.760799439291455 0.45878797335342214
accel: 0.09759015
brake: 0.0
steer: 0.7730744231394215
linkid: A219BS010658
trafficlightid: C119BS010046
turn_signal_lamp: 1.0