position: 0.9622362511865615 0.7358186938447089 0.5348451408169046
orientation: 0.7703912985061283 0.40619370528316157 0.9207468169969217
enu_velocity: 0.2869752922162547 0.5376160818954234 0.7265082967970972
velocity: 0.5048657138014765 0.7908704116160648 0.4308179550208886
angularVelocity: 0.4551899605685564 0.4196444044829098 0.7994070043924828
acceleration: 0.5865106270320801 0.7978428125769088 0.4650585591452536
accel: 0.09763706
brake: 0.0
steer: 0.7772180695482613
linkid: A219BS010658
trafficlightid: C119BS010046
turn_signal_lamp: 1.0