position: 0.9607997552259082 0.7367330269301569 0.5400358209478098
orientation: 0.7798314852760478 0.3890204223940757 0.9242519606417745
enu_velocity: 0.28431500732405107 0.5342500210979043 0.7462005216837722
velocity: 0.5054455442095328 0.7912099696500132 0.4347151506061655
angularVelocity: 0.44946688183304007 0.4148827199464821 0.7983317152101954
acceleration: 0.5923437752404239 0.7401668868953404 0.47725960216517366
accel: 0.09643985
brake: 0.0
steer: 0.7691745206369842
linkid: A219BS010658
trafficlightid: C119BS010046
turn_signal_lamp: 1.0