position: 0.958613596004782 0.7380801443427156 0.5501456776932128
orientation: 0.7957673791695483 0.36137576982735736 0.9294466536701611
enu_velocity: 0.2805497649365724 0.5295240905372885 0.7718090405438667
velocity: 0.5064356931264716 0.7886563943000184 0.4353329572139495
angularVelocity: 0.4618259715094528 0.41436044754528745 0.7964106918490321
acceleration: 0.5930998312293462 0.7490094312699349 0.45801225969042736
accel: 0.09315616
brake: 0.0
steer: 0.7694182645433865
linkid: A219BS010658
trafficlightid: C119BS010046
turn_signal_lamp: 1.0