position: 0.9578768431334104 0.7385251197776341 0.5543415747787828
orientation: 0.8002668534057489 0.35291451085548153 0.9311701803685761
enu_velocity: 0.27930349152590345 0.5280459090397317 0.7726222302492926
velocity: 0.5068612178498388 0.7871191963534081 0.4288285043848137
angularVelocity: 0.4465662170179058 0.4203523474473793 0.7940511837254128
acceleration: 0.595974694298262 0.7307167446008174 0.4526220852224214
accel: 0.08905939
brake: 0.0
steer: 0.7653558661033475
linkid: A219BS010658
trafficlightid: C119BS010046
turn_signal_lamp: 1.0