position: 0.17324820371946764 0.21983615151108804 0.9361550722987593
orientation: 0.8448984143680778 0.5278997293719907 0.5005849304361061
enu_velocity: 0.8889635338456732 0.9995298181330001 0.5911797866478901
velocity: 0.9998347258983057 0.5158967397305336 0.7180584391859427
angularVelocity: 0.39454350138520683 0.4615867107342968 0.521261998413641
acceleration: 0.5885868103107679 0.5156732471874047 0.46165681549889503
accel: 0.02646869
brake: 0.0
steer: 0.565404614884628
linkid: A219BS010380
trafficlightid: null
turn_signal_lamp: 0.0