position: 0.9563912876941727 0.7394028795396634 0.5627749702951799
orientation: 0.8054944973139393 0.33726563081299293 0.9345536633053056
enu_velocity: 0.27699078582729225 0.5254299732460184 0.757580779028377
velocity: 0.5078084902275749 0.7811638572449972 0.40130668059529173
angularVelocity: 0.43360466277107923 0.42665700849911575 0.7866662554839103
acceleration: 0.5984090035375608 0.7026842325884838 0.42459038814189437
accel: 0.07945888
brake: 0.0
steer: 0.7664120896977576
linkid: A219BS010658
trafficlightid: C119BS010046
turn_signal_lamp: 1.0