position: 0.9541336909866869 0.7407073280749019 0.5742000134292065
orientation: 0.8175922323557261 0.31980142210129686 0.9395423003595733
enu_velocity: 0.27362102344429334 0.5211251834189476 0.7124366768574952
velocity: 0.5088911228424453 0.7748332729419418 0.34258575391153984
angularVelocity: 0.4492480256547268 0.4538592660868181 0.7814809897221828
acceleration: 0.5939696144309947 0.6995417545586722 0.415875321063465
accel: 0.07088453
brake: 0.0
steer: 0.7547123821904453
linkid: A219BS010658
trafficlightid: C119BS010046
turn_signal_lamp: 1.0