position: 0.9526102650727524 0.7415607056213185 0.581659791496977
orientation: 0.824319580551141 0.31430672276693405 0.9427641170400126
enu_velocity: 0.2716487373874694 0.5184773708884884 0.6815878913638158
velocity: 0.5095063513235644 0.7684551646476626 0.30836406379845116
angularVelocity: 0.44216903922145373 0.4771378339533705 0.7746669246144342
acceleration: 0.5886806238043509 0.7239609001532497 0.4142508683483546
accel: 0.06358974
brake: 0.0
steer: 0.753737406564836
linkid: A219BS010658
trafficlightid: C119BS010046
turn_signal_lamp: 1.0