position: 0.9518425272675379 0.7419873943945285 0.5854155901406273
orientation: 0.8276612108026988 0.313503540856619 0.9443539265637334
enu_velocity: 0.2706530482899837 0.5170296357612849 0.6664642773724646
velocity: 0.509742670853589 0.7663907860697818 0.2930839667631381
angularVelocity: 0.4426461409472344 0.4880205919015512 0.7726001363051004
acceleration: 0.5892733498424579 0.7070709054497851 0.4152085363958864
accel: 0.06328958
brake: 0.0
steer: 0.7500000000000001
linkid: A219BS010658
trafficlightid: C119BS010046
turn_signal_lamp: 1.0