position: 0.95107306807711 0.7424079876138343 0.589368447788122
orientation: 0.8313447013568385 0.31411279597533126 0.9459267474300136
enu_velocity: 0.26973321634852976 0.5156740570973657 0.6550565696015523
velocity: 0.509966775555585 0.7634322851142669 0.28273803866239855
angularVelocity: 0.44779240524921293 0.501255676503729 0.769571695977155
acceleration: 0.588852756168655 0.6935400373273793 0.42823893816990766
accel: 0.06119151
brake: 0.0
steer: 0.7464250893727657
linkid: A219BS010658
trafficlightid: C119BS010046
turn_signal_lamp: 1.0