position: 0.9502993054236485 0.7428285808331401 0.593950434551596
orientation: 0.8350169893006398 0.31651011883058366 0.9474781954691909
enu_velocity: 0.26889844670114277 0.5144124739392353 0.649085231150004
velocity: 0.5101664506015235 0.7595591681640846 0.27934956343701034
angularVelocity: 0.44275705311827407 0.5181601154964832 0.7659058562704064
acceleration: 0.5889889610137505 0.6832817591125879 0.4452913851223751
accel: 0.059186
brake: 0.0
steer: 0.7473188170295744
linkid: A219BS010658
trafficlightid: C119BS010046
turn_signal_lamp: 1.0