position: 0.9495220999997599 0.7432430784985424 0.5996782829300193
orientation: 0.8368918003469339 0.32137717527988596 0.94900717463885
enu_velocity: 0.2680215720705203 0.513050356457522 0.644219854036981
velocity: 0.5103454352244747 0.7569031247289233 0.27913304772675945
angularVelocity: 0.4257865729604106 0.5401122269031233 0.762701605566198
acceleration: 0.5862943814673531 0.7078063137402439 0.4410774214796965
accel: 0.05616852
brake: 0.0
steer: 0.7436626584335393
linkid: A219BS010658
trafficlightid: C119BS010046
turn_signal_lamp: 1.0