position: 0.947959942918522 0.744072073829348 0.6143620981091091
orientation: 0.8358882632853382 0.33816171370561376 0.9520114268998074
enu_velocity: 0.2662807781887323 0.5103226477471423 0.6339587895313518
velocity: 0.5107036537525818 0.7521618557606232 0.2845291110299189
angularVelocity: 0.3985185955842444 0.5803924858452636 0.7560343961647357
acceleration: 0.589147617608481 0.6866826196921872 0.43591209854443813
accel: 0.05282583
brake: 0.0
steer: 0.7365940851478714
linkid: A219BS010658
trafficlightid: C119BS010046
turn_signal_lamp: 1.0