position: 0.9471732698759594 0.7444804759408479 0.6231246551467433
orientation: 0.8339361180902569 0.3499524768891434 0.953479027694197
enu_velocity: 0.26547754466239226 0.5090882415504682 0.6271434537016873
velocity: 0.5109053230561577 0.7488696268518678 0.28876097729419015
angularVelocity: 0.39156367151148 0.5990238941057573 0.7519936331457195
acceleration: 0.5886776655600529 0.6771333591511305 0.43629585595746373
accel: 0.04944813
brake: 0.0
steer: 0.7359441013974651
linkid: A219BS010658
trafficlightid: C119BS010046
turn_signal_lamp: 1.0