position: 0.9463840147555764 0.7448888780523477 0.6326674198699704
orientation: 0.8314881670440741 0.36371568436558066 0.9549208714918218
enu_velocity: 0.2647251098607656 0.5078967463455671 0.6206576845664152
velocity: 0.5110813162926529 0.7452592168717589 0.2950980075845898
angularVelocity: 0.3869860591926824 0.6152200387975832 0.7478702699894066
acceleration: 0.5878421130359914 0.6702179435326725 0.4373864102071107
accel: 0.0467516
brake: 0.0
steer: 0.7323691907702309
linkid: A219BS010658
trafficlightid: C119BS010046
turn_signal_lamp: 1.0