position: 0.9431994521106287 0.7464859131749293 0.6757759015814351
orientation: 0.817978541725134 0.4301691075832573 0.9604838347718251
enu_velocity: 0.26197430777788144 0.5029560564880297 0.6175059752702
velocity: 0.5113829477603004 0.7329580999166299 0.3523450055327917
angularVelocity: 0.3713436410725016 0.6409210536221893 0.7341290975692057
acceleration: 0.5829846058630483 0.6603723255718326 0.46520551162857643
accel: 0.04174316
brake: 0.0
steer: 0.7202632434189147
linkid: A219BS010658
trafficlightid: C119BS010046
turn_signal_lamp: 1.0