position: 0.9423972866011446 0.7468821241786232 0.687256413175803
orientation: 0.8144273142478917 0.4474406723707703 0.9618188144339361
enu_velocity: 0.26140017990930897 0.5017827473701182 0.6251923998405039
velocity: 0.5113707329322716 0.7294526313892605 0.37548846833664834
angularVelocity: 0.37775931175320177 0.6401601950849464 0.7312772608961529
acceleration: 0.5791309727264492 0.6573509068245521 0.4771854301634186
accel: 0.04061336
brake: 0.0
steer: 0.7170133246668834
linkid: A219BS010658
trafficlightid: C119BS010046
turn_signal_lamp: 1.0