position: 0.9415925390138403 0.7472722396284146 0.6995769800050797
orientation: 0.813346443037509 0.4651071821475029 0.9631389975234375
enu_velocity: 0.2608553721100342 0.5006390672703358 0.6402418671604033
velocity: 0.5113438104541675 0.7257819772418382 0.4060204970531017
angularVelocity: 0.40436631042326554 0.6435048823220042 0.7288905829794732
acceleration: 0.5810187946715062 0.6518847503355598 0.4896198319139033
accel: 0.04154201
brake: 0.0
steer: 0.713844653883653
linkid: A219BS010658
trafficlightid: C119BS010046
turn_signal_lamp: 1.0