position: 0.9375403982212961 0.7492045302156605 0.7692460960421794
orientation: 0.8473026390964884 0.5489984796595668 0.9694916593638275
enu_velocity: 0.2583258342710358 0.49547503591752184 0.7135995946888003
velocity: 0.5113754692941603 0.7053399475893412 0.5515875057442499
angularVelocity: 0.48785145105341127 0.6172399366303751 0.7141388727451178
acceleration: 0.5863350006889375 0.6378751226703376 0.45969374310501754
accel: 0.03415628
brake: 0.0
steer: 0.6970263243418915
linkid: A219BS010391
trafficlightid: C119BS010007
turn_signal_lamp: 1.0