position: 0.935083120829046 0.7503322076877117 0.8033475215816104
orientation: 0.8645506838976786 0.5791393071432622 0.9730077634328357
enu_velocity: 0.25677135920170324 0.49253665467134167 0.6991636147741103
velocity: 0.5115970811741096 0.6951461928071291 0.5646475973557703
angularVelocity: 0.44137233969716316 0.5462074842552869 0.7011805671724048
acceleration: 0.5851644855387834 0.6331324219773692 0.4346940651425466
accel: 0.02584927
brake: 0.0
steer: 0.6877640558986027
linkid: A219BS010391
trafficlightid: C119BS010007
turn_signal_lamp: 1.0