position: 0.9342594380043934 0.7507040364757938 0.8113568753156593
orientation: 0.8675945415389539 0.584256166387334 0.9741251786754647
enu_velocity: 0.2563044541446902 0.49158198727341723 0.6906754366799095
velocity: 0.511631980682763 0.691853840229995 0.5612134297291853
angularVelocity: 0.43010117001496706 0.52710983817371 0.6971465470217394
acceleration: 0.584446901950873 0.6305475531295283 0.43234799391293416
accel: 0.02373336
brake: 0.0
steer: 0.6830516737081573
linkid: A219BS010391
trafficlightid: C119BS010007
turn_signal_lamp: 1.0