position: 0.9334340337945273 0.7510758652638767 0.818041554634974
orientation: 0.8692597553595636 0.5877224028847982 0.9752151928577055
enu_velocity: 0.25608830386637965 0.4905439499486192 0.6807728165735225
velocity: 0.5113054209946488 0.6880764072710647 0.5548449205135337
angularVelocity: 0.41626730762684216 0.5133531157270029 0.6926722572317014
acceleration: 0.5684982456834831 0.618277189853483 0.42707818769046935
accel: 0.0288215
brake: 0.0
steer: 0.6800454988625285
linkid: A219BS010391
trafficlightid: C119BS010007
turn_signal_lamp: 0.0