position: 0.01659269888749198 0.02109671205822483 0.4860358151090245
orientation: 0.6553995389294685 0.47416689877064233 0.4987742683656567
enu_velocity: 0.8920421411219257 0.9948228910115982 0.679494908565305
velocity: 0.9970150948813129 0.5078593409994773 0.71093155818936
angularVelocity: 0.4050788418500381 0.5712077620978946 0.5060918741594345
acceleration: 0.5989615923058244 0.49348199331396797 0.5642256540025608
accel: 0.06845786
brake: 0.0
steer: 0.5603672408189796
linkid: A219BS010380
trafficlightid: null
turn_signal_lamp: 0.0