position: 0.9326077688920543 0.7514415984980554 0.8233928013616048
orientation: 0.8694252648929488 0.5896680851379239 0.9762745178523116
enu_velocity: 0.2557746473111025 0.4895939823259843 0.6694678728576684
velocity: 0.5111588430583044 0.6845395799762521 0.5459321991037662
angularVelocity: 0.40417687578578887 0.49916656180348895 0.688087999191649
acceleration: 0.585349998515549 0.6220751064677265 0.4260341817789735
accel: 0.03270944
brake: 0.0
steer: 0.6772830679233021
linkid: A219BS010391
trafficlightid: C119BS010007
turn_signal_lamp: 0.0