position: 0.931779782604368 0.751807331732234 0.8273872603543557
orientation: 0.8685319470621009 0.5900636359256473 0.9773075378289451
enu_velocity: 0.25531524273693307 0.4887586483528003 0.6581719326662048
velocity: 0.5112687765105627 0.6812547888371268 0.5358544086627212
angularVelocity: 0.3952294340866834 0.48581966975089885 0.6842388129616571
acceleration: 0.588618551678305 0.6197588848921084 0.4263014013641987
accel: 0.02348123
brake: 0.0
steer: 0.6745206369840755
linkid: A219BS010391
trafficlightid: C119BS010007
turn_signal_lamp: 0.0