position: 0.9292852372222458 0.7528984358808684 0.8340836172442685
orientation: 0.8612863877949077 0.5866725897130567 0.9802454795237632
enu_velocity: 0.2545582053662887 0.4863651549669167 0.628699501493795
velocity: 0.510898343154427 0.6690502568857228 0.5059145499778078
angularVelocity: 0.37544257578475615 0.46789221822009364 0.6702026400511109
acceleration: 0.5890795467780944 0.5872216480387783 0.4335177455400983
accel: 0.02317424
brake: 0.0
steer: 0.663958401039974
linkid: A219BS010391
trafficlightid: C119BS010007
turn_signal_lamp: 0.0