position: 0.9284507957400089 0.7532519780072411 0.835035339248023
orientation: 0.8576581875434055 0.5846652585533758 0.9811601269195198
enu_velocity: 0.2543512602260135 0.48569045113960363 0.6207809511635551
velocity: 0.5107938939106713 0.6645859167510408 0.4971202451345005
angularVelocity: 0.3729546731558275 0.46605266712770616 0.6654513968595486
acceleration: 0.5695912507222425 0.5881114721238371 0.4356638672461116
accel: 0.01839363
brake: 0.0
steer: 0.66143971400715
linkid: A219BS010391
trafficlightid: C119BS010007
turn_signal_lamp: 0.0