position: 0.9276153214266438 0.7536116156875172 0.8351783894878508
orientation: 0.8532689325379528 0.5821889680814033 0.982045729191265
enu_velocity: 0.2542436964834157 0.48491351698284235 0.6060236899512947
velocity: 0.5105032308600291 0.6606458952080093 0.481094856204095
angularVelocity: 0.3664672081015571 0.45825171034531714 0.6610246046274519
acceleration: 0.5725222496359289 0.5940570172343003 0.4106351263905859
accel: 0.02727531
brake: 0.0
steer: 0.6559961000974976
linkid: A219BS010391
trafficlightid: C119BS010007
turn_signal_lamp: 0.0