position: 0.92510141046087 0.7546661465127329 0.8254801671060354
orientation: 0.8423286801062817 0.5659806509383318 0.9845331974533018
enu_velocity: 0.25390037892780265 0.4831306470098906 0.5472677131101907
velocity: 0.5100044171684898 0.6467779175623054 0.4117115553815446
angularVelocity: 0.3795110447439213 0.42546303814976183 0.6472574523321349
acceleration: 0.5565147603905857 0.5706394415745502 0.40985301252988393
accel: 0.02988533
brake: 0.0
steer: 0.6489275268118297
linkid: A219BS010391
trafficlightid: C119BS010007
turn_signal_lamp: 0.0