position: 0.17695047296737093 0.22457849244760908 0.9389978308912614
orientation: 0.8327894767159525 0.528087170556083 0.5005557757078529
enu_velocity: 0.8889105190692106 0.9992962597349204 0.5896245377727022
velocity: 0.9995485499273474 0.5159840142720375 0.7166646465509648
angularVelocity: 0.39620785331763064 0.47615276897942854 0.5208869519448662
acceleration: 0.5652980739439274 0.5125040337750796 0.44982385421830207
accel: 0.03242634
brake: 0.0
steer: 0.5652421189470264
linkid: A219BS010380
trafficlightid: null
turn_signal_lamp: 0.0