position: 0.9225794089845929 0.755714581784046 0.8062720231683
orientation: 0.8344655317723737 0.5441581496148403 0.9867795363839228
enu_velocity: 0.2534919435438657 0.4815400182800825 0.5126684794600255
velocity: 0.5096830924066735 0.6347551781275158 0.36067349204176147
angularVelocity: 0.3794456686420001 0.41932924133910815 0.6350649581163756
acceleration: 0.55563824920049 0.5457997492277676 0.4392138658386883
accel: 0.02260802
brake: 0.0
steer: 0.6390965225869354
linkid: A219BS010391
trafficlightid: C119BS010007
turn_signal_lamp: 0.0