position: 0.9217376516151986 0.7560559328026137 0.8001887387347937
orientation: 0.8315871836644837 0.5383783329964618 0.9874700431057043
enu_velocity: 0.25365490858019446 0.48101061924443556 0.5128739088276011
velocity: 0.5091885165126134 0.6299349910667263 0.3562466482792538
angularVelocity: 0.38581410497431357 0.4311582379974682 0.6304022646518315
acceleration: 0.5738876400046589 0.5559141218645033 0.4587773613819275
accel: 0.03719253
brake: 0.0
steer: 0.6372278193045174
linkid: A219BS010391
trafficlightid: C119BS010007
turn_signal_lamp: 0.0