position: 0.9208947753454156 0.7563972838211814 0.7946937119201722
orientation: 0.8291059861618129 0.5336522494224958 0.9881380809579674
enu_velocity: 0.253349775300876 0.4806990037089401 0.5129520141772744
velocity: 0.5094183547053167 0.6261769387094215 0.35288982637759536
angularVelocity: 0.3886205038151997 0.4397274274391623 0.6271105549787207
acceleration: 0.595874840231209 0.5649275454823868 0.4574084446350695
accel: 0.02230777
brake: 0.0
steer: 0.6353591160220995
linkid: A219BS010391
trafficlightid: C119BS010007
turn_signal_lamp: 0.0