position: 0.9192063546587685 0.7570799858583142 0.7862646954927497
orientation: 0.8244518436280384 0.5284165467660764 0.9894177104780945
enu_velocity: 0.2533143184728881 0.47961797365714653 0.5179852805392277
velocity: 0.5088651974931598 0.6198304541862542 0.3538267821998449
angularVelocity: 0.3893056562262016 0.4673101074838609 0.6210268317572043
acceleration: 0.5551520420335607 0.5674978381175021 0.4631983415623862
accel: 0.02570513
brake: 0.0
steer: 0.6279655508612285
linkid: A219BS010391
trafficlightid: C119BS010007
turn_signal_lamp: 0.0