position: 0.9183614987959902 0.7574213368768818 0.7835022201981099
orientation: 0.821286925520204 0.5280384215941366 0.9900156016157639
enu_velocity: 0.25326232648954056 0.4793963281677354 0.5217809168729638
velocity: 0.5088210745429338 0.6149356420924054 0.35784684151276724
angularVelocity: 0.3809279298472964 0.47624755095185295 0.6154190063015079
acceleration: 0.5920310014258342 0.5463719346224638 0.4664904477307646
accel: 0.03020583
brake: 0.0
steer: 0.6261780955476114
linkid: A219BS010391
trafficlightid: C119BS010007
turn_signal_lamp: 0.0