position: 0.914125944408949 0.7591037097541049 0.7787282833679281
orientation: 0.8092882070988268 0.5337927234049467 0.9926904931308557
enu_velocity: 0.25295906833093296 0.4779375996531158 0.5636867753756211
velocity: 0.5084144952671212 0.5971099406586118 0.40577224081988206
angularVelocity: 0.3962625272001992 0.4884370044766718 0.5981578186186262
acceleration: 0.5723419611652407 0.5368265406136249 0.48079124859436584
accel: 0.01557605
brake: 0.0
steer: 0.6144783880402991
linkid: A219BS010391
trafficlightid: C119BS010007
turn_signal_lamp: 0.0