position: 0.9132775597064828 0.7594389652187683 0.7792793187305314
orientation: 0.8077332125089647 0.5353143823406742 0.9931585032422854
enu_velocity: 0.25318663979902806 0.47750569030401624 0.5736673266857462
velocity: 0.5078780399626771 0.5939404084483876 0.4168918005683646
angularVelocity: 0.39938619444303136 0.4899520604987042 0.5952418453683782
acceleration: 0.5545723220695226 0.5442302900451526 0.4798270920869893
accel: 0.02517491
brake: 0.0
steer: 0.6131784205394866
linkid: A219BS010391
trafficlightid: C119BS010007
turn_signal_lamp: 0.0