position: 0.9107299956597854 0.7604325405049543 0.7823972300802542
orientation: 0.8044024234932181 0.5376946359322041 0.9944551214198529
enu_velocity: 0.2531317499018545 0.4769759438936739 0.6022586997115461
velocity: 0.5076599180335931 0.583574895955143 0.447922870529186
angularVelocity: 0.3989252607948789 0.47819825342759187 0.5847418507725889
acceleration: 0.5727153805104532 0.5206378658092377 0.4781315684722556
accel: 0.02423033
brake: 0.0
steer: 0.6053786155346117
linkid: A219BS010391
trafficlightid: C119BS010007
turn_signal_lamp: 0.0