position: 0.9090297834844262 0.7610908603264779 0.7855538233825836
orientation: 0.8019320672263586 0.537708676203408 0.995211390686566
enu_velocity: 0.25307174603910587 0.4765116265288829 0.6177792676930026
velocity: 0.5074774434597766 0.578836930699244 0.4635169720238682
angularVelocity: 0.40512964105490684 0.4706834397560148 0.5804981968280951
acceleration: 0.5919048421267387 0.5442885948960547 0.47419100594505137
accel: 0.02119217
brake: 0.0
steer: 0.6032661683457914
linkid: A219BS010391
trafficlightid: C119BS010007
turn_signal_lamp: 0.0