position: 0.9081789027734004 0.7614200202372379 0.7872696964123584
orientation: 0.8012154615392342 0.5370581198808244 0.9955730846836897
enu_velocity: 0.253030322917947 0.4762488477887864 0.6250492680394991
velocity: 0.5073832147864124 0.5769466948654126 0.470200357691278
angularVelocity: 0.4080317899519242 0.46875161372779095 0.5788180326908139
acceleration: 0.5723768724064929 0.542768403312452 0.47404961159093384
accel: 0.01677358
brake: 0.0
steer: 0.5981475463113423
linkid: A219BS010391
trafficlightid: C119BS010007
turn_signal_lamp: 0.0