position: 0.17880087600260686 0.22694966291586827 0.9415661665747057
orientation: 0.8274407723412032 0.5308226715172358 0.50053862264405
enu_velocity: 0.8889233039831484 0.9991801957190769 0.5892353934199048
velocity: 0.9994313872911538 0.5157619517979527 0.7209113366858533
angularVelocity: 0.3919038666835475 0.4816376079149651 0.5206097724589327
acceleration: 0.5944435935284029 0.5134584090017781 0.45831740782212466
accel: 0.03270284
brake: 0.0
steer: 0.5652421189470264
linkid: A219BS010380
trafficlightid: null
turn_signal_lamp: 0.0