position: 0.9073281081316353 0.7617430845940971 0.7893439248898662
orientation: 0.800233968323788 0.536530861371351 0.9959112137688796
enu_velocity: 0.25327204302413336 0.476225982360313 0.6309525549273336
velocity: 0.5070641335644381 0.5720909619792169 0.47588941043722566
angularVelocity: 0.4008552939839987 0.4694756073908285 0.5731994087297734
acceleration: 0.5729827491574789 0.4663860566710876 0.470685456483029
accel: 0.0262816
brake: 0.0
steer: 0.5970100747481314
linkid: A219BS010391
trafficlightid: C119BS010007
turn_signal_lamp: 0.0