position: 0.9064770552820882 0.7620722445048571 0.7916283496381411
orientation: 0.7986789737339262 0.535991415621391 0.9962170096028115
enu_velocity: 0.2533196029039825 0.47619183747114496 0.6355589842157355
velocity: 0.5069876039276052 0.5686476456455746 0.48028460087600355
angularVelocity: 0.40078472742044 0.4678423789923742 0.5698190997497304
acceleration: 0.5915951506413208 0.5250904875942621 0.4680499951734129
accel: 0.02796783
brake: 0.0
steer: 0.6005849853753658
linkid: A219BS010391
trafficlightid: C119BS010007
turn_signal_lamp: 0.0