position: 0.9047737446133447 0.7627244687724772 0.7963563060340928
orientation: 0.7979952531287626 0.5342859146573874 0.9968154487616887
enu_velocity: 0.2531689113850341 0.47548617642833835 0.6421589625641894
velocity: 0.5067821953909593 0.5679666215512643 0.4851922612419438
angularVelocity: 0.4217257041834662 0.4666929373126131 0.570779234622963
acceleration: 0.5720192415293042 0.5691226408783289 0.4612615712855118
accel: 0.02429305
brake: 0.0
steer: 0.5944913877153072
linkid: A219BS010391
trafficlightid: C119BS010007
turn_signal_lamp: 0.0