position: 0.9039225196252763 0.7630475331293347 0.7990457965124935
orientation: 0.798281823128707 0.5338110755360889 0.9970971316624789
enu_velocity: 0.25351870663037573 0.47539857670370433 0.6427283748898797
velocity: 0.5062866223680806 0.5637066522457559 0.48555335329033245
angularVelocity: 0.41739738334944276 0.46890996999658346 0.5659739691567318
acceleration: 0.5745926400160778 0.5177957903283914 0.45746723844628745
accel: 0.03592395
brake: 0.0
steer: 0.5936789080272994
linkid: A219BS010391
trafficlightid: C119BS010007
turn_signal_lamp: 0.0