position: 0.9030709503601649 0.763370597486194 0.801546986164998
orientation: 0.7988444832673114 0.5329996975283706 0.9973667580966984
enu_velocity: 0.2533661399907165 0.4753469404769374 0.6424249839453605
velocity: 0.506458627089301 0.561781206257832 0.48488261674452104
angularVelocity: 0.4209707195999405 0.464750567247053 0.5643399639197046
acceleration: 0.5956253306709642 0.5312974240916872 0.45591416276524166
accel: 0.02360637
brake: 0.0
steer: 0.5929476763080924
linkid: A219BS010391
trafficlightid: C119BS010007
turn_signal_lamp: 0.0