position: 0.9013670372065967 0.7640167261999098 0.8063639840367611
orientation: 0.8014250587649188 0.5312104538300291 0.9978824460532035
enu_velocity: 0.25347745397473603 0.4748892640989683 0.6406606522285923
velocity: 0.5060615205372659 0.5588495766743065 0.4817225163258775
angularVelocity: 0.42995384428844585 0.4663849532632883 0.5620650589619215
acceleration: 0.5722915050581714 0.5338013627377994 0.4528659018235594
accel: 0.02800253
brake: 0.0
steer: 0.5869353266168347
linkid: A219BS010391
trafficlightid: C119BS010007
turn_signal_lamp: 0.0