position: 0.17972637876263717 0.2281382959269509 0.9428587276702955
orientation: 0.8248710380794071 0.5322435897253152 0.5005292514813973
enu_velocity: 0.8889819441217437 0.9992649960123428 0.5883942954818465
velocity: 0.9995627590130135 0.5157875617524799 0.7225893988397268
angularVelocity: 0.3955208878787612 0.4812896987791775 0.5206092826093789
acceleration: 0.5914198400294759 0.5145928296080625 0.4532506929372956
accel: 0.029906
brake: 0.0
steer: 0.5652421189470264
linkid: A219BS010380
trafficlightid: null
turn_signal_lamp: 0.0