position: 0.8962521992525074 0.7659490167871557 0.8153535238528979
orientation: 0.8020094013751455 0.5230800677468029 0.9990557594590244
enu_velocity: 0.25386048999631633 0.47475619915686035 0.605416145051715
velocity: 0.5055250652328217 0.5444705836211126 0.4418763009036457
angularVelocity: 0.3904202935192669 0.44876552916110535 0.5453220507958121
acceleration: 0.5748475240500085 0.45369703387880084 0.43439785422816196
accel: 0.0258181
brake: 0.0
steer: 0.5792167695807605
linkid: A219BS010391
trafficlightid: C119BS010007
turn_signal_lamp: 0.0