position: 0.8945459622289009 0.7665890499469672 0.8133968009295345
orientation: 0.7941903407335368 0.5167127691206399 0.9993089452570109
enu_velocity: 0.25381258918542887 0.47477644905821614 0.5879844062189129
velocity: 0.505611067593432 0.5415365866714815 0.41987785130611377
angularVelocity: 0.3783963959759961 0.43918278064164795 0.5415053790736468
acceleration: 0.5925948233008556 0.5271663489563739 0.4382783348894505
accel: 0.01839952
brake: 0.0
steer: 0.5785667858303544
linkid: A219BS010391
trafficlightid: C119BS010007
turn_signal_lamp: 0.0