position: 0.8936928437170977 0.7669121143038264 0.8120626384886889
orientation: 0.7909589297127267 0.5135921941223576 0.9994284138803031
enu_velocity: 0.2539735086355276 0.4745722336049872 0.5848515145579718
velocity: 0.5052904906782297 0.540926848564007 0.41405145975885915
angularVelocity: 0.38900794481051376 0.4448967124587135 0.541076998697734
acceleration: 0.5727144061016263 0.5235612173316386 0.44964967882918927
accel: 0.02476854
brake: 0.0
steer: 0.5740981475463114
linkid: A219BS010391
trafficlightid: C119BS010007
turn_signal_lamp: 0.0