position: 0.8928404998286404 0.7672290831067814 0.8111547073746779
orientation: 0.7884665295997177 0.51139371571715 0.9995451423975567
enu_velocity: 0.25426432281123557 0.4743302973466091 0.583587376645881
velocity: 0.5047789635942522 0.5400207285869527 0.41076631563159716
angularVelocity: 0.3950636491355032 0.4529277655825786 0.5406025684973785
acceleration: 0.5742761398489818 0.52199086669854 0.4543017582294902
accel: 0.03769153
brake: 0.0
steer: 0.5736919077023075
linkid: A219BS010391
trafficlightid: C119BS010007
turn_signal_lamp: 0.0