position: 0.8919878977324012 0.7675460519097372 0.8103788787780593
orientation: 0.7852683650353955 0.5095002390409624 0.9996289896423445
enu_velocity: 0.2543522830191285 0.474821709937634 0.5831554282993608
velocity: 0.5049459826713794 0.5348686332647798 0.4094187385932495
angularVelocity: 0.3869902398666468 0.4538660454464465 0.5346925137998254
acceleration: 0.5954961682134138 0.4872187327962332 0.45887565486927906
accel: 0.02557486
brake: 0.0
steer: 0.5733669158271044
linkid: A219BS010391
trafficlightid: C119BS010007
turn_signal_lamp: 0.0