position: 0.8911348652898586 0.7678691162665947 0.8097336930025076
orientation: 0.7824673510762925 0.5077560026079269 0.999701876462977
enu_velocity: 0.25430762105310534 0.474954202733185 0.584580337918518
velocity: 0.5050795979330812 0.5332405637935381 0.40956837248724487
angularVelocity: 0.3927518320570102 0.45538609546528597 0.5334644292375134
acceleration: 0.5906136796341704 0.5095464312214498 0.46164979587591587
accel: 0.02050163
brake: 0.0
steer: 0.5732044198895029
linkid: A219BS010391
trafficlightid: C119BS010007
turn_signal_lamp: 0.0