position: 0.8902821771243588 0.7681860850695506 0.8094855446272957
orientation: 0.7804823207992506 0.5065667132395053 0.9997709271351551
enu_velocity: 0.2545132024692272 0.47485105288248464 0.5868716226684867
velocity: 0.5047547832203996 0.532255433856056 0.4107146936821535
angularVelocity: 0.40042773687840205 0.4610830304848909 0.5329701373234719
acceleration: 0.5726662718280899 0.5140005428488487 0.46292309568872064
accel: 0.02775867
brake: 0.0
steer: 0.5730419239519012
linkid: A219BS010391
trafficlightid: C119BS010007
turn_signal_lamp: 0.0