position: 0.8894297471666409 0.7685030538725046 0.8096147277520385
orientation: 0.7792691865119703 0.5058261780215162 0.9998377857225023
enu_velocity: 0.2545737177285334 0.47480961312471515 0.5899924704324438
velocity: 0.5046520789520766 0.5315248841094791 0.4131414485014375
angularVelocity: 0.40750252351294425 0.463644488373452 0.5327380636604117
acceleration: 0.5917793146708668 0.5164092607742762 0.46535804132480996
accel: 0.0316162
brake: 0.0
steer: 0.5688982775430615
linkid: A219BS010391
trafficlightid: C119BS010007
turn_signal_lamp: 0.0