position: 0.8851681998628762 0.7700939934411828 0.8131267571094511
orientation: 0.7765451453271274 0.5038609676754471 1.0
enu_velocity: 0.255063976561673 0.47527049761016427 0.6034083411594278
velocity: 0.5042749149764149 0.523841976722431 0.42517093230810277
angularVelocity: 0.42376535670940796 0.46946918510376434 0.5261093907431721
acceleration: 0.5737619184282786 0.5151023753396258 0.46249407967796885
accel: 0.02747657
brake: 0.0
steer: 0.5648358791030225
linkid: A219BS010391
trafficlightid: C119BS010007
turn_signal_lamp: 0.0