position: 0.8800594728262948 0.7720019018128177 0.820596753051495
orientation: 0.7823459292352064 0.5032565233095584 0.9999161527552124
enu_velocity: 0.25582203672543247 0.4762579816998924 0.6072182772083724
velocity: 0.5038531294861176 0.513616803635285 0.429314465743343
angularVelocity: 0.4281989251116217 0.4682310704038828 0.5162166549046583
acceleration: 0.5739524458042184 0.5001742547872886 0.45736459228379
accel: 0.02735684
brake: 0.0
steer: 0.5616672083197921
linkid: A219BS010391
trafficlightid: C119BS010007
turn_signal_lamp: 0.0