position: 0.8792087642537905 0.7723188706157718 0.8219411333666145
orientation: 0.783614353825124 0.5032501089724601 0.9998772432494611
enu_velocity: 0.25590948553676784 0.4763076358475157 0.6072119935921477
velocity: 0.503768124254326 0.5132542238493055 0.42930321704152163
angularVelocity: 0.4301536024748978 0.468087561291183 0.5160801147953504
acceleration: 0.5924214158312506 0.5082727157233453 0.45770540277194005
accel: 0.03124864
brake: 0.0
steer: 0.5618297042573936
linkid: A219BS010391
trafficlightid: C119BS010007
turn_signal_lamp: 0.0