position: 0.8766571549518413 0.7732697770246375 0.826109296222014
orientation: 0.7874741951484602 0.5033004615186811 0.9997429780535592
enu_velocity: 0.2562574056613986 0.47669971970948855 0.6080843390560321
velocity: 0.5035410281658741 0.5101145098518647 0.4304513694204477
angularVelocity: 0.42371580826427063 0.4699683291692793 0.5124769193103751
acceleration: 0.5923142765357026 0.4879587594446187 0.45791497732140163
accel: 0.03198215
brake: 0.0
steer: 0.5590672733181671
linkid: A219BS010391
trafficlightid: C119BS010007
turn_signal_lamp: 0.0