position: 0.8758067906563796 0.7735928413814959 0.8275142539346112
orientation: 0.7880364939125377 0.5033290765891805 0.9996794075934587
enu_velocity: 0.256208311591877 0.4768803954186591 0.6081186206708352
velocity: 0.5037077979607966 0.5096895906028992 0.43064913729432963
angularVelocity: 0.42364268663190296 0.46815819246713125 0.5121410699286019
acceleration: 0.5941303416444824 0.5058194317179617 0.45770001305643515
accel: 0.0222739
brake: 0.0
steer: 0.5593110172245694
linkid: A219BS010391
trafficlightid: C119BS010007
turn_signal_lamp: 0.0