position: 0.8749569427764821 0.7739098101844508 0.8290192008454562
orientation: 0.7887202145177012 0.5035385759658495 0.9996169331757737
enu_velocity: 0.2564144044045563 0.4768339698123217 0.6081331178711252
velocity: 0.5034151406525171 0.5097586699925216 0.43068244740359907
angularVelocity: 0.42480816137937 0.4708780959284765 0.512324837881117
acceleration: 0.5740073400389916 0.5091004205927824 0.4568650004365398
accel: 0.02849702
brake: 0.0
steer: 0.559473513162171
linkid: A219BS010391
trafficlightid: C119BS010007
turn_signal_lamp: 0.0