position: 0.874107439173627 0.7742267789874067 0.830600051965189
orientation: 0.7894704280358404 0.5038980639249984 0.999556102821712
enu_velocity: 0.2564846361984553 0.47685309585436914 0.6080312065925547
velocity: 0.5033353703470236 0.5099600091797271 0.43082876772651524
angularVelocity: 0.42461525368429065 0.471091025540368 0.5126516240545481
acceleration: 0.5927264872485664 0.5103971189425096 0.4575919487119056
accel: 0.03261266
brake: 0.0
steer: 0.5570360740981476
linkid: A219BS010391
trafficlightid: C119BS010007
turn_signal_lamp: 0.0