position: 0.8715593587113656 0.775183780950174 0.8354695989046439
orientation: 0.7883122226766707 0.5051148993077361 0.999329222041698
enu_velocity: 0.2568279537540684 0.4772711715170732 0.6088688395650947
velocity: 0.5031302110925823 0.5076751864168306 0.4328426341494891
angularVelocity: 0.4116708696528587 0.4727717216454449 0.509517548761102
acceleration: 0.5929045376239802 0.5071449357327109 0.4590563934627495
accel: 0.03346855
brake: 0.0
steer: 0.5576860578485539
linkid: A219BS010391
trafficlightid: C119BS010007
turn_signal_lamp: 0.0