position: 0.870710285454814 0.7755007497531299 0.8370935110659581
orientation: 0.7876505459176567 0.5054541464698197 0.9992508550089879
enu_velocity: 0.25674800542557663 0.4773997001543366 0.609377920198433
velocity: 0.5033069521756914 0.5079671709922038 0.43368593798913324
angularVelocity: 0.4122527903990612 0.47062828781912913 0.5098470072919162
acceleration: 0.5944624194114418 0.5089925934427296 0.45916188659603474
accel: 0.02348002
brake: 0.0
steer: 0.5555736106597335
linkid: A219BS010391
trafficlightid: C119BS010007
turn_signal_lamp: 0.0