position: 0.8690128274957962 0.7761407829129423 0.8405792658895244
orientation: 0.7857316471790634 0.5064294820608095 0.9990842565618279
enu_velocity: 0.2571589977923011 0.47761012748446985 0.6106845533093922
velocity: 0.502895885820195 0.5062540176764514 0.4357660758336901
angularVelocity: 0.4057314783329783 0.47482557041087364 0.5075787262106893
acceleration: 0.5731170577116466 0.49269118007177026 0.460328368548336
accel: 0.03106737
brake: 0.0
steer: 0.5561423464413391
linkid: A219BS010391
trafficlightid: C119BS010007
turn_signal_lamp: 0.0