position: 0.8656205797248416 0.7774147536786664 0.8489097528150245
orientation: 0.7817944717069403 0.5095904673828107 0.9987225625647044
enu_velocity: 0.25745168708872007 0.47807270797578433 0.6162865407992508
velocity: 0.5027814652882526 0.5054129419664933 0.4439410916821518
angularVelocity: 0.40894360527093865 0.4768894964380578 0.5068443485194296
acceleration: 0.5922704182421512 0.4713950264120975 0.46095044645533695
accel: 0.03347447
brake: 0.0
steer: 0.5551673708157296
linkid: A219BS010391
trafficlightid: C119BS010007
turn_signal_lamp: 0.0