position: 0.18342950870314723 0.23288063686347193 0.9470130234106098
orientation: 0.816732160981366 0.537456592755448 0.5004891911311098
enu_velocity: 0.8891774680722344 0.999405376256858 0.582610329080163
velocity: 0.9998491842661764 0.5154704724962409 0.7260685612735971
angularVelocity: 0.39835148719922003 0.4809679534543723 0.5204382715688245
acceleration: 0.5891086861695608 0.5141556782480559 0.45522512172621027
accel: 0.02617835
brake: 0.0
steer: 0.5651608709782256
linkid: A219BS010380
trafficlightid: null
turn_signal_lamp: 0.0