position: 0.8647728835764609 0.7777317224816223 0.8511576851551803
orientation: 0.7807800934095332 0.5104299259329368 0.9986233707260992
enu_velocity: 0.2574261172608442 0.47831509377788584 0.6170903230335288
velocity: 0.5029529714450638 0.504816176671939 0.4455996212065061
angularVelocity: 0.4100366277528667 0.47455351768459236 0.5064037913165539
acceleration: 0.5945528567306909 0.5000101880055261 0.45893979520321526
accel: 0.02413659
brake: 0.0
steer: 0.5554923626909328
linkid: A219BS010391
trafficlightid: C119BS010007
turn_signal_lamp: 0.0