position: 0.8630784380415667 0.7783778511953381 0.8553703687484855
orientation: 0.7802174332709286 0.5117238402664714 0.998429371218551
enu_velocity: 0.2577525587300592 0.4783725740730562 0.6153573106553435
velocity: 0.5025663347456246 0.504973869754937 0.44479494662970587
angularVelocity: 0.4191600322214067 0.4739795414629005 0.5071639307313066
acceleration: 0.5736330147980728 0.5057725039846763 0.45409592138276716
accel: 0.03113498
brake: 0.0
steer: 0.5543548911277218
linkid: A219BS010391
trafficlightid: C119BS010007
turn_signal_lamp: 0.0