position: 0.8605384480898085 0.7793348531581064 0.8603223885302902
orientation: 0.7800963728043696 0.5119778480155608 0.9981296036179046
enu_velocity: 0.2579508101288567 0.47884841610420914 0.6110036084115
velocity: 0.5025877730152261 0.5037405621151816 0.4409351595179277
angularVelocity: 0.4170523146513689 0.46811077781948407 0.50591111570772
acceleration: 0.5739006422724432 0.5047281981284757 0.45343577307375044
accel: 0.02913765
brake: 0.0
steer: 0.5552486187845305
linkid: A219BS010391
trafficlightid: C119BS010007
turn_signal_lamp: 0.0