position: 0.8580002655925246 0.7802979506747771 0.8640052023577014
orientation: 0.7794014495888678 0.5111101307469965 0.997830384038466
enu_velocity: 0.258081727647581 0.4791935430808989 0.6057212684789932
velocity: 0.5026224232416748 0.5038187381973991 0.4350642963588214
angularVelocity: 0.41251162498933797 0.46433223666167267 0.5057215617792009
acceleration: 0.5742946840669693 0.47937847949541146 0.4526250575095415
accel: 0.02124269
brake: 0.0
steer: 0.5545173870653235
linkid: A219BS010391
trafficlightid: C119BS010007
turn_signal_lamp: 0.0