position: 0.8571548072449213 0.7806210150316355 0.8651007044494465
orientation: 0.7786403948349172 0.5109118208250433 0.9977246159453677
enu_velocity: 0.2583208907709798 0.47921740976584704 0.6035095432870243
velocity: 0.5023297659333953 0.5036478991657508 0.4326021386485338
angularVelocity: 0.41162091576267085 0.4666113863844216 0.5055096076453813
acceleration: 0.5740150820216242 0.5033231202669504 0.4520053014533673
accel: 0.03109682
brake: 0.0
steer: 0.5548423789405266
linkid: A219BS010391
trafficlightid: C119BS010007
turn_signal_lamp: 0.0