position: 0.18435561394800226 0.23406926987455368 0.9478348324414589
orientation: 0.8151330786992048 0.538679486123223 0.5004787239260415
enu_velocity: 0.8892223005037767 0.9994251970482959 0.5801871628952103
velocity: 0.9999020320935658 0.5153740994954507 0.7258440232333652
angularVelocity: 0.4041741065195947 0.4794371267274192 0.5203968425923988
acceleration: 0.5887060695773578 0.5113456360660306 0.45153566418530794
accel: 0.02524477
brake: 0.0
steer: 0.5652421189470264
linkid: A219BS010380
trafficlightid: null
turn_signal_lamp: 0.0