position: 0.8563094349665787 0.780944079388493 0.8660290713120045
orientation: 0.7779566742297537 0.5105692239535864 0.9976204919158926
enu_velocity: 0.2582636143565379 0.4793801037260841 0.6015532830009689
velocity: 0.5024992778325692 0.5038551320345445 0.43047221003855074
angularVelocity: 0.41275015672746174 0.4642544299763135 0.5057775771664266
acceleration: 0.5939955024942583 0.5058395422885084 0.4528706632080632
accel: 0.02528115
brake: 0.0
steer: 0.5551673708157296
linkid: A219BS010391
trafficlightid: C119BS010007
turn_signal_lamp: 0.0