position: 0.8554638905497148 0.7812610481914488 0.8667574597780678
orientation: 0.777460507004125 0.510013457279232 0.9975185599712487
enu_velocity: 0.2582056560800193 0.4795222821454924 0.5998124699620703
velocity: 0.5026575720325329 0.5041942837295345 0.4283483853752924
angularVelocity: 0.414308009337476 0.46277042421009346 0.506218907815966
acceleration: 0.5915394966721654 0.5070602556084663 0.45357093341742893
accel: 0.02127857
brake: 0.0
steer: 0.5541923951901203
linkid: A219BS010391
trafficlightid: C119BS010007
turn_signal_lamp: 0.0