position: 0.8546187764791543 0.7815841125483063 0.8675522644269087
orientation: 0.7771294879373544 0.5097038586086247 0.9974199161538514
enu_velocity: 0.2584124307547753 0.47947573393632137 0.5983935755589591
velocity: 0.5023661611352768 0.5046389245515122 0.42649409355955137
angularVelocity: 0.41580691750455456 0.46602537617200285 0.5068018981967686
acceleration: 0.5740063808553025 0.5091336098619894 0.45391066313172834
accel: 0.02885183
brake: 0.0
steer: 0.5544361390965227
linkid: A219BS010391
trafficlightid: C119BS010007
turn_signal_lamp: 0.0