position: 0.85292940903064 0.782230241262023 0.8690688889083515
orientation: 0.7757840905731768 0.509331791421722 0.9972100240312781
enu_velocity: 0.258485219531462 0.4798563544333492 0.5951665077510201
velocity: 0.5024952893172945 0.5037356683807693 0.42320581025968806
angularVelocity: 0.4130356780169606 0.4652708320113403 0.5056487090530642
acceleration: 0.5955447744662257 0.5049730585558687 0.4528105399941191
accel: 0.02317927
brake: 0.0
steer: 0.5550861228469289
linkid: A219BS010391
trafficlightid: C119BS010007
turn_signal_lamp: 0.0