position: 0.8520847253063828 0.7825472100649788 0.8697359701287746
orientation: 0.7752987645833593 0.5092237811120293 0.9971075440654265
enu_velocity: 0.2585641450668387 0.4799114031056524 0.5928918835606416
velocity: 0.5024272352754203 0.5040739897309312 0.4208252710370344
angularVelocity: 0.41449183506342346 0.468182373378161 0.5061120928485039
acceleration: 0.5749689597500641 0.5072719083545942 0.4515543996131097
accel: 0.0205437
brake: 0.0
steer: 0.5553298667533313
linkid: A219BS010391
trafficlightid: C119BS010007
turn_signal_lamp: 0.0