position: 0.8503966488967786 0.7831933387786947 0.8713511241121397
orientation: 0.7745930001320462 0.5101422785492878 0.9969075163245928
enu_velocity: 0.25874108827573966 0.480119010570612 0.5877056919329678
velocity: 0.5023227860316646 0.5038558033771714 0.4165378588575679
angularVelocity: 0.4137016368122686 0.4723863281360633 0.5057817022152999
acceleration: 0.5942506453555336 0.48473888939692533 0.45151897071398667
accel: 0.02422225
brake: 0.0
steer: 0.554679883002925
linkid: A219BS010391
trafficlightid: C119BS010007
turn_signal_lamp: 0.0