position: 0.01752432977888231 0.022279249515403166 0.4981629721752685
orientation: 0.6562817986997889 0.48530393409824535 0.49868011832216297
enu_velocity: 0.8923421604356689 0.9948970657259488 0.7215989972066632
velocity: 0.9972830732513304 0.5077902616098549 0.7709706757679418
angularVelocity: 0.43332913608457124 0.5643658430694761 0.5070640866998012
acceleration: 0.5978814220583321 0.4884887812260835 0.5600763793503494
accel: 0.06433765
brake: 0.0
steer: 0.560610984725382
linkid: A219BS010380
trafficlightid: null
turn_signal_lamp: 0.0