position: 0.18528180526211796 0.235251807331732 0.9484552033794889
orientation: 0.8140962951811213 0.5397749123587741 0.5004682567209733
enu_velocity: 0.8892722469008942 0.9994458351919582 0.5767605637911821
velocity: 0.9999606134116626 0.5152288651182562 0.7244369763140707
angularVelocity: 0.4095874558361329 0.478662920989808 0.5204809955726127
acceleration: 0.5895488890597488 0.5121114288555003 0.446608119448729
accel: 0.02460333
brake: 0.0
steer: 0.5651608709782256
linkid: A219BS010380
trafficlightid: null
turn_signal_lamp: 0.0