position: 0.8461795994007824 0.7848086605629847 0.8760294508330486
orientation: 0.7712184847985275 0.5169933963686869 0.9964060769194896
enu_velocity: 0.2592173689363072 0.4804325264500289 0.5765757663184167
velocity: 0.5018977598727067 0.5047511271047695 0.411241202686783
angularVelocity: 0.4063735005704918 0.4870260946192104 0.5064343722077211
acceleration: 0.5746172742892335 0.5047407689611979 0.45179881576065983
accel: 0.03063743
brake: 0.0
steer: 0.5554923626909328
linkid: A219BS010391
trafficlightid: C119BS010007
turn_signal_lamp: 0.0