position: 0.84533680920026 0.7851317249198431 0.8770855411240246
orientation: 0.769641446362516 0.519111054126457 0.9963085291445077
enu_velocity: 0.259136056883662 0.4805672669641965 0.5747154904245768
velocity: 0.5020814808575466 0.5052232276068809 0.4112884646742804
angularVelocity: 0.403175701907619 0.4864082192654989 0.5067552732453197
acceleration: 0.5946400510955628 0.5097657725362058 0.4533193720125056
accel: 0.0
brake: 0.1521532
steer: 0.5557361065973352
linkid: A219BS010391
trafficlightid: C119BS010007
turn_signal_lamp: 0.0