position: 0.8444994413631602 0.7854547892767005 0.8798582342929375
orientation: 0.7672372216341052 0.5245429998628757 0.9962181056452268
enu_velocity: 0.26185719796621004 0.4790258224044827 0.5725098872701296
velocity: 0.49768688487146545 0.504543222893349 0.4113791518827624
angularVelocity: 0.3944173238255194 0.5271509588796526 0.5077635997952944
acceleration: 0.36815532990209476 0.4976466320970046 0.4444032628683414
accel: 0.0
brake: 0.1966687
steer: 0.5559798505037374
linkid: A219BS010391
trafficlightid: C119BS010007
turn_signal_lamp: 0.0