position: 0.8436730903914266 0.7857717580796564 0.8855729454044383
orientation: 0.7643035832235778 0.535648106045812 0.9961359024640625
enu_velocity: 0.2660046240476731 0.4764841226265369 0.5685307495941233
velocity: 0.4908762457577482 0.504323517185223 0.4129720203802061
angularVelocity: 0.3906320964836822 0.5778180141674635 0.5088171828910821
acceleration: 0.2890355408007052 0.5036084948940295 0.4360877640528829
accel: 0.0
brake: 0.2117288
steer: 0.5555736106597335
linkid: A219BS010391
trafficlightid: C119BS010007
turn_signal_lamp: 0.0