position: 0.8412717580186148 0.7866982822729103 0.9146902378429191
orientation: 0.7558893387359307 0.5951266860085062 0.9959216261718271
enu_velocity: 0.28041202879708116 0.46749308468933776 0.5388316531242768
velocity: 0.46712413873263153 0.5038454505671873 0.41762933173119265
angularVelocity: 0.39488719256459676 0.6778506024165496 0.510391672398931
acceleration: 0.2200283644319463 0.5058840089433504 0.4128908839842706
accel: 0.0
brake: 0.2596404
steer: 0.5558173545661359
linkid: A219BS010391
trafficlightid: C119BS010007
turn_signal_lamp: 0.0