position: 0.186207910506973 0.23644044034281375 0.9491587770080312
orientation: 0.814008119796523 0.5415267390907093 0.5004583923392335
enu_velocity: 0.889181047848137 0.9991307459095098 0.5700102844844409
velocity: 0.9995612633197856 0.5149410941012127 0.7206704923879423
angularVelocity: 0.4194284708869417 0.486561896700628 0.5204777361890438
acceleration: 0.5670344019603888 0.5087978383629962 0.43945101268478
accel: 0.03203467
brake: 0.0
steer: 0.5651608709782256
linkid: A219BS010380
trafficlightid: null
turn_signal_lamp: 0.0