position: 0.8375728454718777 0.7881368329940139 0.9688435117958061
orientation: 0.7457321849043597 0.7242234162075188 0.9956295308680894
enu_velocity: 0.3086256064097763 0.4495258437578096 0.48022967874024625
velocity: 0.42040690860253316 0.5037707195326607 0.42109227510662284
angularVelocity: 0.40297222586655274 0.6830525688969004 0.5126145620769779
acceleration: 0.17668369090838498 0.5115805309669338 0.41322241565678086
accel: 0.0
brake: 0.2835742
steer: 0.5562235944101398
linkid: A219BS010391
trafficlightid: C119BS010007
turn_signal_lamp: 0.0