position: 0.8368816232394028 0.7884050373657452 0.9768287805404963
orientation: 0.7442541630887576 0.7473634936413962 0.9955791129169751
enu_velocity: 0.3144848472347681 0.44575257808216884 0.472853251888092
velocity: 0.41068016625861686 0.5038989283074975 0.4212731263281534
angularVelocity: 0.4052308722691268 0.6677066584353554 0.5131359533806015
acceleration: 0.17372970964900725 0.5116626195939896 0.4176163593156393
accel: 0.0
brake: 0.2855759
steer: 0.5558986025349367
linkid: A219BS010391
trafficlightid: C119BS010007
turn_signal_lamp: 0.0