position: 0.8362071845127592 0.788667146183573 0.9834776972998538
orientation: 0.7430193463298549 0.7685272425449009 0.9955308870506919
enu_velocity: 0.3203742604566533 0.4419574482345294 0.4677570595979455
velocity: 0.40090207178053916 0.5040043290999292 0.4215011523379424
angularVelocity: 0.40751331370622296 0.6498207287793676 0.5135703220185688
acceleration: 0.17176764612516432 0.5116704477873923 0.4223473212123179
accel: 0.0
brake: 0.2872599
steer: 0.5559798505037374
linkid: A219BS010391
trafficlightid: C119BS010007
turn_signal_lamp: 0.0