position: 0.8355491850149046 0.7889231594474992 0.9887990202518269
orientation: 0.7420154478937322 0.7875222328050864 0.9954837572268244
enu_velocity: 0.3262948688685471 0.43815152933752993 0.46507736657593723
velocity: 0.39107661368357466 0.5040088694961167 0.4218869217709468
angularVelocity: 0.41005541974846343 0.6304485742013639 0.5137479430533036
acceleration: 0.16941064252365795 0.511336787537737 0.4263277845869499
accel: 0.0
brake: 0.2886928
steer: 0.5559798505037374
linkid: A219BS010391
trafficlightid: C119BS010007
turn_signal_lamp: 0.0