position: 0.8349079690228813 0.7891730771575212 0.9928511372494067
orientation: 0.7413429298989069 0.8042711360247131 0.9954366274029567
enu_velocity: 0.3322569004015998 0.434308890891856 0.464801964653402
velocity: 0.38117612164300524 0.5040684246538919 0.42242790584923773
angularVelocity: 0.4129423070817863 0.6108225252558931 0.5138669507133012
acceleration: 0.16585252779158616 0.5118218946376109 0.4321510341698517
accel: 0.0
brake: 0.2894208
steer: 0.5564673383165422
linkid: A219BS010391
trafficlightid: C119BS010007
turn_signal_lamp: 0.0