position: 0.83367597362559 0.7896546259158566 0.9977710437120664
orientation: 0.7411224914374113 0.831395942204827 0.9953462039036757
enu_velocity: 0.34418198626082014 0.4265774744674491 0.4698364877386001
velocity: 0.36134497441510166 0.5044358964075926 0.4232567346152203
angularVelocity: 0.4222693294971602 0.5751768244131517 0.5145441786288951
acceleration: 0.17027908439065575 0.5140092471493531 0.43323745361665644
accel: 0.0
brake: 0.2899114
steer: 0.556548586285343
linkid: A219BS010391
trafficlightid: C119BS010007
turn_signal_lamp: 0.0