position: 0.1871338436133067 0.23762297779999209 0.9499565010495217
orientation: 0.8151110348530552 0.5440792889037384 0.5004483635511314
enu_velocity: 0.8891559894168187 0.9989163952887001 0.5621517956510553
velocity: 0.9993162189125975 0.514489891788402 0.7173087001296652
angularVelocity: 0.4307968754721427 0.49230364504405866 0.5204006285146581
acceleration: 0.5864898514863921 0.5076838213858511 0.43744022625641155
accel: 0.04158359
brake: 0.0
steer: 0.5651608709782256
linkid: A219BS010380
trafficlightid: null
turn_signal_lamp: 0.0