position: 0.8330850220818005 0.78988625696417 0.9989993781693656
orientation: 0.7418943874271731 0.8425112756919144 0.9953051023130935
enu_velocity: 0.3500683311033603 0.422674433692403 0.4704634131059358
velocity: 0.3515082986189272 0.5052066313104661 0.41970667920010396
angularVelocity: 0.42709290926331017 0.563627355343487 0.5155269100438891
acceleration: 0.1692360863173969 0.5298551707503589 0.4311077438973093
accel: 0.0
brake: 0.2921098
steer: 0.5562235944101398
linkid: A219BS010391
trafficlightid: C119BS010007
turn_signal_lamp: 0.0