position: 0.8319532973731946 0.7903251368451842 1.0
orientation: 0.7442541630887576 0.8619153581181417 0.9952519442559404
enu_velocity: 0.3619173893410298 0.4148697416410921 0.4715885394739464
velocity: 0.33173922265998573 0.5060743292889651 0.4097243719256818
angularVelocity: 0.4266910481940292 0.5492410953236759 0.5177313064138858
acceleration: 0.16917868754743576 0.5111575384796673 0.4303121283150186
accel: 0.0
brake: 0.2939728
steer: 0.5566298342541437
linkid: A219BS010391
trafficlightid: C119BS010007
turn_signal_lamp: 0.0