position: 0.8314123520698569 0.7905384812317893 0.9999656971363677
orientation: 0.7451145958376448 0.8706007269011881 0.9952250912167601
enu_velocity: 0.36776657270039037 0.41106451749348316 0.47172534277575334
velocity: 0.3220089903652042 0.5061209982016851 0.4034874463615682
angularVelocity: 0.4258251973389035 0.5440380533235533 0.5174746004577812
acceleration: 0.17287733030251584 0.5162618616616147 0.4290117805303903
accel: 0.0
brake: 0.2967258
steer: 0.5567923301917452
linkid: A219BS010391
trafficlightid: C119BS010007
turn_signal_lamp: 0.0