position: 0.8303800373573298 0.7909468833432891 0.9994409363076107
orientation: 0.7467910122685928 0.8870780898503234 0.9951796054565158
enu_velocity: 0.3795714803685942 0.40324184369323873 0.47183566512347036
velocity: 0.3022895215649916 0.507199891737168 0.38911151823466883
angularVelocity: 0.4251485095495697 0.5400971337756588 0.5183832386571815
acceleration: 0.16642065381309767 0.5189676834623508 0.42580816709438024
accel: 0.0
brake: 0.2984709
steer: 0.5568735781605461
linkid: A219BS010391
trafficlightid: C119BS010007
turn_signal_lamp: 0.0