position: 0.826921516255656 0.7923000963097513 0.9956887869047724
orientation: 0.7581500977771057 0.9475752665442144 0.9950316397304196
enu_velocity: 0.42747408114397367 0.37135207017949673 0.4874245988494519
velocity: 0.2221794444264705 0.5120930272411405 0.33148921476213355
angularVelocity: 0.4432245771609743 0.5272872272347419 0.5171141822452541
acceleration: 0.16077410691244093 0.5231486537409927 0.4364783597936861
accel: 0.0
brake: 0.2966352
steer: 0.5571985700357491
linkid: A219BS010391
trafficlightid: C119BS010007
turn_signal_lamp: 0.0