position: 0.8262239248978912 0.792574396235386 0.9946421846399076
orientation: 0.7620869118747018 0.9593616109621875 0.99497519354602
enu_velocity: 0.4392396624169045 0.36350775697911525 0.49915006011625407
velocity: 0.2024908866196367 0.5134118833651721 0.3213857005456056
angularVelocity: 0.43231632287348853 0.5169508010650514 0.5175616498965911
acceleration: 0.1666963810608419 0.5231985504186596 0.43939078769107365
accel: 0.0
brake: 0.3000582
steer: 0.5579298017549562
linkid: A219BS010391
trafficlightid: C119BS010007
turn_signal_lamp: 0.0