position: 0.8255928650786274 0.7928182183915045 0.9935999614640172
orientation: 0.7636971967672013 0.9690953675087312 0.9949264196585292
enu_velocity: 0.451107471861683 0.35555426595537953 0.5119369229059535
velocity: 0.18260706606188692 0.5149605542039387 0.3105909579621189
angularVelocity: 0.4217683715376045 0.5086262063298641 0.5183434478011257
acceleration: 0.16430907943487327 0.5243679140426927 0.44010350047637703
accel: 0.0
brake: 0.3004093
steer: 0.5575235619109523
linkid: A219BS010391
trafficlightid: C119BS010007
turn_signal_lamp: 0.0