position: 0.8250287671441683 0.7930376583320129 0.9928277821082101
orientation: 0.7631898269312343 0.9771250484995153 0.9948825779619082
enu_velocity: 0.46301603961209553 0.3476472822732037 0.5253927305023428
velocity: 0.16269814278612715 0.5158867985595814 0.29934513371567295
angularVelocity: 0.4127146611607739 0.5015939274719657 0.5185829346529787
acceleration: 0.16452360162817625 0.5224010382559607 0.4399035827589536
accel: 0.0
brake: 0.3010086
steer: 0.5581735456613586
linkid: A219BS010391
trafficlightid: C119BS010007
turn_signal_lamp: 0.0