position: 0.18898648444932015 0.23999414826825305 0.9502907715078954
orientation: 0.8199744132379874 0.5487001417140875 0.5004262234943377
enu_velocity: 0.889380833436607 0.9990612709704485 0.5481196727277232
velocity: 0.9996328073125249 0.5135514307636398 0.7118904882198187
angularVelocity: 0.4439952172783851 0.48706579205398826 0.5202907296765237
acceleration: 0.5916592560845361 0.5087729928248209 0.4415127096682982
accel: 0.0285334
brake: 0.0
steer: 0.5653233669158272
linkid: A219BS010380
trafficlightid: null
turn_signal_lamp: 0.0