position: 0.8241013708604032 0.7934033915661916 0.9924942414979989
orientation: 0.7593520294540477 0.9889199453669526 0.9948124312473144
enu_velocity: 0.4868642680236177 0.3317931420470301 0.5504826266090321
velocity: 0.12282046850548747 0.5177020966560247 0.2724749498386378
angularVelocity: 0.4072644239945441 0.490538709928374 0.5195256173963623
acceleration: 0.16299004961111185 0.5202892994641478 0.43599869085780785
accel: 0.0
brake: 0.3016123
steer: 0.5592297692557687
linkid: A219BS010391
trafficlightid: C119BS010007
turn_signal_lamp: 0.0