position: 0.8237382446496184 0.7935435893059593 0.9929474772068418
orientation: 0.7565839005769055 0.9930582618514854 0.9947844821657186
enu_velocity: 0.49878379670691303 0.32387751486508276 0.5613624836872835
velocity: 0.10289661322566812 0.518470155021846 0.2565485320444123
angularVelocity: 0.4035188384687794 0.4852644721044229 0.5200157148496504
acceleration: 0.16392936449513057 0.52049426556448 0.43536830835832907
accel: 0.0
brake: 0.3023624
steer: 0.5596360090997726
linkid: A219BS010391
trafficlightid: C119BS010007
turn_signal_lamp: 0.0