position: 0.8235817707337126 0.7936045448449889 0.9932817476652158
orientation: 0.754852555217847 0.9946953432197747 0.9947724256991477
enu_velocity: 0.5047454020761678 0.3199170346624775 0.5661597015174574
velocity: 0.09293155709408989 0.5188477499156846 0.24778361334462273
angularVelocity: 0.40142210233968567 0.4828452839712779 0.5202516954099609
acceleration: 0.1639122362149698 0.5206252259312972 0.4340611063428353
accel: 0.0
brake: 0.3025527
steer: 0.5598797530061749
linkid: A219BS010391
trafficlightid: C119BS010007
turn_signal_lamp: 0.0