position: 0.8233190873501348 0.7937081692613397 0.9941247222927743
orientation: 0.7511137743610699 0.9971990728004452 0.9947526969356684
enu_velocity: 0.5166372812522534 0.3119328316289156 0.5745940577457149
velocity: 0.0730061562646016 0.520210540114577 0.22880591978193215
angularVelocity: 0.4009873351971056 0.47853708159143943 0.5207046465998243
acceleration: 0.16392525370789202 0.5265130875978218 0.43168830202253883
accel: 0.0
brake: 0.3030924
steer: 0.5602047448813781
linkid: A219BS010391
trafficlightid: C119BS010007
turn_signal_lamp: 0.0