position: 0.8232127918132022 0.7937508381386618 0.994618829498711
orientation: 0.7493495439200506 0.9981145412451852 0.9947450246387596
enu_velocity: 0.5225777318505789 0.3079263753636962 0.5781017168455312
velocity: 0.06304294482133788 0.5210160445587768 0.21851483128255256
angularVelocity: 0.4016318168795955 0.4766992764261482 0.5208942015199416
acceleration: 0.16396324042700416 0.5256874433445626 0.43056139331405563
accel: 0.0
brake: 0.3033247
steer: 0.5603672408189796
linkid: A219BS010391
trafficlightid: C119BS010007
turn_signal_lamp: 0.0