position: 0.1899132782482606 0.2411827812793348 0.9498448342806762
orientation: 0.8233713337921826 0.5507630994304923 0.5004159206956318
enu_velocity: 0.8894670889893082 0.9991041819622217 0.5405123319559048
velocity: 0.9997417436359647 0.5131824484890286 0.7081465016973331
angularVelocity: 0.4513113240420118 0.4877451656282523 0.520399670630713
acceleration: 0.5909990895367524 0.5084528148047678 0.4375416084414863
accel: 0.0272516
brake: 0.0
steer: 0.5653233669158272
linkid: A219BS010380
trafficlightid: null
turn_signal_lamp: 0.0