position: 0.8230502930490492 0.7938117936776914 0.9956902466010971
orientation: 0.7460299575146423 0.9993667623875815 0.9947324201509811
enu_velocity: 0.5344711111232331 0.29993006530031263 0.5836666785756155
velocity: 0.04311193514224459 0.5224193543309285 0.1964060397680849
angularVelocity: 0.4027555613864844 0.4735636379671386 0.5212612139602363
acceleration: 0.16380520349538713 0.5240361195482663 0.42845681047351925
accel: 0.0
brake: 0.3037744
steer: 0.5603672408189796
linkid: A219BS010391
trafficlightid: C119BS010007
turn_signal_lamp: 0.0