position: 0.8229940898218288 0.7938361758933024 0.9962544192306233
orientation: 0.7444088313863317 0.9997530480217186 0.9947274879601112
enu_velocity: 0.5404352905218274 0.29596549016306384 0.5856864491661731
velocity: 0.03314453575794246 0.5227712875238569 0.18460082368401087
angularVelocity: 0.4026341726683372 0.4722560970319598 0.5214080356547012
acceleration: 0.16375762493938484 0.5198115449128404 0.4271126496818508
accel: 0.0
brake: 0.303984
steer: 0.5605297367565811
linkid: A219BS010391
trafficlightid: C119BS010007
turn_signal_lamp: 0.0