position: 0.8229547561697008 0.7938483670011092 0.9968222411009613
orientation: 0.742787705258021 0.9999999999999999 0.9947231037904491
enu_velocity: 0.5464071715525778 0.2920142133465036 0.5873377054136585
velocity: 0.02317546618286907 0.5229801664187704 0.1724322745311079
angularVelocity: 0.4028424490258035 0.47107642607647876 0.5215418180300134
acceleration: 0.16368089024426447 0.5188202243570663 0.4261179910519686
accel: 0.0
brake: 0.2137969
steer: 0.5604484887877804
linkid: A219BS010391
trafficlightid: C119BS010007
turn_signal_lamp: 0.0