position: 0.8229139593401411 0.7938666536628185 0.9942626635954657
orientation: 0.7395895406936989 0.9934174647289856 0.9947148834723327
enu_velocity: 0.5548456204595444 0.28643929085703673 0.590096329632044
velocity: 0.009093511948387107 0.5232112736447315 0.155570348421999
angularVelocity: 0.40365900388271014 0.4260568326157824 0.5217391958673356
acceleration: 0.27230555024790326 0.5177408140707404 0.43657792902674536
accel: 0.0
brake: 1.0
steer: 0.560610984725382
linkid: A219BS010391
trafficlightid: C119BS010007
turn_signal_lamp: 0.0