position: 0.8229094837385861 0.7938666536628185 0.9849841039070233
orientation: 0.7367332364319585 0.9738099052759204 0.9947066631542161
enu_velocity: 0.5589944523701441 0.283713436821023 0.5952458159643708
velocity: 0.0021750166011665416 0.5232250582522231 0.15110741289450025
angularVelocity: 0.4049168780272115 0.3473331590991303 0.5220622224652739
acceleration: 0.5312433837260023 0.5161615507740123 0.461107672333414
accel: 0.0
brake: 1.0
steer: 0.5604484887877804
linkid: A219BS010391
trafficlightid: C119BS010007
turn_signal_lamp: 0.0