position: 0.822913184716795 0.7938666536628185 0.9661905137255244
orientation: 0.7342957652470599 0.9352928800573127 0.9946924146028143
enu_velocity: 0.5596873490208205 0.2832762505437947 0.6067989984274802
velocity: 0.0010201445460620224 0.523134553846007 0.16089455955228424
angularVelocity: 0.4077752120840985 0.27841948067452293 0.5220074942023727
acceleration: 0.5709541289432155 0.5156861641668207 0.47301262689272594
accel: 0.0
brake: 1.0
steer: 0.5606922326941828
linkid: A219BS010391
trafficlightid: C119BS010007
turn_signal_lamp: 0.0