position: 0.8229159389331366 0.7938605581089151 0.9551719960179486
orientation: 0.733369562334251 0.9121952085186956 0.99468364626349
enu_velocity: 0.5598415267301015 0.28319065803188537 0.6144465363899476
velocity: 0.0007657941848915567 0.5230466959430942 0.1680779805353859
angularVelocity: 0.40970541739611716 0.2633724930082252 0.5219832503183773
acceleration: 0.5771026029657046 0.5153196406948221 0.47590046066474595
accel: 0.0
brake: 1.0
steer: 0.5605297367565811
linkid: A219BS010391
trafficlightid: C119BS010007
turn_signal_lamp: 0.0