position: 0.8229222219891659 0.7938605581089151 0.9334845578725801
orientation: 0.7322005157392699 0.8647016748831948 0.9946661095848417
enu_velocity: 0.5599567341465789 0.2831523522068817 0.6298906955981114
velocity: 0.0005838600548947583 0.5228265416720919 0.18303292904859528
angularVelocity: 0.41384896062631316 0.26336356619411916 0.5219550627488353
acceleration: 0.585448293528479 0.5150610217035205 0.4754743533287628
accel: 0.0
brake: 1.0
steer: 0.5604484887877804
linkid: A219BS010391
trafficlightid: C119BS010007
turn_signal_lamp: 0.0