position: 0.8229253204825501 0.7938544625550126 0.9237746579201662
orientation: 0.7319356282109482 0.8421477965896822 0.9946573412455175
enu_velocity: 0.5599415243606307 0.2831805504499422 0.6364996236113881
velocity: 0.0006155994130396223 0.522715740811572 0.18957113670311884
angularVelocity: 0.41578495194519915 0.2742196118162338 0.5219313050454801
acceleration: 0.5885175633384769 0.5151211966057985 0.4730965284036306
accel: 0.0
brake: 1.0
steer: 0.5603672408189796
linkid: A219BS010391
trafficlightid: C119BS010007
turn_signal_lamp: 0.0