position: 0.822928246837413 0.7938544625550126 0.9152201076088129
orientation: 0.7318474528263499 0.8212445410427772 0.9946491209274011
enu_velocity: 0.5598942208609226 0.28322896038314205 0.6417443516124927
velocity: 0.0007017520908192804 0.5226060743257556 0.19483401188874425
angularVelocity: 0.41736904863083885 0.2898012045104431 0.5219350869021864
acceleration: 0.590663862450014 0.51517686607744 0.46940996522471784
accel: 0.0
brake: 1.0
steer: 0.5603672408189796
linkid: A219BS010391
trafficlightid: C119BS010007
turn_signal_lamp: 0.0