position: 0.8229310010537546 0.7938544625550126 0.9079697959636477
orientation: 0.7319135843647986 0.8023952987755457 0.9946414486304923
enu_velocity: 0.5598224879476617 0.2832906073356136 0.6454128793665971
velocity: 0.0008283971727962879 0.5225113572268886 0.19859360707499746
angularVelocity: 0.4186532737201611 0.3085211638988165 0.5219245740763088
acceleration: 0.5921101767105633 0.5153700957181532 0.465528419056543
accel: 0.0
brake: 1.0
steer: 0.5602859928501788
linkid: A219BS010391
trafficlightid: C119BS010007
turn_signal_lamp: 0.0