position: 0.8229334109930535 0.7938483670011092 0.9020697034189009
orientation: 0.7321011377443334 0.7858395383729876 0.9946348723759992
enu_velocity: 0.5597346053015799 0.2833599306558373 0.6471284143150832
velocity: 0.0009817917310273327 0.5224309244970982 0.2004668647252047
angularVelocity: 0.41968677266122273 0.32903319018165167 0.5219230432468736
acceleration: 0.5932065761938221 0.5155254241371036 0.4608484631335413
accel: 0.0
brake: 1.0
steer: 0.5602047448813781
linkid: A219BS010391
trafficlightid: C119BS010007
turn_signal_lamp: 0.0