position: 0.8229355627245704 0.7938483670011092 0.8974891763517518
orientation: 0.7323660252726552 0.7716781074683694 0.9946288441427138
enu_velocity: 0.5596368042897307 0.2834329377825357 0.6469120783850604
velocity: 0.001151433755511983 0.5223640577644396 0.20046343779511494
angularVelocity: 0.42022649843502036 0.3501917113993265 0.5219256636445064
acceleration: 0.5937724115933335 0.5156790594138706 0.456103483460073
accel: 0.0
brake: 1.0
steer: 0.5602047448813781
linkid: A219BS010391
trafficlightid: C119BS010007
turn_signal_lamp: 0.0