position: 0.8229374562483052 0.7938483670011092 0.8941369837419024
orientation: 0.7326966829648986 0.7599088679493249 0.9946233639306362
enu_velocity: 0.5595339283489102 0.28350492056255905 0.644680936818957
velocity: 0.001328307955318443 0.5223219352369901 0.1984938424257433
angularVelocity: 0.42079462257464495 0.3710230236517553 0.5219291718200856
acceleration: 0.5940062895044751 0.5159324061123124 0.4508536825269753
accel: 0.0
brake: 1.0
steer: 0.5602859928501788
linkid: A219BS010391
trafficlightid: C119BS010007
turn_signal_lamp: 0.0