position: 0.19176755440022686 0.24355395174759575 0.9484121423379079
orientation: 0.8332856439415812 0.5557793604877403 0.5003968495576017
enu_velocity: 0.8896283493704453 0.9991438235450978 0.5266569132974066
velocity: 0.9999002871181331 0.5123417102170751 0.7034929399136204
angularVelocity: 0.4698345822443373 0.4927048712800012 0.5204949344697314
acceleration: 0.5886955665159632 0.5075207427178776 0.4456595225225097
accel: 0.02468575
brake: 0.0
steer: 0.565404614884628
linkid: A219BS010380
trafficlightid: null
turn_signal_lamp: 0.0