position: 0.8229402965339074 0.7938483670011092 0.8905300741233795
orientation: 0.7334024474162119 0.7431107881452786 0.9946151436125198
enu_velocity: 0.5593332399750507 0.2836382143632898 0.6346809386142759
velocity: 0.0016726766134163439 0.5222703998499019 0.18913150430023046
angularVelocity: 0.4209344774023671 0.4094209437399192 0.5219438379553877
acceleration: 0.593587021940185 0.5163400734917303 0.442242952427344
accel: 0.0
brake: 1.0
steer: 0.560610984725382
linkid: A219BS010391
trafficlightid: C119BS010007
turn_signal_lamp: 0.0