position: 0.8229412432957749 0.7938483670011092 0.8899483851379559
orientation: 0.7337443077187936 0.7377437697543764 0.9946124035064811
enu_velocity: 0.5592408120363658 0.28369600412844614 0.6274761262978136
velocity: 0.0018307716368985967 0.5222631246158551 0.18228255343787358
angularVelocity: 0.4206587506708012 0.4261407948593023 0.5219542694702058
acceleration: 0.5930878026091319 0.5163875579596249 0.43920744099119496
accel: 0.0
brake: 1.0
steer: 0.5606922326941828
linkid: A219BS010391
trafficlightid: C119BS010007
turn_signal_lamp: 0.0