position: 0.8229420179191209 0.7938483670011092 0.889946925441631
orientation: 0.7340532829394146 0.7341114731964807 0.9946096634004421
enu_velocity: 0.5591562502290631 0.2837460266567168 0.6190813227407124
velocity: 0.00197490062486436 0.5222705344717655 0.17425870619001238
angularVelocity: 0.420413089984704 0.440880535207319 0.5219647161564777
acceleration: 0.592472362187761 0.5165140081086704 0.4363019627432
accel: 0.0
brake: 1.0
steer: 0.5608547286317843
linkid: A219BS010391
trafficlightid: C119BS010007
turn_signal_lamp: 0.0