position: 0.8229424482654242 0.7938483670011092 0.8903658582868419
orientation: 0.7343178090932094 0.7319926038417032 0.9946080193368187
enu_velocity: 0.559080654635324 0.2837885585605283 0.6099382841167597
velocity: 0.0021035422080185485 0.5222868776013423 0.16549011640226405
angularVelocity: 0.4199833346784419 0.45367056614285267 0.5219744981744179
acceleration: 0.5918174955104875 0.5166994302081729 0.434759760798475
accel: 0.0
brake: 1.0
steer: 0.5607734806629835
linkid: A219BS010391
trafficlightid: C119BS010007
turn_signal_lamp: 0.0