position: 0.822942792542467 0.7938483670011092 0.8910511857113248
orientation: 0.7345494501650434 0.7311516129777148 0.9946063752731956
enu_velocity: 0.5590147958786211 0.28382401971371835 0.6002546031528314
velocity: 0.0022158594961436536 0.522306003976115 0.15617960950436827
angularVelocity: 0.41966869134195045 0.46438970885321273 0.52198648441619
acceleration: 0.5911123820717911 0.5166838873623929 0.433460478520733
accel: 0.0
brake: 1.0
steer: 0.5607734806629835
linkid: A219BS010391
trafficlightid: C119BS010007
turn_signal_lamp: 0.0