position: 0.8229428786117277 0.7938483670011092 0.8918678858050373
orientation: 0.7347370035445782 0.731366849622566 0.99460527923078
enu_velocity: 0.5589588983597638 0.28385279074087055 0.5904032573548381
velocity: 0.002311567135899992 0.5223254668348792 0.1466904749655345
angularVelocity: 0.41923246000724446 0.4731965594839513 0.5219965870178563
acceleration: 0.5904204459899651 0.5167155851014535 0.4332486652935941
accel: 0.0
brake: 1.0
steer: 0.5608547286317843
linkid: A219BS010391
trafficlightid: C119BS010007
turn_signal_lamp: 0.0