position: 0.8229427064732063 0.7938483670011092 0.89348230994024
orientation: 0.7349686446164121 0.7341503155711311 0.9946041831883644
enu_velocity: 0.5588741190384586 0.2838914841502122 0.5714812476245686
velocity: 0.0024567676634225178 0.522375816683889 0.1284277985941739
angularVelocity: 0.41838223332138674 0.48561029114678733 0.5220122263077173
acceleration: 0.5890855934416196 0.5167716709924774 0.43519114795962593
accel: 0.0
brake: 1.0
steer: 0.5608547286317843
linkid: A219BS010391
trafficlightid: C119BS010007
turn_signal_lamp: 0.0