position: 0.8229424482654242 0.7938483670011092 0.8941238464749794
orientation: 0.7350347761548608 0.7363529276602464 0.9946041831883644
enu_velocity: 0.558844553890884 0.28390274317710124 0.5628558838256307
velocity: 0.002507641699243665 0.5224018546193407 0.12008910018233361
angularVelocity: 0.4181255101053354 0.48945130566307765 0.5220299841473182
acceleration: 0.5885421405173654 0.5167419416558701 0.436665189269805
accel: 0.0
brake: 1.0
steer: 0.5608547286317843
linkid: A219BS010391
trafficlightid: C119BS010007
turn_signal_lamp: 0.0