position: 0.8229421900576422 0.7938483670011092 0.8945916791470705
orientation: 0.7350676612368217 0.7388908670387742 0.9946041831883644
enu_velocity: 0.5588230206694557 0.2839098045077384 0.5552254372992945
velocity: 0.0025450841107386886 0.5224238334582678 0.11270576622407241
angularVelocity: 0.4177413516849493 0.4921227963944275 0.5220411361574515
acceleration: 0.5879610677998229 0.5167346026094797 0.43916814446110564
accel: 0.0
brake: 1.0
steer: 0.5607734806629835
linkid: A219BS010391
trafficlightid: C119BS010007
turn_signal_lamp: 0.0