position: 0.8229417597113389 0.7938483670011092 0.8948566140300174
orientation: 0.7350676612368217 0.7416301453317736 0.9946047312095723
enu_velocity: 0.5588082556962332 0.2839125022809236 0.5485494271945215
velocity: 0.0025706431398243366 0.5224491431989724 0.10623897474622843
angularVelocity: 0.41759492475590104 0.4935789067628325 0.5220473769795896
acceleration: 0.5874818542999977 0.5167489580309409 0.4416044529918241
accel: 0.0
brake: 1.0
steer: 0.5607734806629835
linkid: A219BS010391
trafficlightid: C119BS010007
turn_signal_lamp: 0.0