position: 0.8229413293650355 0.7938483670011092 0.8949164615793328
orientation: 0.7350347761548608 0.7444663513853684 0.9946047312095723
enu_velocity: 0.5587997059128864 0.28391285774740593 0.5431630754603063
velocity: 0.002585951285802535 0.522466620614918 0.10101709192282171
angularVelocity: 0.4172755925904535 0.49425961398161367 0.522051412288818
acceleration: 0.5870828669239208 0.5167031067893237 0.44495653288512077
accel: 0.0
brake: 1.0
steer: 0.5607734806629835
linkid: A219BS010391
trafficlightid: C119BS010007
turn_signal_lamp: 0.0