position: 0.8229405547416894 0.7938483670011092 0.8944551975407036
orientation: 0.7349466007702625 0.7500731947133317 0.99460527923078
enu_velocity: 0.5587955539524221 0.2839075651261144 0.5361864212489639
velocity: 0.002593703314233958 0.5224984032380622 0.09424189417674764
angularVelocity: 0.41712246850246576 0.4932907714308966 0.5220570024241603
acceleration: 0.5864489954073372 0.516544097232238 0.45110638736391534
accel: 0.0
brake: 1.0
steer: 0.5606922326941828
linkid: A219BS010391
trafficlightid: C119BS010007
turn_signal_lamp: 0.0