position: 0.8229392637027794 0.7938483670011092 0.8926940739248606
orientation: 0.7347149596984286 0.7574315084211692 0.9946058272519878
enu_velocity: 0.5588130537210152 0.28389100873729095 0.5352065541348798
velocity: 0.002562728230400384 0.5225327133425284 0.0932585832390855
angularVelocity: 0.4167598816712445 0.48856850469410606 0.522057009563668
acceleration: 0.5858716911398071 0.5165866035399024 0.46016141793203563
accel: 0.0
brake: 1.0
steer: 0.5606922326941828
linkid: A219BS010391
trafficlightid: C119BS010007
turn_signal_lamp: 0.0