position: 0.8229386612179546 0.7938483670011092 0.8912168612441869
orientation: 0.7345386089292321 0.7612526715714013 0.9946058272519878
enu_velocity: 0.5588327639330418 0.28387863118431683 0.5400505759293334
velocity: 0.0025266927427402826 0.522548549555421 0.09793144221437236
angularVelocity: 0.4167909873390221 0.48443599205405996 0.5220555490385512
acceleration: 0.5857109538016028 0.5165082129440451 0.46488942821560836
accel: 0.0
brake: 1.0
steer: 0.5606922326941828
linkid: A219BS010391
trafficlightid: C119BS010007
turn_signal_lamp: 0.0