position: 0.8229384030101726 0.7938483670011092 0.8905001503487215
orientation: 0.7344500721701068 0.7628013776285596 0.9946058272519878
enu_velocity: 0.558843812502248 0.2838732221516348 0.5437320299796716
velocity: 0.002506592694798204 0.5225498409536316 0.10149047915109799
angularVelocity: 0.4168425297323183 0.48229150601090076 0.5220548289398753
acceleration: 0.585661438608057 0.5164620386996914 0.46668249819062624
accel: 0.0
brake: 1.0
steer: 0.560610984725382
linkid: A219BS010391
trafficlightid: C119BS010007
turn_signal_lamp: 0.0