position: 0.19362191662145378 0.24592512221585583 0.9466838618893725
orientation: 0.8438836746961436 0.5613876292239478 0.5003784908471416
enu_velocity: 0.8894962385930867 0.9986272569393715 0.5227660801778659
velocity: 0.9992533997970212 0.5118847785249507 0.7089877999544819
angularVelocity: 0.46399464353538905 0.49605158766436186 0.5205569172954473
acceleration: 0.566399087405233 0.512058816399252 0.44873710239696113
accel: 0.03869627
brake: 0.0
steer: 0.5654858628534287
linkid: A219BS010380
trafficlightid: null
turn_signal_lamp: 0.0