position: 0.8229378005253479 0.7938483670011092 0.8887747892928355
orientation: 0.7342187924727999 0.7660106842900339 0.9946047312095723
enu_velocity: 0.558877213618354 0.2838589235839015 0.5579136939925576
velocity: 0.002444520328994328 0.5225508280746299 0.11521489816436883
angularVelocity: 0.4169599206092692 0.4760877072033654 0.5220493162483593
acceleration: 0.5856652121584907 0.5164744867638783 0.46975948169928317
accel: 0.0
brake: 1.0
steer: 0.560610984725382
linkid: A219BS010391
trafficlightid: C119BS010007
turn_signal_lamp: 0.0