position: 0.8229376283868265 0.7938483670011092 0.8884105950598036
orientation: 0.7341522995598242 0.7666303805241339 0.9946041831883644
enu_velocity: 0.5588880119612246 0.28385530451172303 0.5631353700987121
velocity: 0.002424510471353898 0.5225461733028591 0.12027133787176306
angularVelocity: 0.4170046622355858 0.47419820897277465 0.5220477857164034
acceleration: 0.5856881221847768 0.5163948432428054 0.47011294213963645
accel: 0.0
brake: 1.0
steer: 0.560610984725382
linkid: A219BS010391
trafficlightid: C119BS010007
turn_signal_lamp: 0.0