position: 0.8229374562483052 0.7938483670011092 0.8880500500675841
orientation: 0.7340420803290764 0.7672653998968574 0.994603087145949
enu_velocity: 0.5589078035705367 0.28384897339538945 0.5732962872266111
velocity: 0.002387526888684785 0.5225377880214455 0.1301124486505482
angularVelocity: 0.4171023087035665 0.4707685811277112 0.5220432315037915
acceleration: 0.5857822502297093 0.5164181776573357 0.4693654811073702
accel: 0.0
brake: 1.0
steer: 0.560610984725382
linkid: A219BS010391
trafficlightid: C119BS010007
turn_signal_lamp: 0.0