position: 0.8229374562483052 0.7938483670011092 0.8881770436478396
orientation: 0.733953904944478 0.7672108780315224 0.9946014430823257
enu_velocity: 0.5589246037842663 0.28384409953940165 0.5823900461414916
velocity: 0.002356051380796629 0.5225288069234505 0.13892167764359753
angularVelocity: 0.41725690004364274 0.46798545718015205 0.5220397447467353
acceleration: 0.5859122904164608 0.5163375205831467 0.4676397972865198
accel: 0.0
brake: 1.0
steer: 0.560610984725382
linkid: A219BS010391
trafficlightid: C119BS010007
turn_signal_lamp: 0.0