position: 0.8229374562483052 0.7938483670011092 0.8884098652116412
orientation: 0.7339430637086668 0.7669749729671326 0.9946008950611179
enu_velocity: 0.5589318597839281 0.2838427202013302 0.5863113799341871
velocity: 0.0023428901055142894 0.5225193989398793 0.14272130425645646
angularVelocity: 0.4175417328032968 0.4668757129351688 0.522038626620507
acceleration: 0.5859961676044083 0.5163015155578823 0.4664085754538702
accel: 0.0
brake: 1.0
steer: 0.5604484887877804
linkid: A219BS010391
trafficlightid: C119BS010007
turn_signal_lamp: 0.0