position: 0.01845692464599219 0.02345569141867898 0.5107871558400987
orientation: 0.6583771204824842 0.4945215859548253 0.4985887083847081
enu_velocity: 0.8926421797494123 0.994979209624486 0.7514880949709347
velocity: 0.9975650114248091 0.5076480606413195 0.8158967700529909
angularVelocity: 0.4351594374411675 0.542117856173609 0.5073860685795324
acceleration: 0.5985312157196504 0.4907464064265448 0.5175998519104459
accel: 0.06001872
brake: 0.0
steer: 0.5607734806629835
linkid: A219BS010380
trafficlightid: null
turn_signal_lamp: 0.0