position: 0.8229374562483052 0.7938483670011092 0.8891440924630039
orientation: 0.7339651075548164 0.7661810205751978 0.9945992509974946
enu_velocity: 0.5589439635176515 0.2838416135370693 0.5923959895447807
velocity: 0.0023220042577425486 0.5224927619177008 0.14861790078296197
angularVelocity: 0.41784581823592387 0.4651418700205675 0.5220364409395631
acceleration: 0.5861442943415014 0.5163116098920624 0.4636092391851449
accel: 0.0
brake: 1.0
steer: 0.5604484887877804
linkid: A219BS010391
trafficlightid: C119BS010007
turn_signal_lamp: 0.0