position: 0.8229374562483052 0.7938483670011092 0.8896111952869326
orientation: 0.7340091952471155 0.7656607465661202 0.9945981549550792
enu_velocity: 0.5589486135101766 0.2838413430037 0.5945044120860151
velocity: 0.0023142574642374234 0.522480409321133 0.15066102255059519
angularVelocity: 0.4179799939642237 0.4645063776529936 0.5220358646226387
acceleration: 0.5862150376403472 0.5162905769541178 0.46209263803124867
accel: 0.0
brake: 1.0
steer: 0.5605297367565811
linkid: A219BS010391
trafficlightid: C119BS010007
turn_signal_lamp: 0.0