position: 0.8229376283868265 0.7938483670011092 0.8906592572481222
orientation: 0.7340973706317138 0.7644694616261569 0.9945965108914558
enu_velocity: 0.5589546203400481 0.28384029047472026 0.5968457682807002
velocity: 0.0023041530344252155 0.5224682007964597 0.1529282986818091
angularVelocity: 0.4181429010205358 0.4637331219578475 0.5220336865770017
acceleration: 0.5863728825829752 0.5163845648954472 0.4589038892114566
accel: 0.0
brake: 1.0
steer: 0.5605297367565811
linkid: A219BS010391
trafficlightid: C119BS010007
turn_signal_lamp: 0.0