position: 0.8229378005253479 0.7938483670011092 0.8912015344327766
orientation: 0.7341522995598242 0.7638305223807623 0.9945954148490402
enu_velocity: 0.5589565605104011 0.28384019641995645 0.5971165113506346
velocity: 0.0023014178352909437 0.5224603809975409 0.15318965224071524
angularVelocity: 0.4181362811738476 0.4635794481077843 0.5220333211730329
acceleration: 0.5864328654394698 0.5164102387000596 0.45749006335313114
accel: 0.0
brake: 1.0
steer: 0.5605297367565811
linkid: A219BS010391
trafficlightid: C119BS010007
turn_signal_lamp: 0.0