position: 0.8229380587331299 0.7938483670011092 0.892245217304992
orientation: 0.7342408363189494 0.7625547820023393 0.9945943188066247
enu_velocity: 0.5589571696859804 0.2838390049697059 0.5960988348200669
velocity: 0.0023007590322804486 0.5224621599495008 0.1521997403206665
angularVelocity: 0.417879486545918 0.46373141905154214 0.5221522906376561
acceleration: 0.5866111951961644 0.5164997703556043 0.4552085697923709
accel: 0.0
brake: 1.0
steer: 0.560610984725382
linkid: A219BS010391
trafficlightid: C119BS010007
turn_signal_lamp: 0.0