position: 0.8229383169409119 0.7938483670011092 0.8931385514557553
orientation: 0.7342957652470599 0.7613688423432912 0.9945937707854171
enu_velocity: 0.558954119120282 0.2838393132320539 0.5932508306491819
velocity: 0.0023070757685620586 0.5224631916971171 0.14943759978862906
angularVelocity: 0.4178844665586245 0.46426214862320925 0.5221535979866191
acceleration: 0.5866948269548887 0.5164577939270282 0.4531359076297768
accel: 0.0
brake: 1.0
steer: 0.560610984725382
linkid: A219BS010391
trafficlightid: C119BS010007
turn_signal_lamp: 0.0