position: 0.822938575148694 0.7938483670011092 0.8943727246983537
orientation: 0.7343951432419964 0.7591302386960136 0.9945926747430015
enu_velocity: 0.5589347377754489 0.2838420737043282 0.5802771523584835
velocity: 0.002343548940931471 0.5224848975941023 0.1368604288981766
angularVelocity: 0.4175971326926027 0.4675993681679847 0.5221545806268071
acceleration: 0.5868156337806225 0.5164645237383598 0.45180183734735224
accel: 0.0
brake: 1.0
steer: 0.560610984725382
linkid: A219BS010391
trafficlightid: C119BS010007
turn_signal_lamp: 0.0