position: 0.822938575148694 0.7938483670011092 0.8941676373647227
orientation: 0.734417187088146 0.7589182092197115 0.9945926747430015
enu_velocity: 0.558925453681024 0.2838449953486529 0.5743894551225027
velocity: 0.002361682326776267 0.5224845264384443 0.1311551972054388
angularVelocity: 0.41765282555038213 0.4692991417352221 0.5221559788559513
acceleration: 0.5867682233862686 0.5164101389987646 0.45297817444319716
accel: 0.0
brake: 1.0
steer: 0.560610984725382
linkid: A219BS010391
trafficlightid: C119BS010007
turn_signal_lamp: 0.0