position: 0.19640384726496724 0.24947883014129513 0.9434418763520436
orientation: 0.860282850733312 0.5707885529455063 0.5003540491012755
enu_velocity: 0.8897067635092646 0.9988555025479935 0.5133012665436394
velocity: 0.9996427786007118 0.5116101499231754 0.716197956224238
angularVelocity: 0.46790496980008117 0.4957385540497084 0.5206597906597192
acceleration: 0.5903532833390555 0.5132332816977391 0.4583710311260007
accel: 0.02851682
brake: 0.0
steer: 0.5656483587910303
linkid: A219BS010380
trafficlightid: null
turn_signal_lamp: 0.0