position: 0.822938575148694 0.7938483670011092 0.8933516671191728
orientation: 0.734417187088146 0.7593928701649795 0.9945926747430015
enu_velocity: 0.5589164208667524 0.2838472531094633 0.5697306366326568
velocity: 0.002378165736143768 0.5224930456571287 0.12664191370937716
angularVelocity: 0.4175336344209078 0.47090032835618634 0.522156574154645
acceleration: 0.5866629477998534 0.5165169401522186 0.45560244793050736
accel: 0.0
brake: 1.0
steer: 0.560610984725382
linkid: A219BS010391
trafficlightid: C119BS010007
turn_signal_lamp: 0.0