position: 0.822938575148694 0.7938483670011092 0.8931005993513108
orientation: 0.734417187088146 0.7596009797686105 0.9945926747430015
enu_velocity: 0.5589154668121533 0.2838480217705852 0.5692013748193235
velocity: 0.0023802479978778206 0.5224897724342831 0.12612983617878984
angularVelocity: 0.41759894655354496 0.4711053127450169 0.5221570035523017
acceleration: 0.5866044525078467 0.5164627622690284 0.45622499513763093
accel: 0.0
brake: 1.0
steer: 0.560610984725382
linkid: A219BS010391
trafficlightid: C119BS010007
turn_signal_lamp: 0.0