position: 0.8229384890794333 0.7938483670011092 0.8925984638155879
orientation: 0.7344059844778077 0.7600738589535735 0.9945932227642093
enu_velocity: 0.5589137847794406 0.28384833737479953 0.5689629403086979
velocity: 0.002382777985408388 0.5224947708292442 0.1259000217126105
angularVelocity: 0.4175094548638298 0.47138949088120563 0.5221568194443301
acceleration: 0.5865510286483808 0.5165128766723519 0.457514862628332
accel: 0.0
brake: 1.0
steer: 0.560610984725382
linkid: A219BS010391
trafficlightid: C119BS010007
turn_signal_lamp: 0.0