position: 0.8229384890794333 0.7938483670011092 0.8914963930903814
orientation: 0.7343618967855085 0.7614461707405309 0.9945937707854171
enu_velocity: 0.5589170423397143 0.2838486089441628 0.5726512372171049
velocity: 0.0023759333466947764 0.5224918243541551 0.1294787377735767
angularVelocity: 0.41753692797345177 0.4708629181934566 0.5221565979193887
acceleration: 0.5864367971790865 0.5164108864822965 0.4594588051978289
accel: 0.0
brake: 1.0
steer: 0.560610984725382
linkid: A219BS010391
trafficlightid: C119BS010007
turn_signal_lamp: 0.0