position: 0.8229384890794333 0.7938483670011092 0.8913445846726047
orientation: 0.734339852939359 0.7617508517526962 0.9945937707854171
enu_velocity: 0.5589197653848967 0.28384806508412297 0.5745950685102676
velocity: 0.0023706264202175875 0.5224904623236334 0.13136312989460228
angularVelocity: 0.41754644487802417 0.4703815162606042 0.5221563193512686
acceleration: 0.5863933616114895 0.5163937483390789 0.4596620450703052
accel: 0.0
brake: 1.0
steer: 0.560610984725382
linkid: A219BS010391
trafficlightid: C119BS010007
turn_signal_lamp: 0.0