position: 0.8229384890794333 0.7938483670011092 0.891329987709357
orientation: 0.7343290117035477 0.7620002981954045 0.9945937707854171
enu_velocity: 0.5589239449982775 0.28384727918504266 0.5773890494163328
velocity: 0.0023626526602507567 0.522487211920607 0.13407146542680975
angularVelocity: 0.4175840513867177 0.4696504191479804 0.5221559818484958
acceleration: 0.586423287990335 0.5163462458120239 0.4593326094247742
accel: 0.0
brake: 1.0
steer: 0.560610984725382
linkid: A219BS010391
trafficlightid: C119BS010007
turn_signal_lamp: 0.0