position: 0.8229384890794333 0.7938483670011092 0.8916022210739278
orientation: 0.7343290117035477 0.7619632375810592 0.9945937707854171
enu_velocity: 0.5589287710731606 0.283846221381076 0.5800124523320385
velocity: 0.0023538215988394987 0.522482091168682 0.1366133568306216
angularVelocity: 0.41765605928065636 0.4688013837637384 0.522155714391532
acceleration: 0.5864408924366844 0.5163156136401438 0.4583561870247661
accel: 0.0
brake: 1.0
steer: 0.560610984725382
linkid: A219BS010391
trafficlightid: C119BS010007
turn_signal_lamp: 0.0