position: 0.8229384890794333 0.7938483670011092 0.8917022102721752
orientation: 0.7343290117035477 0.7619019450265653 0.9945937707854171
enu_velocity: 0.558929356622219 0.28384580707849505 0.580436883678235
velocity: 0.002352500976503832 0.5224840786272952 0.13702441229892945
angularVelocity: 0.41760880378792775 0.4686792215674697 0.5221554324583239
acceleration: 0.5864929387865717 0.5165383205563879 0.45831857240524826
accel: 0.0
brake: 1.0
steer: 0.560610984725382
linkid: A219BS010391
trafficlightid: C119BS010007
turn_signal_lamp: 0.0