position: 0.8229384890794333 0.7938483670011092 0.8918080382557212
orientation: 0.7343290117035477 0.7618253293334476 0.9945937707854171
enu_velocity: 0.5589302818033683 0.28384542479021124 0.5806935218250637
velocity: 0.002350893238403296 0.5224834332338274 0.13727237031075193
angularVelocity: 0.41762255591412367 0.4685050569147138 0.5221553762079277
acceleration: 0.5864481703571133 0.5164260400051063 0.4577856138122771
accel: 0.0
brake: 1.0
steer: 0.560610984725382
linkid: A219BS010391
trafficlightid: C119BS010007
turn_signal_lamp: 0.0