position: 0.8229384890794333 0.7938483670011092 0.8919131363911053
orientation: 0.734339852939359 0.7617344595578895 0.9945937707854171
enu_velocity: 0.5589308743381037 0.2838453499307601 0.5808422828485463
velocity: 0.002349975391296999 0.5224816669048755 0.13741625864689452
angularVelocity: 0.4176525067787735 0.46840770552555455 0.5221554340914861
acceleration: 0.5864882634588316 0.5164428509890652 0.45757615615051134
accel: 0.0
brake: 1.0
steer: 0.560610984725382
linkid: A219BS010391
trafficlightid: C119BS010007
turn_signal_lamp: 0.0