position: 0.8229384890794333 0.7938483670011092 0.8920218837673011
orientation: 0.734339852939359 0.7616393135575994 0.9945932227642093
enu_velocity: 0.5589310423693753 0.28384528012581506 0.5809367641997608
velocity: 0.002349646665346526 0.5224817517643503 0.13750776727220726
angularVelocity: 0.41765039054685743 0.4683763050088031 0.5221553969392732
acceleration: 0.5865053543079909 0.5164349390438128 0.45734907085414056
accel: 0.0
brake: 1.0
steer: 0.560610984725382
linkid: A219BS010391
trafficlightid: C119BS010007
turn_signal_lamp: 0.0