position: 0.8229384890794333 0.7938483670011092 0.8921262520545228
orientation: 0.7343510555496973 0.7615370405160888 0.9945932227642093
enu_velocity: 0.5589312490196102 0.28384490016144753 0.5809026289034497
velocity: 0.002349185946961504 0.522483459884363 0.1374739627432532
angularVelocity: 0.41761872870409433 0.468318553540629 0.5221552244943815
acceleration: 0.5865101689761932 0.5164696220832998 0.45710077899685553
accel: 0.0
brake: 1.0
steer: 0.560610984725382
linkid: A219BS010391
trafficlightid: C119BS010007
turn_signal_lamp: 0.0