position: 0.8229384890794333 0.7938483670011092 0.8924641717537085
orientation: 0.7343510555496973 0.761127948350047 0.9945932227642093
enu_velocity: 0.558930712334493 0.2838446104621902 0.5799713592772476
velocity: 0.0023504236854569407 0.5224844566712818 0.13656987405813922
angularVelocity: 0.417607280362575 0.46839334805361393 0.5221552174213109
acceleration: 0.5865653338910809 0.516503117529691 0.4562987342573346
accel: 0.0
brake: 1.0
steer: 0.560610984725382
linkid: A219BS010391
trafficlightid: C119BS010007
turn_signal_lamp: 0.0