position: 0.8229384890794333 0.7938483670011092 0.8925218297585369
orientation: 0.7343510555496973 0.7610395730389161 0.9945932227642093
enu_velocity: 0.5589302331081882 0.28384464147498567 0.5796264901820292
velocity: 0.0023513222082067317 0.52248517529233 0.13623545974490736
angularVelocity: 0.4175982120588538 0.4684734771446671 0.5221552293323896
acceleration: 0.5865669025598785 0.516471039581629 0.4563137319823979
accel: 0.0
brake: 1.0
steer: 0.560610984725382
linkid: A219BS010391
trafficlightid: C119BS010007
turn_signal_lamp: 0.0