position: 0.19918706894739074 0.25303253806673354 0.9376563699687916
orientation: 0.8736602129753548 0.5758615808860736 0.5003303745851
enu_velocity: 0.8897889278895056 0.9989920003694432 0.5134959778572545
velocity: 0.9998427029288549 0.5120937003504585 0.7251698859172356
angularVelocity: 0.4540095761530991 0.46815857535217 0.5209508128577376
acceleration: 0.5886233887046224 0.5164729917047541 0.4559961493853377
accel: 0.02571935
brake: 0.0
steer: 0.5656483587910303
linkid: A219BS010380
trafficlightid: null
turn_signal_lamp: 0.0