position: 0.8229384890794333 0.7938483670011092 0.8925678101927674
orientation: 0.734339852939359 0.7609611755854935 0.9945932227642093
enu_velocity: 0.5589295560566484 0.2838446558505766 0.5792618501371893
velocity: 0.0023524797276887064 0.5224869234505103 0.1358819723421454
angularVelocity: 0.4175698284852688 0.46858423488778206 0.5221551741380457
acceleration: 0.5865965515443238 0.516461146034012 0.4564494634059612
accel: 0.0
brake: 1.0
steer: 0.560610984725382
linkid: A219BS010391
trafficlightid: C119BS010007
turn_signal_lamp: 0.0