position: 0.8229384890794333 0.7938483670011092 0.892623278653109
orientation: 0.734339852939359 0.7608385904765053 0.9945932227642093
enu_velocity: 0.5589285464115389 0.2838449182065413 0.5784017155349485
velocity: 0.0023545904649289982 0.5224863887974822 0.13504802934079993
angularVelocity: 0.4175854108363222 0.46876736794140855 0.5221553725628125
acceleration: 0.5865793668321893 0.516493341586027 0.4561703495832676
accel: 0.0
brake: 1.0
steer: 0.560610984725382
linkid: A219BS010391
trafficlightid: C119BS010007
turn_signal_lamp: 0.0