position: 0.8229384890794333 0.7938483670011092 0.8926305771347329
orientation: 0.734339852939359 0.7607634001916318 0.9945926747430015
enu_velocity: 0.558927478970777 0.2838454886452408 0.5776046539872867
velocity: 0.0023569069233058204 0.5224840695906701 0.13427577770821217
angularVelocity: 0.41763658866184394 0.46898094946168445 0.5221557307844364
acceleration: 0.5865905199003971 0.5164015576294353 0.45623038501216673
accel: 0.0
brake: 1.0
steer: 0.560610984725382
linkid: A219BS010391
trafficlightid: C119BS010007
turn_signal_lamp: 0.0