position: 0.8229384890794333 0.7938483670011092 0.8926174398678102
orientation: 0.7343510555496973 0.7607427317720931 0.9945926747430015
enu_velocity: 0.5589269759947046 0.28384555959325286 0.5772420310730209
velocity: 0.002357872512192109 0.5224845300410809 0.13392419813759865
angularVelocity: 0.4176285835700661 0.46906689005212326 0.5221557640629708
acceleration: 0.5865630351997576 0.516477440410908 0.45638803804718353
accel: 0.0
brake: 1.0
steer: 0.560610984725382
linkid: A219BS010391
trafficlightid: C119BS010007
turn_signal_lamp: 0.0