position: 0.8229384890794333 0.7938483670011092 0.8925648908001178
orientation: 0.7343510555496973 0.7607334666185067 0.9945926747430015
enu_velocity: 0.5589260464896462 0.28384598278794965 0.5766166265203434
velocity: 0.002359793582568415 0.5224833532716204 0.13331829344113486
angularVelocity: 0.4176573249577056 0.46924678832946326 0.5221560060834555
acceleration: 0.5865644201620411 0.5164081340637192 0.45649583521983716
accel: 0.0
brake: 1.0
steer: 0.560610984725382
linkid: A219BS010391
trafficlightid: C119BS010007
turn_signal_lamp: 0.0