position: 0.8229384890794333 0.7938483670011092 0.8925291282401611
orientation: 0.7343510555496973 0.7607445135323981 0.9945926747430015
enu_velocity: 0.5589254298623884 0.28384579022230144 0.5763783731573968
velocity: 0.0023606547723166713 0.5224868943794312 0.13308717743911533
angularVelocity: 0.41759329673108014 0.4693307602598312 0.5221557916465578
acceleration: 0.5865370562880962 0.5164708304053047 0.4566213439794965
accel: 0.0
brake: 1.0
steer: 0.560610984725382
linkid: A219BS010391
trafficlightid: C119BS010007
turn_signal_lamp: 0.0