position: 0.8229384890794333 0.7938483670011092 0.8924904462875545
orientation: 0.7343510555496973 0.7607673200643029 0.9945926747430015
enu_velocity: 0.5589248268438531 0.2838460899860049 0.5761850253885025
velocity: 0.0023617523825542447 0.5224868231261282 0.13290031731803045
angularVelocity: 0.41759531220798873 0.4694476094959792 0.5221558761445151
acceleration: 0.5865572676206231 0.5164924937260912 0.45678816657593957
accel: 0.0
brake: 1.0
steer: 0.560610984725382
linkid: A219BS010391
trafficlightid: C119BS010007
turn_signal_lamp: 0.0