position: 0.20011489557745926 0.25421507552391365 0.9341728046897122
orientation: 0.877012684462724 0.5747412100062517 0.5003231407051576
enu_velocity: 0.8897986444240984 0.9990253074725814 0.5140543579481731
velocity: 0.9998860780324672 0.5123228401891844 0.7238041714371917
angularVelocity: 0.44648417559442644 0.4573287136174068 0.5211297071046728
acceleration: 0.5882262790448053 0.5172347934811494 0.4598328744497333
accel: 0.02515628
brake: 0.0
steer: 0.565404614884628
linkid: A219BS010380
trafficlightid: null
turn_signal_lamp: 0.0