position: 0.8229384890794333 0.7938483670011092 0.8924459255496489
orientation: 0.7343618967855085 0.7607954718771228 0.9945926747430015
enu_velocity: 0.5589246026569779 0.28384638355806097 0.576019701650311
velocity: 0.002362339120572192 0.5224850276571962 0.1327403790899713
angularVelocity: 0.4176307173393931 0.4695047584579771 0.5221560661425805
acceleration: 0.5865694747708046 0.5164390535895228 0.45685057776713334
accel: 0.0
brake: 1.0
steer: 0.560610984725382
linkid: A219BS010391
trafficlightid: C119BS010007
turn_signal_lamp: 0.0