position: 0.8229384890794333 0.7938483670011092 0.8923546945293501
orientation: 0.7343618967855085 0.7608688804016913 0.9945926747430015
enu_velocity: 0.558923963391507 0.283846264373803 0.5758633159073694
velocity: 0.0023632094445189917 0.522488465881396 0.1325888582044456
angularVelocity: 0.4175688977861553 0.46959654421157054 0.5221558652081776
acceleration: 0.5865451875242175 0.5164759906301036 0.45701876150886594
accel: 0.0
brake: 1.0
steer: 0.560610984725382
linkid: A219BS010391
trafficlightid: C119BS010007
turn_signal_lamp: 0.0