position: 0.8229384890794333 0.7938483670011092 0.8922211323156333
orientation: 0.7343618967855085 0.7609985925518997 0.9945932227642093
enu_velocity: 0.5589236874095361 0.28384625384753237 0.5759712181651805
velocity: 0.002363474271961942 0.5224903695105152 0.13269379812852994
angularVelocity: 0.4175317997820542 0.4696377889607934 0.5221557349496451
acceleration: 0.5865480132032396 0.5165284719157809 0.4576382430777437
accel: 0.0
brake: 1.0
steer: 0.560610984725382
linkid: A219BS010391
trafficlightid: C119BS010007
turn_signal_lamp: 0.0