position: 0.8229384890794333 0.7938483670011092 0.8921226028137108
orientation: 0.7343618967855085 0.7611229594211929 0.9945932227642093
enu_velocity: 0.5589243614506548 0.2838465312247962 0.5763077453110309
velocity: 0.0023625135782303066 0.5224863083310263 0.1330203941579998
angularVelocity: 0.41760650055786946 0.46954750707064624 0.5221560001211732
acceleration: 0.5865039696502101 0.5164150862113938 0.4575824343715347
accel: 0.0
brake: 1.0
steer: 0.560610984725382
linkid: A219BS010391
trafficlightid: C119BS010007
turn_signal_lamp: 0.0