position: 0.20104272220752784 0.255397612981092 0.9305834114270868
orientation: 0.8790089173501041 0.5731533052223821 0.5003158520230944
enu_velocity: 0.8898066563034995 0.9990600449421121 0.5181711409305605
velocity: 0.9999279574428513 0.5125765776684235 0.7250881802303629
angularVelocity: 0.4328481520311841 0.4545493625932072 0.5210528017163376
acceleration: 0.5883053515598534 0.5165713707224954 0.46799005325467036
accel: 0.02459704
brake: 0.0
steer: 0.5654858628534287
linkid: A219BS010380
trafficlightid: null
turn_signal_lamp: 0.0