position: 0.8229384890794333 0.7938483670011092 0.8920831910129419
orientation: 0.7343510555496973 0.7611928044251512 0.9945932227642093
enu_velocity: 0.558924618375092 0.28384645017247156 0.5766307193250463
velocity: 0.002361887962159719 0.5224869857286691 0.13333364634953468
angularVelocity: 0.417592628959257 0.46949809873199805 0.522155906005605
acceleration: 0.5864871136868661 0.5163914744345504 0.4575195985678952
accel: 0.0
brake: 1.0
steer: 0.560610984725382
linkid: A219BS010391
trafficlightid: C119BS010007
turn_signal_lamp: 0.0