position: 0.8229384890794333 0.7938483670011092 0.8920722432905057
orientation: 0.7343510555496973 0.7612202435338492 0.9945932227642093
enu_velocity: 0.5589247767312521 0.28384628587486627 0.5768364057822913
velocity: 0.0023614302366568463 0.5224882973019623 0.1335329918320473
angularVelocity: 0.4175642368969531 0.4694608810156062 0.5221557595436624
acceleration: 0.5865114328453422 0.5164804073299631 0.4575865521580729
accel: 0.0
brake: 1.0
steer: 0.560610984725382
linkid: A219BS010391
trafficlightid: C119BS010007
turn_signal_lamp: 0.0