position: 0.8229384890794333 0.7938483670011092 0.8920634851125573
orientation: 0.7343510555496973 0.7612597986126215 0.9945932227642093
enu_velocity: 0.5589254154242997 0.2838461828522773 0.577165830646489
velocity: 0.002360297219372051 0.5224872656373807 0.13385219955720226
angularVelocity: 0.41758200735462025 0.46935034016897853 0.5221557633840235
acceleration: 0.5864819444480392 0.5164259199278002 0.457622915999731
accel: 0.0
brake: 1.0
steer: 0.560610984725382
linkid: A219BS010391
trafficlightid: C119BS010007
turn_signal_lamp: 0.0