position: 0.8229384890794333 0.7938483670011092 0.8920678642015316
orientation: 0.734339852939359 0.7612726272868179 0.9945932227642093
enu_velocity: 0.5589254349032242 0.2838459353758625 0.5773497165370955
velocity: 0.002359985578476039 0.5224898089288216 0.13403036824238598
angularVelocity: 0.41753266066429495 0.46932901806120353 0.522155533181903
acceleration: 0.5865044891699788 0.5164848096684173 0.45768945785896414
accel: 0.0
brake: 1.0
steer: 0.560610984725382
linkid: A219BS010391
trafficlightid: C119BS010007
turn_signal_lamp: 0.0