position: 0.8229384890794333 0.7938483670011092 0.8920868402537534
orientation: 0.7343510555496973 0.7612840305527703 0.9945932227642093
enu_velocity: 0.5589262388579902 0.2838463024246141 0.5775918172774671
velocity: 0.0023589833072147695 0.5224840279921609 0.13426531964189017
angularVelocity: 0.41763644698557345 0.46922661460792464 0.5221559171356017
acceleration: 0.5864886426561167 0.5164307483826541 0.45743776414034987
accel: 0.0
brake: 1.0
steer: 0.560610984725382
linkid: A219BS010391
trafficlightid: C119BS010007
turn_signal_lamp: 0.0