position: 0.8229384890794333 0.7938483670011092 0.8921729623369155
orientation: 0.7343510555496973 0.7612359230245337 0.9945932227642093
enu_velocity: 0.5589270882119854 0.2838461705176966 0.5779799122663549
velocity: 0.0023575180737793536 0.5224824095317226 0.13464129311239373
angularVelocity: 0.41766455767666216 0.469082957708053 0.5221559313430236
acceleration: 0.5865299114620167 0.5163676547548833 0.4572523121912913
accel: 0.0
brake: 1.0
steer: 0.560610984725382
linkid: A219BS010391
trafficlightid: C119BS010007
turn_signal_lamp: 0.0