position: 0.8229384890794333 0.7938483670011092 0.8922123741376842
orientation: 0.7343510555496973 0.7612027822828596 0.9945932227642093
enu_velocity: 0.55892696437032 0.2838459333227759 0.5780194249018993
velocity: 0.0023575074807813483 0.5224849886352293 0.13467941984602358
angularVelocity: 0.4176126274178008 0.4690858462315042 0.5221557152294325
acceleration: 0.5865421881492094 0.5165146589902705 0.45738059683334537
accel: 0.0
brake: 1.0
steer: 0.560610984725382
linkid: A219BS010391
trafficlightid: C119BS010007
turn_signal_lamp: 0.0