position: 0.8229384890794333 0.7938483670011092 0.8922328098862313
orientation: 0.7343510555496973 0.7611867464401141 0.9945932227642093
enu_velocity: 0.558926998462401 0.28384595387945 0.5780007298869074
velocity: 0.002357490231449914 0.5224845852159047 0.13466127377160253
angularVelocity: 0.4176242356461934 0.4690813889907645 0.522155755379842
acceleration: 0.5865219497441035 0.5163976902686749 0.4571407345190994
accel: 0.0
brake: 1.0
steer: 0.560610984725382
linkid: A219BS010391
trafficlightid: C119BS010007
turn_signal_lamp: 0.0