position: 0.8229384890794333 0.7938483670011092 0.8923072543987951
orientation: 0.7343510555496973 0.7610759209491393 0.9945932227642093
enu_velocity: 0.558926593102215 0.283845698082553 0.5775608604137743
velocity: 0.0023581990105568007 0.5224867143401788 0.13423418776960916
angularVelocity: 0.4175872178092886 0.46913170216419675 0.5221556320085546
acceleration: 0.5865361508567566 0.5164681041318501 0.45702767487154683
accel: 0.0
brake: 1.0
steer: 0.560610984725382
linkid: A219BS010391
trafficlightid: C119BS010007
turn_signal_lamp: 0.0