position: 0.8229384890794333 0.7938483670011092 0.8923014156134959
orientation: 0.7343510555496973 0.7610516890089906 0.9945932227642093
enu_velocity: 0.5589263671179514 0.2838456900631017 0.5772887571294358
velocity: 0.0023586936397972528 0.5224867694985724 0.13397017847068232
angularVelocity: 0.4175905349732693 0.4691684681981351 0.5221556733631612
acceleration: 0.5865175574387359 0.5164092863516937 0.457047641993503
accel: 0.0
brake: 1.0
steer: 0.560610984725382
linkid: A219BS010391
trafficlightid: C119BS010007
turn_signal_lamp: 0.0