position: 0.019390285529522072 0.024638228875858204 0.5232799668356996
orientation: 0.6583662792466729 0.5013843564866195 0.49849801087482326
enu_velocity: 0.8929035033903034 0.9950131297417923 0.7784762266561414
velocity: 0.9977701706792503 0.507600211578929 0.8539386588233857
angularVelocity: 0.4095249790488183 0.5258493648517988 0.5075452597685074
acceleration: 0.5954960768625863 0.49254512642026016 0.5317574804547075
accel: 0.05758252
brake: 0.0
steer: 0.5611797205069874
linkid: A219BS010380
trafficlightid: null
turn_signal_lamp: 0.0