position: 0.8229384890794333 0.7938483670011092 0.8922583545719149
orientation: 0.7343510555496973 0.7610737828367733 0.9945932227642093
enu_velocity: 0.5589255984461386 0.28384601617000604 0.5771120993543853
velocity: 0.002360006260921996 0.5224873934537734 0.1337996767524213
angularVelocity: 0.417580039894263 0.46931279456245883 0.5221557173901251
acceleration: 0.5865435120054019 0.516421131810697 0.4572039417711619
accel: 0.0
brake: 1.0
steer: 0.560610984725382
linkid: A219BS010391
trafficlightid: C119BS010007
turn_signal_lamp: 0.0