position: 0.8229384890794333 0.7938483670011092 0.8922430277605047
orientation: 0.7343510555496973 0.7610901750315798 0.9945932227642093
enu_velocity: 0.5589257071381926 0.283846224364616 0.5770993982809103
velocity: 0.002359998662052551 0.5224852211598716 0.1337875506518579
angularVelocity: 0.4176190182760094 0.4693099024539418 0.5221558887235342
acceleration: 0.5865247811774665 0.5164306033723526 0.4572418470577777
accel: 0.0
brake: 1.0
steer: 0.560610984725382
linkid: A219BS010391
trafficlightid: C119BS010007
turn_signal_lamp: 0.0