position: 0.8229384890794333 0.7938483670011092 0.8922371889752059
orientation: 0.7343510555496973 0.7610997965372271 0.9945932227642093
enu_velocity: 0.5589255291481549 0.2838459612922216 0.5771162735606434
velocity: 0.0023600597523960377 0.5224881720329615 0.1338037048340642
angularVelocity: 0.4175627675946896 0.46931949340150697 0.5221556566547301
acceleration: 0.5865347751681046 0.5165146881887261 0.4572392264769874
accel: 0.0
brake: 1.0
steer: 0.560610984725382
linkid: A219BS010391
trafficlightid: C119BS010007
turn_signal_lamp: 0.0