position: 0.8229384890794333 0.7938483670011092 0.8922255114046072
orientation: 0.7343510555496973 0.7611172577882167 0.9945932227642093
enu_velocity: 0.5589256431473117 0.2838461459965782 0.5771479972050475
velocity: 0.0023599973662836514 0.5224863360800728 0.1338346711149905
angularVelocity: 0.41759869389701926 0.4693141891530963 0.5221558005848248
acceleration: 0.5865341828280237 0.5164245273624666 0.4572675475227999
accel: 0.0
brake: 1.0
steer: 0.560610984725382
linkid: A219BS010391
trafficlightid: C119BS010007
turn_signal_lamp: 0.0