position: 0.8229384890794333 0.7938483670011092 0.8922196726193083
orientation: 0.7343510555496973 0.761124741181498 0.9945932227642093
enu_velocity: 0.5589259444356731 0.28384639932437666 0.5771479703650296
velocity: 0.0023597595156623252 0.5224829147470832 0.13383477113251757
angularVelocity: 0.41766202460133467 0.46928435634981497 0.5221560585770821
acceleration: 0.5865149198434552 0.5163763343678864 0.4571510996746706
accel: 0.0
brake: 1.0
steer: 0.560610984725382
linkid: A219BS010391
trafficlightid: C119BS010007
turn_signal_lamp: 0.0