position: 0.8229384890794333 0.7938483670011092 0.8922145636821714
orientation: 0.7343618967855085 0.7611304428144742 0.9945932227642093
enu_velocity: 0.558926054265124 0.2838464174397627 0.5771780700537034
velocity: 0.002359606131324665 0.5224823553614394 0.13386393744675398
angularVelocity: 0.41767117779109714 0.4692681471196326 0.5221560885470496
acceleration: 0.5865099046754115 0.5163939815431392 0.4571922980868427
accel: 0.0
brake: 1.0
steer: 0.560610984725382
linkid: A219BS010391
trafficlightid: C119BS010007
turn_signal_lamp: 0.0