position: 0.8229384890794333 0.7938483670011092 0.8922036159597357
orientation: 0.7343618967855085 0.7611450532489756 0.9945932227642093
enu_velocity: 0.5589262170197378 0.28384595467536716 0.5773281357893056
velocity: 0.002359010766472245 0.5224856757300277 0.13400887643780646
angularVelocity: 0.41761001865812225 0.46920854181387844 0.52215578993496
acceleration: 0.5864822660562401 0.516407281401305 0.45730714482798984
accel: 0.0
brake: 1.0
steer: 0.560610984725382
linkid: A219BS010391
trafficlightid: C119BS010007
turn_signal_lamp: 0.0