position: 0.8229384890794333 0.7938483670011092 0.8922043458078981
orientation: 0.7343618967855085 0.7611464786572197 0.9945932227642093
enu_velocity: 0.5589260859636578 0.28384624566072814 0.5773833853018318
velocity: 0.0023593066919699404 0.5224843532064295 0.13406300421433923
angularVelocity: 0.4176333302070715 0.46925007113129263 0.52215590506319
acceleration: 0.5865366058447782 0.5164001497514066 0.45741048892930397
accel: 0.0
brake: 1.0
steer: 0.560610984725382
linkid: A219BS010391
trafficlightid: C119BS010007
turn_signal_lamp: 0.0