position: 0.8229384890794333 0.7938483670011092 0.892205805504223
orientation: 0.7343618967855085 0.7611461223051587 0.9945932227642093
enu_velocity: 0.5589259778892756 0.28384561035164335 0.5774223543148067
velocity: 0.002359043056818847 0.5224898687171826 0.1341000503924402
angularVelocity: 0.4175275890822063 0.4692221212870817 0.5221554459698421
acceleration: 0.5865194123629642 0.5165836084503983 0.45744821962546006
accel: 0.0
brake: 1.0
steer: 0.560610984725382
linkid: A219BS010391
trafficlightid: C119BS010007
turn_signal_lamp: 0.0