position: 0.20567918721078954 0.26132249137479135 0.9114511716982399
orientation: 0.8783580818269014 0.5563199465642956 0.5002874097224115
enu_velocity: 0.8895526626799328 0.9989558325335202 0.5521765189879213
velocity: 0.9996338044413438 0.515105871615616 0.7288146397058245
angularVelocity: 0.4001171774445564 0.43380030250786117 0.5221543347134067
acceleration: 0.58989869573856 0.5240242851978714 0.4843553214196942
accel: 0.02916247
brake: 0.0
steer: 0.5660545986350342
linkid: A219BS010380
trafficlightid: null
turn_signal_lamp: 0.0