position: 0.8229384890794333 0.7938483670011092 0.8922218621637956
orientation: 0.7343510555496973 0.7611393516159994 0.9945932227642093
enu_velocity: 0.558926387213961 0.2838461540314571 0.5774627599868655
velocity: 0.0023588056373061656 0.5224838766803662 0.1341397194538886
angularVelocity: 0.41764342618662487 0.46919583864550474 0.5221559148953828
acceleration: 0.5865276541939546 0.5163400022217217 0.457182933489947
accel: 0.0
brake: 1.0
steer: 0.560610984725382
linkid: A219BS010391
trafficlightid: C119BS010007
turn_signal_lamp: 0.0