position: 0.8229384890794333 0.7938483670011092 0.8922247815564452
orientation: 0.7343510555496973 0.7611354317433283 0.9945932227642093
enu_velocity: 0.5589261909774477 0.2838458201681253 0.5774852792825044
velocity: 0.0023588442987325696 0.5224874784558201 0.13416126976043755
angularVelocity: 0.4175751706177797 0.4692032517874242 0.5221556253777369
acceleration: 0.586535377013239 0.5164329679102376 0.45723582207116414
accel: 0.0
brake: 1.0
steer: 0.560610984725382
linkid: A219BS010391
trafficlightid: C119BS010007
turn_signal_lamp: 0.0