position: 0.8229384890794333 0.7938483670011092 0.8922291606454194
orientation: 0.7343510555496973 0.761125810237681 0.9945932227642093
enu_velocity: 0.5589263808813375 0.28384577822148654 0.5774750926429446
velocity: 0.0023585841014572887 0.5224868077350684 0.13415118577885052
angularVelocity: 0.4175876289573445 0.4691700945632834 0.5221556622433781
acceleration: 0.5865048879315661 0.5164272159372321 0.4572214768975048
accel: 0.0
brake: 1.0
steer: 0.560610984725382
linkid: A219BS010391
trafficlightid: C119BS010007
turn_signal_lamp: 0.0