position: 0.8229384890794333 0.7938483670011092 0.8922335397343937
orientation: 0.7343510555496973 0.761123672125315 0.9945932227642093
enu_velocity: 0.5589262045068697 0.2838458709110474 0.577492295388849
velocity: 0.0023588512756429142 0.522487055644587 0.13416814036287092
angularVelocity: 0.4175830764940937 0.469204086763614 0.5221556609493423
acceleration: 0.5865205962773016 0.5164269699061047 0.45718518538309033
accel: 0.0
brake: 1.0
steer: 0.560610984725382
linkid: A219BS010391
trafficlightid: C119BS010007
turn_signal_lamp: 0.0