position: 0.8229384890794333 0.7938483670011092 0.8922379188233682
orientation: 0.734339852939359 0.7611218903650099 0.9945932227642093
enu_velocity: 0.5589261010756409 0.2838458302041685 0.5775075361204702
velocity: 0.002358948296102473 0.5224879429189164 0.13418295586236123
angularVelocity: 0.41756631378157455 0.46921749454801104 0.5221555970418242
acceleration: 0.5865297987723971 0.5164417397845299 0.45735516071899135
accel: 0.0
brake: 1.0
steer: 0.560610984725382
linkid: A219BS010391
trafficlightid: C119BS010007
turn_signal_lamp: 0.0