position: 0.20660649742529402 0.2625111243858731 0.9080916806067665
orientation: 0.8763842541601978 0.5518060350074563 0.5002864232842374
enu_velocity: 0.8895305021624403 0.9990496237012529 0.5588670262929842
velocity: 0.99971905895534 0.515700960320294 0.7275643770181174
angularVelocity: 0.40050215516994075 0.4272614864615364 0.5224198719668123
acceleration: 0.5897738968055377 0.5243265513539921 0.46996220949233053
accel: 0.02779588
brake: 0.0
steer: 0.566135846603835
linkid: A219BS010380
trafficlightid: null
turn_signal_lamp: 0.0