position: 0.8229384890794333 0.7938483670011092 0.8922459471531543
orientation: 0.734339852939359 0.7611019346495932 0.9945932227642093
enu_velocity: 0.5589261825587011 0.28384614719831075 0.5774046639692598
velocity: 0.002359108777080721 0.5224847066146152 0.13408345797301882
angularVelocity: 0.41762348239048874 0.4692287438119074 0.522155854356225
acceleration: 0.5865579676953023 0.5164950404052617 0.45718418417238826
accel: 0.0
brake: 1.0
steer: 0.560610984725382
linkid: A219BS010391
trafficlightid: C119BS010007
turn_signal_lamp: 0.0