position: 0.8229384890794333 0.7938483670011092 0.892247406849479
orientation: 0.734339852939359 0.7611015782975322 0.9945932227642093
enu_velocity: 0.5589260972206569 0.2838459594050575 0.5774002818112111
velocity: 0.002359111551043238 0.5224865368758788 0.1340790102101589
angularVelocity: 0.41759184610988864 0.4692280793306969 0.522155717995
acceleration: 0.5865283919884563 0.5164584942557447 0.4571910014921868
accel: 0.0
brake: 1.0
steer: 0.560610984725382
linkid: A219BS010391
trafficlightid: C119BS010007
turn_signal_lamp: 0.0