position: 0.8229384890794333 0.7938483670011092 0.892247406849479
orientation: 0.734339852939359 0.7611012219454711 0.9945932227642093
enu_velocity: 0.5589260422324233 0.2838459600143323 0.5773650353336717
velocity: 0.0023592095588597533 0.5224866596722187 0.13404483305182513
angularVelocity: 0.4175886973088776 0.4692375986332295 0.522155711749914
acceleration: 0.5865446912836847 0.5164955319304982 0.45730719928016267
accel: 0.0
brake: 1.0
steer: 0.560610984725382
linkid: A219BS010391
trafficlightid: C119BS010007
turn_signal_lamp: 0.0