position: 0.8229384890794333 0.7938483670011092 0.8922459471531543
orientation: 0.734339852939359 0.7611012219454711 0.9945932227642093
enu_velocity: 0.5589260321822366 0.28384596034160015 0.5773531604884057
velocity: 0.002359231783240787 0.5224866578848573 0.1340333124898086
angularVelocity: 0.41758830658224744 0.4692391936182959 0.5221557124965875
acceleration: 0.5865412078178038 0.5165091042257515 0.45728433571291244
accel: 0.0
brake: 1.0
steer: 0.560610984725382
linkid: A219BS010391
trafficlightid: C119BS010007
turn_signal_lamp: 0.0