position: 0.8229384890794333 0.7938483670011092 0.8922408382160174
orientation: 0.734339852939359 0.7611019346495932 0.9945932227642093
enu_velocity: 0.5589260588842794 0.28384606145524255 0.5773285499783575
velocity: 0.002359275741191122 0.52248565615562 0.1340095383497893
angularVelocity: 0.4176081072639306 0.46924262182681337 0.5221557956540032
acceleration: 0.5865513324203325 0.5164645746737844 0.45736187686334495
accel: 0.0
brake: 1.0
steer: 0.560610984725382
linkid: A219BS010391
trafficlightid: C119BS010007
turn_signal_lamp: 0.0