position: 0.20753389370905917 0.26369366184305143 0.9044008384495688
orientation: 0.8747298815753992 0.5462627648871774 0.5002875193266529
enu_velocity: 0.8895108986277356 0.9991211420208748 0.5639187575100435
velocity: 0.9997838723285535 0.5161201501899458 0.7229729882917582
angularVelocity: 0.40272240669122034 0.41841293434417853 0.5227887801447118
acceleration: 0.5888661360198597 0.5226521756608549 0.46950174035441944
accel: 0.02697548
brake: 0.0
steer: 0.566135846603835
linkid: A219BS010380
trafficlightid: null
turn_signal_lamp: 0.0