position: 0.8229384890794333 0.7938483670011092 0.892235729278881
orientation: 0.734339852939359 0.7611090616908134 0.9945932227642093
enu_velocity: 0.5589260974234819 0.2838461050191761 0.577319195639673
velocity: 0.0023592590575557946 0.5224850950523992 0.134000488315738
angularVelocity: 0.417616180462827 0.46923893767327074 0.5221558397966866
acceleration: 0.5865238005118691 0.5165237769330053 0.45734923095052604
accel: 0.0
brake: 1.0
steer: 0.560610984725382
linkid: A219BS010391
trafficlightid: C119BS010007
turn_signal_lamp: 0.0