position: 0.8229384890794333 0.7938483670011092 0.8922349994307186
orientation: 0.734339852939359 0.7611179704923388 0.9945932227642093
enu_velocity: 0.5589260862696604 0.2838463013367183 0.5773177108839953
velocity: 0.0023593895081799082 0.522483656591286 0.13399932191255837
angularVelocity: 0.41764536153649906 0.4692543303545021 0.5221559672762649
acceleration: 0.5865302243956952 0.5164279269955756 0.4572303203184053
accel: 0.0
brake: 1.0
steer: 0.560610984725382
linkid: A219BS010391
trafficlightid: C119BS010007
turn_signal_lamp: 0.0