position: 0.8229384890794333 0.7938483670011092 0.892234269582556
orientation: 0.734339852939359 0.7611240284773759 0.9945932227642093
enu_velocity: 0.5589261550088821 0.2838461051862225 0.5773465706446326
velocity: 0.002359164238609591 0.5224849206944722 0.13402702289590418
angularVelocity: 0.41762420133253725 0.46922941334555124 0.5221558555858069
acceleration: 0.5865178215948789 0.5163775153633282 0.45722658185231857
accel: 0.0
brake: 1.0
steer: 0.560610984725382
linkid: A219BS010391
trafficlightid: C119BS010007
turn_signal_lamp: 0.0