position: 0.20846120392356365 0.26488229485413406 0.9005866519529278
orientation: 0.8729764923701913 0.5400310582202295 0.5002903142348125
enu_velocity: 0.8894974318517209 0.9991765176340679 0.5700939921268084
velocity: 0.9998354737449195 0.5163718665745396 0.7183108809826307
angularVelocity: 0.39964784037398865 0.4149083890183695 0.523139006908366
acceleration: 0.5884103250795323 0.5207646635165681 0.4754138102732994
accel: 0.02636615
brake: 0.0
steer: 0.5662170945726358
linkid: A219BS010380
trafficlightid: null
turn_signal_lamp: 0.0