position: 0.8229384890794333 0.7938483670011092 0.8922364591270433
orientation: 0.734339852939359 0.761127948350047 0.9945932227642093
enu_velocity: 0.5589259468748813 0.2838459174233135 0.5773801645095611
velocity: 0.0023592952101313064 0.5224875205361059 0.13405953190402156
angularVelocity: 0.4175746145804925 0.46924874364233377 0.5221556553378875
acceleration: 0.5865296169964305 0.5164493687778752 0.45726169057616417
accel: 0.0
brake: 1.0
steer: 0.560610984725382
linkid: A219BS010391
trafficlightid: C119BS010007
turn_signal_lamp: 0.0