position: 0.8229384890794333 0.7938483670011092 0.8922349994307186
orientation: 0.734339852939359 0.761126879293864 0.9945932227642093
enu_velocity: 0.558926188627069 0.2838460536075986 0.5773496556847607
velocity: 0.002359088545137564 0.5224851569178589 0.1340299233954686
angularVelocity: 0.4176204499216076 0.4692207308407804 0.5221558311155411
acceleration: 0.5865238939508244 0.5163621604893189 0.457093111625205
accel: 0.0
brake: 1.0
steer: 0.560610984725382
linkid: A219BS010391
trafficlightid: C119BS010007
turn_signal_lamp: 0.0