position: 0.8229384890794333 0.7938483670011092 0.892235729278881
orientation: 0.734339852939359 0.761127235645925 0.9945932227642093
enu_velocity: 0.558926118098239 0.28384617717041244 0.5773955390633569
velocity: 0.0023592160073915365 0.5224847627075884 0.1340746868370133
angularVelocity: 0.4176273052171216 0.46924018942412726 0.5221558704824889
acceleration: 0.5865373562157006 0.5163580889388334 0.45730820976236497
accel: 0.0
brake: 1.0
steer: 0.560610984725382
linkid: A219BS010391
trafficlightid: C119BS010007
turn_signal_lamp: 0.0