position: 0.8229384890794333 0.7938483670011092 0.8922364591270433
orientation: 0.734339852939359 0.7611275919979861 0.9945932227642093
enu_velocity: 0.5589262506038486 0.28384616900344944 0.5773591323564764
velocity: 0.0023590693860053038 0.5224840129381858 0.13403923548939264
angularVelocity: 0.41763940990915355 0.46921856328483813 0.5221559185686595
acceleration: 0.5865089976682701 0.5164072610713241 0.4570936992443012
accel: 0.0
brake: 1.0
steer: 0.560610984725382
linkid: A219BS010391
trafficlightid: C119BS010007
turn_signal_lamp: 0.0