position: 0.8229384890794333 0.7938483670011092 0.892235729278881
orientation: 0.734339852939359 0.7611265229418029 0.9945932227642093
enu_velocity: 0.558926054724665 0.28384599158394486 0.5773801698524301
velocity: 0.0023592003779706527 0.5224864211054928 0.13405955975633047
angularVelocity: 0.4175935244951922 0.46923788061658833 0.5221557290752186
acceleration: 0.5865517656440196 0.5164734088299322 0.45729132839606074
accel: 0.0
brake: 1.0
steer: 0.560610984725382
linkid: A219BS010391
trafficlightid: C119BS010007
turn_signal_lamp: 0.0