position: 0.8229384890794333 0.7938483670011092 0.892235729278881
orientation: 0.734339852939359 0.7611204649567658 0.9945932227642093
enu_velocity: 0.5589262449439842 0.2838461761641701 0.5773756083824159
velocity: 0.0023590681448042786 0.5224840553917734 0.1340552445136419
angularVelocity: 0.4176400940020525 0.46922012488935594 0.522155916650611
acceleration: 0.5865217111425933 0.5163672087534608 0.4570683207786407
accel: 0.0
brake: 1.0
steer: 0.560610984725382
linkid: A219BS010391
trafficlightid: C119BS010007
turn_signal_lamp: 0.0