position: 0.8229384890794333 0.7938483670011092 0.8922393785196925
orientation: 0.734339852939359 0.7611215340129488 0.9945932227642093
enu_velocity: 0.5589260146290099 0.2838458793860704 0.5774113276275704
velocity: 0.002359162054199488 0.5224876008080138 0.13408968472243174
angularVelocity: 0.41757313407876573 0.46923506947319965 0.522155641056889
acceleration: 0.5865230804526738 0.5164459534791732 0.4572542924326588
accel: 0.0
brake: 1.0
steer: 0.560610984725382
linkid: A219BS010391
trafficlightid: C119BS010007
turn_signal_lamp: 0.0