position: 0.8229384890794333 0.7938483670011092 0.8922393785196925
orientation: 0.7343618967855085 0.7611169014361556 0.9945932227642093
enu_velocity: 0.5589260175765633 0.2838460647671333 0.5773711746430592
velocity: 0.002359297806405468 0.5224860141539166 0.13405095349926185
angularVelocity: 0.417600334874662 0.46924883007110263 0.522155765694745
acceleration: 0.586552446748177 0.5164893764572377 0.45732899371462266
accel: 0.0
brake: 1.0
steer: 0.560610984725382
linkid: A219BS010391
trafficlightid: C119BS010007
turn_signal_lamp: 0.0