position: 0.8229384890794333 0.7938483670011092 0.8922371889752059
orientation: 0.7343618967855085 0.7611147633237896 0.9945932227642093
enu_velocity: 0.5589262071792236 0.28384584795822354 0.5773490763981809
velocity: 0.0023589447328377115 0.5224866206477785 0.13402906794477498
angularVelocity: 0.4175902974015945 0.46920347063777246 0.5221557015116618
acceleration: 0.5865140979448348 0.5164759945119792 0.45718017904332436
accel: 0.0
brake: 1.0
steer: 0.560610984725382
linkid: A219BS010391
trafficlightid: C119BS010007
turn_signal_lamp: 0.0