position: 0.8229384890794333 0.7938483670011092 0.8922379188233682
orientation: 0.7343618967855085 0.7611169014361556 0.9945932227642093
enu_velocity: 0.5589259511612026 0.2838457946691062 0.5773780582010078
velocity: 0.0023592194259729063 0.5224884207565713 0.13405731703288895
angularVelocity: 0.4175577908867428 0.46923921245781725 0.5221555779842968
acceleration: 0.5865158930571087 0.5164732013720666 0.45729332407455564
accel: 0.0
brake: 1.0
steer: 0.560610984725382
linkid: A219BS010391
trafficlightid: C119BS010007
turn_signal_lamp: 0.0