position: 0.2112431345670771 0.26843600277957247 0.8936509048657517
orientation: 0.8638340782105542 0.5257134738424758 0.5003049464010598
enu_velocity: 0.889376912729666 0.9991965427635618 0.5943441439659062
velocity: 0.9997724053471387 0.5171617223754434 0.7172328367918005
angularVelocity: 0.38133730312487213 0.4437708547765088 0.5230727962050343
acceleration: 0.5706135273827911 0.5191630906358113 0.4772675378060132
accel: 0.02439887
brake: 0.0
steer: 0.5659733506662334
linkid: A219BS010380
trafficlightid: null
turn_signal_lamp: 0.0