position: 0.8229384890794333 0.7938483670011092 0.8922393785196925
orientation: 0.7343618967855085 0.7611201086047048 0.9945932227642093
enu_velocity: 0.558925918071885 0.2838457814557493 0.5773762432143678
velocity: 0.002359255506854856 0.5224886782306023 0.13405556103379931
angularVelocity: 0.4175525727209685 0.46924355432038084 0.5221555600452922
acceleration: 0.586519049700179 0.5164880378238912 0.45727038511076584
accel: 0.0
brake: 1.0
steer: 0.560610984725382
linkid: A219BS010391
trafficlightid: C119BS010007
turn_signal_lamp: 0.0