position: 0.8229384890794333 0.7938483670011092 0.8922386486715306
orientation: 0.7343510555496973 0.7611201086047048 0.9945932227642093
enu_velocity: 0.5589259905545908 0.28384607700592035 0.5773870822943673
velocity: 0.002359327366040015 0.522486122203615 0.1340664331238517
angularVelocity: 0.41760216698139657 0.4692529333977211 0.5221557712569171
acceleration: 0.5865317751239516 0.5163837959772108 0.45725266632443223
accel: 0.0
brake: 1.0
steer: 0.560610984725382
linkid: A219BS010391
trafficlightid: C119BS010007
turn_signal_lamp: 0.0