position: 0.8229384890794333 0.7938483670011092 0.8922408382160174
orientation: 0.734339852939359 0.761125097533559 0.9945932227642093
enu_velocity: 0.5589258813259967 0.2838457999527366 0.5773827445076257
velocity: 0.0023593084456702503 0.522488748179204 0.13406192439128392
angularVelocity: 0.4175516346129205 0.469251465062278 0.5221555577735405
acceleration: 0.586550331778593 0.5164742485578756 0.4573883056325398
accel: 0.0
brake: 1.0
steer: 0.560610984725382
linkid: A219BS010391
trafficlightid: C119BS010007
turn_signal_lamp: 0.0