position: 0.8229384890794333 0.7938483670011092 0.8922393785196925
orientation: 0.734339852939359 0.7611240284773759 0.9945932227642093
enu_velocity: 0.558926148622937 0.2838459712712749 0.5773456046373806
velocity: 0.002359094720530836 0.5224859634196003 0.13402590761763833
angularVelocity: 0.417604500432411 0.46922153088050295 0.522155767289235
acceleration: 0.5865296938970795 0.5164085272071915 0.4571783533211293
accel: 0.0
brake: 1.0
steer: 0.560610984725382
linkid: A219BS010391
trafficlightid: C119BS010007
turn_signal_lamp: 0.0