position: 0.8229384890794333 0.7938483670011092 0.8922393785196925
orientation: 0.734339852939359 0.761123672125315 0.9945932227642093
enu_velocity: 0.5589259500695926 0.2838458165222235 0.5773854543620056
velocity: 0.002359227929686898 0.522488291332313 0.1340645278640808
angularVelocity: 0.4175599685856585 0.46924170324688663 0.5221555868472023
acceleration: 0.5865431520298534 0.5164723527909919 0.4573937457608332
accel: 0.0
brake: 1.0
steer: 0.560610984725382
linkid: A219BS010391
trafficlightid: C119BS010007
turn_signal_lamp: 0.0