position: 0.8229384890794333 0.7938483670011092 0.8922379188233682
orientation: 0.734339852939359 0.7611218903650099 0.9945932227642093
enu_velocity: 0.5589259752355024 0.28384581010392435 0.5773856292799281
velocity: 0.002359191770206269 0.5224882153045272 0.1340646707051541
angularVelocity: 0.4175590601936727 0.4692379569067908 0.5221555845625598
acceleration: 0.586559874164235 0.5165362016813891 0.4574626445212988
accel: 0.0
brake: 1.0
steer: 0.560610984725382
linkid: A219BS010391
trafficlightid: C119BS010007
turn_signal_lamp: 0.0