position: 0.8229384890794333 0.7938483670011092 0.8922371889752059
orientation: 0.734339852939359 0.7611204649567658 0.9945932227642093
enu_velocity: 0.5589261827144043 0.2838459516026541 0.5773673060216253
velocity: 0.0023590227723519295 0.5224860328653487 0.13404692421165348
angularVelocity: 0.4176020666681712 0.4692144457649437 0.5221557547824041
acceleration: 0.5865215517445344 0.5164377980528635 0.4572415957921702
accel: 0.0
brake: 1.0
steer: 0.560610984725382
linkid: A219BS010391
trafficlightid: C119BS010007
turn_signal_lamp: 0.0