position: 0.21216984229675684 0.2696246357906533 0.8939311665601086
orientation: 0.8598195685896441 0.5243491799768911 0.5003088921537557
enu_velocity: 0.889191957641364 0.99884426395491 0.6018782895853011
velocity: 0.9992628725207986 0.5172799988127835 0.7219107271631733
angularVelocity: 0.38077717696261226 0.46167467032630194 0.5228156155708299
acceleration: 0.5645393139705104 0.5191790032570931 0.47417592981776496
accel: 0.03885154
brake: 0.0
steer: 0.5656483587910303
linkid: A219BS010380
trafficlightid: null
turn_signal_lamp: 0.0