position: 0.8229384890794333 0.7938483670011092 0.8922371889752059
orientation: 0.734339852939359 0.7611208213088269 0.9945932227642093
enu_velocity: 0.5589260085934566 0.2838460431301648 0.577377483414395
velocity: 0.002359291788234483 0.5224862491366269 0.13405705524594982
angularVelocity: 0.41759772518169486 0.46924860634506477 0.5221557532833058
acceleration: 0.5865520334313579 0.5164402119089806 0.4573370690799921
accel: 0.0
brake: 1.0
steer: 0.560610984725382
linkid: A219BS010391
trafficlightid: C119BS010007
turn_signal_lamp: 0.0