position: 0.8229384890794333 0.7938483670011092 0.892235729278881
orientation: 0.734339852939359 0.7611190395485218 0.9945932227642093
enu_velocity: 0.5589260319215607 0.2838459841289549 0.577391830787242
velocity: 0.0023592162632797196 0.5224866397266292 0.13407088676394033
angularVelocity: 0.41758813196547906 0.46924112239450855 0.5221557113066696
acceleration: 0.5865598450461588 0.5165096135339675 0.4575129025727539
accel: 0.0
brake: 1.0
steer: 0.560610984725382
linkid: A219BS010391
trafficlightid: C119BS010007
turn_signal_lamp: 0.0