position: 0.8229384890794333 0.7938483670011092 0.8922371889752059
orientation: 0.734339852939359 0.7611208213088269 0.9945932227642093
enu_velocity: 0.5589260061575385 0.28384589543864336 0.5773897228763666
velocity: 0.0023591989624964383 0.5224874315095368 0.1340687384537308
angularVelocity: 0.41757542566949113 0.46923841451177317 0.5221556533467582
acceleration: 0.586542942242678 0.5164712347034155 0.457393615578156
accel: 0.0
brake: 1.0
steer: 0.560610984725382
linkid: A219BS010391
trafficlightid: C119BS010007
turn_signal_lamp: 0.0