position: 0.8229384890794333 0.7938483670011092 0.8922371889752059
orientation: 0.734339852939359 0.7611197522526437 0.9945932227642093
enu_velocity: 0.5589259818957266 0.2838456636795849 0.5773833474385557
velocity: 0.0023590992113497527 0.5224892823576988 0.13406225152794868
angularVelocity: 0.417540580383115 0.4692258937587229 0.5221554994219477
acceleration: 0.5865324111510433 0.5165200721200319 0.4572705176216551
accel: 0.0
brake: 1.0
steer: 0.560610984725382
linkid: A219BS010391
trafficlightid: C119BS010007
turn_signal_lamp: 0.0