position: 0.8229384890794333 0.7938483670011092 0.892235729278881
orientation: 0.734339852939359 0.7611183268443997 0.9945932227642093
enu_velocity: 0.5589262096980903 0.28384585104225696 0.5773728551673138
velocity: 0.0023589249922796366 0.5224866836204236 0.13405215511785415
angularVelocity: 0.4175887063128177 0.46920281340556524 0.5221556948560541
acceleration: 0.5865054900020326 0.5164875250020408 0.45729075066868513
accel: 0.0
brake: 1.0
steer: 0.560610984725382
linkid: A219BS010391
trafficlightid: C119BS010007
turn_signal_lamp: 0.0