position: 0.8229384890794333 0.7938483670011092 0.892234269582556
orientation: 0.734339852939359 0.7611161887320337 0.9945932227642093
enu_velocity: 0.5589262186273128 0.2838458330857233 0.5773705301747329
velocity: 0.002358904815976268 0.5224867655484278 0.13404986709092004
angularVelocity: 0.41758796995575675 0.4692004396115366 0.5221556858394508
acceleration: 0.586512730559973 0.5164632826260137 0.4573373012491717
accel: 0.0
brake: 1.0
steer: 0.560610984725382
linkid: A219BS010391
trafficlightid: C119BS010007
turn_signal_lamp: 0.0