position: 0.8229384890794333 0.7938483670011092 0.8922349994307186
orientation: 0.734339852939359 0.7611169014361556 0.9945932227642093
enu_velocity: 0.5589262057008614 0.2838459203230749 0.5773675005336586
velocity: 0.002358974827780865 0.5224861561997697 0.13404705385512197
angularVelocity: 0.41759965091946144 0.4692077107274852 0.5221557424877753
acceleration: 0.5864904147099192 0.5164477873355113 0.45712327806533215
accel: 0.0
brake: 1.0
steer: 0.560610984725382
linkid: A219BS010391
trafficlightid: C119BS010007
turn_signal_lamp: 0.0