position: 0.8229384890794333 0.7938483670011092 0.8922349994307186
orientation: 0.734339852939359 0.7611169014361556 0.9945932227642093
enu_velocity: 0.5589259685656469 0.28384594860186796 0.5773903476922342
velocity: 0.002359277821127053 0.5224872185066548 0.13406944456700784
angularVelocity: 0.41757726161265385 0.4692477422187041 0.5221556702822653
acceleration: 0.5865377243747607 0.5165280415492642 0.4572989149482188
accel: 0.0
brake: 1.0
steer: 0.560610984725382
linkid: A219BS010391
trafficlightid: C119BS010007
turn_signal_lamp: 0.0