position: 0.8229384890794333 0.7938483670011092 0.8922371889752059
orientation: 0.734339852939359 0.7611193959005828 0.9945932227642093
enu_velocity: 0.5589259851081323 0.28384598903116587 0.5773993915574409
velocity: 0.00235927332941072 0.5224868672810394 0.13407826748192142
angularVelocity: 0.4175861864680037 0.46924725029747083 0.5221557054939205
acceleration: 0.5865189863103173 0.5164527325268033 0.4573281177884467
accel: 0.0
brake: 1.0
steer: 0.560610984725382
linkid: A219BS010391
trafficlightid: C119BS010007
turn_signal_lamp: 0.0