position: 0.8229384890794333 0.7938483670011092 0.8922364591270433
orientation: 0.734339852939359 0.7611193959005828 0.9945932227642093
enu_velocity: 0.5589259580091435 0.28384591001646764 0.5773875779011322
velocity: 0.002359270885173775 0.5224875520224285 0.13406671079238822
angularVelocity: 0.4175690860312323 0.46924708175993757 0.522155639649811
acceleration: 0.5865456317861294 0.5165868278601445 0.4574588074242612
accel: 0.0
brake: 1.0
steer: 0.560610984725382
linkid: A219BS010391
trafficlightid: C119BS010007
turn_signal_lamp: 0.0