position: 0.8229384890794333 0.7938483670011092 0.8922379188233682
orientation: 0.734339852939359 0.7611218903650099 0.9945932227642093
enu_velocity: 0.5589259879363087 0.28384593639953487 0.57739258426464
velocity: 0.002359244114907385 0.5224872237671544 0.13407158523856405
angularVelocity: 0.4175782683556641 0.4692438090178031 0.522155672408252
acceleration: 0.5865346516115428 0.5164930941586519 0.4574408918006383
accel: 0.0
brake: 1.0
steer: 0.560610984725382
linkid: A219BS010391
trafficlightid: C119BS010007
turn_signal_lamp: 0.0