position: 0.8229384890794333 0.7938483670011092 0.8922393785196925
orientation: 0.734339852939359 0.7611240284773759 0.9945932227642093
enu_velocity: 0.5589259795074024 0.2838460762786812 0.5773839277574437
velocity: 0.0023593435335116093 0.5224861696415402 0.1340633776712397
angularVelocity: 0.4175984156473485 0.46925510911685847 0.5221557621650517
acceleration: 0.5865441662600286 0.5164597959775177 0.4573840777648274
accel: 0.0
brake: 1.0
steer: 0.560610984725382
linkid: A219BS010391
trafficlightid: C119BS010007
turn_signal_lamp: 0.0