position: 0.8229384890794333 0.7938483670011092 0.8922386486715306
orientation: 0.7343510555496973 0.7611233157732539 0.9945932227642093
enu_velocity: 0.5589260012840145 0.2838460123420186 0.5773981311896986
velocity: 0.0023592672172104874 0.522486604769112 0.13407706387082655
angularVelocity: 0.41758978768449184 0.4692470574926264 0.5221557201309028
acceleration: 0.586539154182688 0.5164791788927848 0.45746730142251535
accel: 0.0
brake: 1.0
steer: 0.560610984725382
linkid: A219BS010391
trafficlightid: C119BS010007
turn_signal_lamp: 0.0