position: 0.8229384890794333 0.7938483670011092 0.8922393785196925
orientation: 0.7343510555496973 0.7611243848294369 0.9945932227642093
enu_velocity: 0.5589262241740051 0.283846371487812 0.5773666707148116
velocity: 0.0023592160825999776 0.522482641385199 0.13404684833610772
angularVelocity: 0.4176636858168054 0.46923716332735704 0.522156034281635
acceleration: 0.5865264788564704 0.5164131925465534 0.4572585001288946
accel: 0.0
brake: 1.0
steer: 0.560610984725382
linkid: A219BS010391
trafficlightid: C119BS010007
turn_signal_lamp: 0.0