position: 0.8229384890794333 0.7938483670011092 0.8922393785196925
orientation: 0.7343510555496973 0.7611240284773759 0.9945932227642093
enu_velocity: 0.5589262258921611 0.28384606084165626 0.5773770007303357
velocity: 0.002359023940413556 0.5224850301284437 0.13405645323025223
angularVelocity: 0.4176215344756429 0.4692147052735244 0.5221558365049769
acceleration: 0.5865061981231973 0.5163882910357213 0.4572941204693892
accel: 0.0
brake: 1.0
steer: 0.560610984725382
linkid: A219BS010391
trafficlightid: C119BS010007
turn_signal_lamp: 0.0