position: 0.8229384890794333 0.7938483670011092 0.8922401083678551
orientation: 0.7343510555496973 0.7611254538856199 0.9945932227642093
enu_velocity: 0.558925998105702 0.2838458666651478 0.5773987962566164
velocity: 0.002359185439809323 0.5224877274373668 0.13407751374042007
angularVelocity: 0.4175708723150262 0.4692368724386945 0.5221556308255779
acceleration: 0.5865210885691948 0.5164454290193676 0.45739972575125
accel: 0.0
brake: 1.0
steer: 0.560610984725382
linkid: A219BS010391
trafficlightid: C119BS010007
turn_signal_lamp: 0.0