position: 0.8229384890794333 0.7938483670011092 0.8922408382160174
orientation: 0.734339852939359 0.761124741181498 0.9945932227642093
enu_velocity: 0.5589259767539752 0.2838458476355533 0.5773992465944147
velocity: 0.0023592013197837503 0.5224879799247354 0.13407794054581493
angularVelocity: 0.41756461954910684 0.4692393470304361 0.5221556093039287
acceleration: 0.5865361482075826 0.516496925063537 0.45734712053125226
accel: 0.0
brake: 1.0
steer: 0.560610984725382
linkid: A219BS010391
trafficlightid: C119BS010007
turn_signal_lamp: 0.0