position: 0.8229384890794333 0.7938483670011092 0.8922408382160174
orientation: 0.734339852939359 0.7611243848294369 0.9945932227642093
enu_velocity: 0.5589261286379856 0.28384610505417923 0.5773634030072669
velocity: 0.002359185004064029 0.5224851231002108 0.13404338295551357
angularVelocity: 0.41761892940704426 0.4692338378739986 0.5221558370672131
acceleration: 0.5865350875772771 0.5164216234586806 0.4571564445434677
accel: 0.0
brake: 1.0
steer: 0.560610984725382
linkid: A219BS010391
trafficlightid: C119BS010007
turn_signal_lamp: 0.0