position: 0.8229384890794333 0.7938483670011092 0.8922401083678551
orientation: 0.7343510555496973 0.7611240284773759 0.9945932227642093
enu_velocity: 0.5589259420738563 0.2838458574965809 0.5773666644392743
velocity: 0.00235927665932241 0.5224879424906705 0.13404634781422028
angularVelocity: 0.4175641964136473 0.4692456920521598 0.5221556138890792
acceleration: 0.5865343237724542 0.5165345897824125 0.4572565649473362
accel: 0.0
brake: 1.0
steer: 0.560610984725382
linkid: A219BS010391
trafficlightid: C119BS010007
turn_signal_lamp: 0.0