position: 0.8229384890794333 0.7938483670011092 0.8922408382160174
orientation: 0.734339852939359 0.7611243848294369 0.9945932227642093
enu_velocity: 0.5589259308424799 0.28384599428592433 0.5773749281908338
velocity: 0.0023593648262751877 0.5224869961155763 0.13405456453484874
angularVelocity: 0.4175838918402654 0.46925744647944734 0.5221556989216071
acceleration: 0.5865564075754196 0.516455802535586 0.4573086163566122
accel: 0.0
brake: 1.0
steer: 0.560610984725382
linkid: A219BS010391
trafficlightid: C119BS010007
turn_signal_lamp: 0.0