position: 0.8229384890794333 0.7938483670011092 0.8922415680641798
orientation: 0.734339852939359 0.761124741181498 0.9945932227642093
enu_velocity: 0.5589259858314686 0.28384589315888453 0.5773927192187633
velocity: 0.00235922137840099 0.5224875625312373 0.1340716589829604
angularVelocity: 0.417572127710601 0.46924115437329644 0.5221556443589113
acceleration: 0.5865357854412664 0.5164981115365661 0.4573471151719116
accel: 0.0
brake: 1.0
steer: 0.560610984725382
linkid: A219BS010391
trafficlightid: C119BS010007
turn_signal_lamp: 0.0