position: 0.8229384890794333 0.7938483670011092 0.8922386486715306
orientation: 0.7343510555496973 0.7611215340129488 0.9945932227642093
enu_velocity: 0.5589264181926599 0.2838461666304308 0.5773508893740639
velocity: 0.002358859482511656 0.5224831615697333 0.13403110837208612
angularVelocity: 0.41765723755752254 0.46919279226084654 0.5221559749419146
acceleration: 0.586517213685572 0.5163393789735523 0.457205447284683
accel: 0.0
brake: 1.0
steer: 0.560610984725382
linkid: A219BS010391
trafficlightid: C119BS010007
turn_signal_lamp: 0.0