position: 0.8229384890794333 0.7938483670011092 0.8922393785196925
orientation: 0.734339852939359 0.7611226030691318 0.9945932227642093
enu_velocity: 0.5589259207151234 0.2838457905586419 0.5773864270747737
velocity: 0.0023592496055224402 0.5224886384217512 0.1340654581578812
angularVelocity: 0.4175540917629248 0.46924389757251606 0.5221555632521211
acceleration: 0.5865276165379254 0.5164635704448415 0.45722604720640797
accel: 0.0
brake: 1.0
steer: 0.560610984725382
linkid: A219BS010391
trafficlightid: C119BS010007
turn_signal_lamp: 0.0