position: 0.8229384890794333 0.7938483670011092 0.8922386486715306
orientation: 0.7343510555496973 0.761124741181498 0.9945932227642093
enu_velocity: 0.5589259614507059 0.28384585410941204 0.5773643303972089
velocity: 0.002359251630342076 0.5224878619023483 0.13404406324037604
angularVelocity: 0.4175651640618097 0.4692423497454066 0.5221556191733064
acceleration: 0.5865293509546542 0.5165495758935833 0.4572848164950644
accel: 0.0
brake: 1.0
steer: 0.560610984725382
linkid: A219BS010391
trafficlightid: C119BS010007
turn_signal_lamp: 0.0