position: 0.8229384890794333 0.7938483670011092 0.8922401083678551
orientation: 0.7343510555496973 0.7611275919979861 0.9945932227642093
enu_velocity: 0.558926020992573 0.2838460899384759 0.577379133029721
velocity: 0.00235930204178491 0.5224858394609543 0.13405871138011108
angularVelocity: 0.4176038524929707 0.4692497968773359 0.522155783386445
acceleration: 0.5865468121758473 0.5164775095788733 0.4574121020113113
accel: 0.0
brake: 1.0
steer: 0.560610984725382
linkid: A219BS010391
trafficlightid: C119BS010007
turn_signal_lamp: 0.0