position: 0.8229384890794333 0.7938483670011092 0.8922401083678551
orientation: 0.7343510555496973 0.761126879293864 0.9945932227642093
enu_velocity: 0.5589260180906532 0.283845880321714 0.5773748040409398
velocity: 0.002359186300281637 0.5224874245729775 0.13405422580504517
angularVelocity: 0.4175744324017915 0.4692353436052642 0.5221556507795102
acceleration: 0.5865325120959914 0.5165058925950998 0.45731345918082883
accel: 0.0
brake: 1.0
steer: 0.560610984725382
linkid: A219BS010391
trafficlightid: C119BS010007
turn_signal_lamp: 0.0