position: 0.8229384890794333 0.7938483670011092 0.8922393785196925
orientation: 0.7343510555496973 0.761126879293864 0.9945932227642093
enu_velocity: 0.558926024867902 0.28384589205306826 0.5773740996852627
velocity: 0.002359185026300002 0.522487298963182 0.13405355304469224
angularVelocity: 0.4175767607732679 0.4692351158316869 0.5221556609255439
acceleration: 0.5865325124986963 0.5165060094349524 0.4573135428946833
accel: 0.0
brake: 1.0
steer: 0.560610984725382
linkid: A219BS010391
trafficlightid: C119BS010007
turn_signal_lamp: 0.0