position: 0.21680363915293765 0.27554951418435447 0.9031513383955603
orientation: 0.8471259269527649 0.5277062658380673 0.5003002882207939
enu_velocity: 0.8894832832136296 0.9991242070917157 0.613907285422136
velocity: 0.9997596919547007 0.5160261357218056 0.7397612833635188
angularVelocity: 0.400288826049156 0.492932978268406 0.5209710355132001
acceleration: 0.5901569589918523 0.5129730855602207 0.45230906315386543
accel: 0.02778673
brake: 0.0
steer: 0.5653233669158272
linkid: A219BS010380
trafficlightid: null
turn_signal_lamp: 0.0