position: 0.8229384890794333 0.7938483670011092 0.8922408382160174
orientation: 0.7343510555496973 0.7611275919979861 0.9945932227642093
enu_velocity: 0.5589260496839484 0.2838460952451965 0.577388666008024
velocity: 0.0023592610219244957 0.522485695924014 0.13406795257058998
angularVelocity: 0.41760618185128506 0.4692453798646207 0.5221557916458637
acceleration: 0.5865403084536817 0.5164784637070715 0.45736559987163034
accel: 0.0
brake: 1.0
steer: 0.560610984725382
linkid: A219BS010391
trafficlightid: C119BS010007
turn_signal_lamp: 0.0