position: 0.8229384890794333 0.7938483670011092 0.8922364591270433
orientation: 0.7343510555496973 0.7611193959005828 0.9945932227642093
enu_velocity: 0.5589261771514497 0.2838456426650505 0.5773723514351151
velocity: 0.00235884503710646 0.5224884229614019 0.13405140633275753
angularVelocity: 0.41755928714727714 0.46919332894521265 0.5221555571646992
acceleration: 0.5865036191370848 0.5164383063898434 0.45712417660569904
accel: 0.0
brake: 1.0
steer: 0.560610984725382
linkid: A219BS010391
trafficlightid: C119BS010007
turn_signal_lamp: 0.0