position: 0.8229384890794333 0.7938483670011092 0.8922371889752059
orientation: 0.7343510555496973 0.7611204649567658 0.9945932227642093
enu_velocity: 0.5589259521892461 0.28384595440408794 0.5773790670706015
velocity: 0.0023593109060856105 0.522487209220043 0.13405851292074725
angularVelocity: 0.4175784962043076 0.4692509324720571 0.5221556735862708
acceleration: 0.5865425533241424 0.5165027357863514 0.457309444478106
accel: 0.0
brake: 1.0
steer: 0.560610984725382
linkid: A219BS010391
trafficlightid: C119BS010007
turn_signal_lamp: 0.0