position: 0.8229384890794333 0.7938483670011092 0.8922371889752059
orientation: 0.7343510555496973 0.7611197522526437 0.9945932227642093
enu_velocity: 0.5589259847209539 0.2838458836000524 0.5773704703529112
velocity: 0.002359234341997977 0.5224875479797092 0.13405004723495573
angularVelocity: 0.4175706179671062 0.46924108960908084 0.5221556395774244
acceleration: 0.5865419063090688 0.516554480328864 0.4572088844826734
accel: 0.0
brake: 1.0
steer: 0.560610984725382
linkid: A219BS010391
trafficlightid: C119BS010007
turn_signal_lamp: 0.0