position: 0.8229384890794333 0.7938483670011092 0.8922364591270433
orientation: 0.7343510555496973 0.7611186831964607 0.9945932227642093
enu_velocity: 0.558926174698894 0.28384592425300653 0.5773734516862623
velocity: 0.002359012292702543 0.5224863056431824 0.1340528591419246
angularVelocity: 0.41759655078906877 0.46921398508397477 0.5221557297431592
acceleration: 0.586528877883584 0.5164539974359675 0.45724112485084895
accel: 0.0
brake: 1.0
steer: 0.560610984725382
linkid: A219BS010391
trafficlightid: C119BS010007
turn_signal_lamp: 0.0