position: 0.8229384890794333 0.7938483670011092 0.8922386486715306
orientation: 0.7343510555496973 0.7611226030691318 0.9945932227642093
enu_velocity: 0.5589259283520468 0.28384585794377476 0.5773657617008564
velocity: 0.0023592952092338906 0.5224880037202981 0.13404548197199334
angularVelocity: 0.4175636098570577 0.4692479525760312 0.5221556126247914
acceleration: 0.5865373718975927 0.5165201512918821 0.4572798651322732
accel: 0.0
brake: 1.0
steer: 0.560610984725382
linkid: A219BS010391
trafficlightid: C119BS010007
turn_signal_lamp: 0.0