position: 0.8229384890794333 0.7938483670011092 0.8922401083678551
orientation: 0.7343510555496973 0.761124741181498 0.9945932227642093
enu_velocity: 0.5589259063165828 0.28384584794772055 0.5773857374837995
velocity: 0.0023593022161827403 0.5224882723562837 0.13406487715807217
angularVelocity: 0.4175613732806357 0.4692501908724939 0.5221555982476078
acceleration: 0.5865295940072335 0.5164433049935957 0.4573428878926135
accel: 0.0
brake: 1.0
steer: 0.560610984725382
linkid: A219BS010391
trafficlightid: C119BS010007
turn_signal_lamp: 0.0