position: 0.8229384890794333 0.7938483670011092 0.8922393785196925
orientation: 0.7343510555496973 0.7611243848294369 0.9945932227642093
enu_velocity: 0.5589259149671965 0.28384583571522715 0.5773623418929951
velocity: 0.0023593019823560323 0.5224882246591567 0.13404214144762946
angularVelocity: 0.417559163138466 0.4692484271706409 0.5221555929901537
acceleration: 0.5865344561070692 0.5165340988248811 0.45725654597946885
accel: 0.0
brake: 1.0
steer: 0.560610984725382
linkid: A219BS010391
trafficlightid: C119BS010007
turn_signal_lamp: 0.0