position: 0.8229384890794333 0.7938483670011092 0.8922379188233682
orientation: 0.7343510555496973 0.7611229594211929 0.9945932227642093
enu_velocity: 0.5589261891820195 0.2838460222226832 0.5773665340569306
velocity: 0.002359056445392136 0.5224854622080918 0.1340462661128934
angularVelocity: 0.417613231374103 0.4692185449938319 0.5221558036570938
acceleration: 0.5865281907800372 0.5164122493274996 0.45728793089217756
accel: 0.0
brake: 1.0
steer: 0.560610984725382
linkid: A219BS010391
trafficlightid: C119BS010007
turn_signal_lamp: 0.0