position: 0.8229384890794333 0.7938483670011092 0.8922379188233682
orientation: 0.734339852939359 0.7611233157732539 0.9945932227642093
enu_velocity: 0.5589262032501298 0.2838458980421758 0.577358061556459
velocity: 0.002358972188754805 0.5224862980193803 0.134037861822342
angularVelocity: 0.41759519460788685 0.469207338049129 0.5221557272067499
acceleration: 0.5865097780936148 0.5165019763810118 0.45721209986439443
accel: 0.0
brake: 1.0
steer: 0.560610984725382
linkid: A219BS010391
trafficlightid: C119BS010007
turn_signal_lamp: 0.0