position: 0.8229384890794333 0.7938483670011092 0.8922379188233682
orientation: 0.734339852939359 0.761123672125315 0.9945932227642093
enu_velocity: 0.5589261833323248 0.2838460096092178 0.5773482730647763
velocity: 0.002359070623492024 0.5224855110072807 0.1340285251382326
angularVelocity: 0.41761351729318763 0.4692180978213913 0.5221558025540398
acceleration: 0.58651032095352 0.5163851948026442 0.45703936523142896
accel: 0.0
brake: 1.0
steer: 0.560610984725382
linkid: A219BS010391
trafficlightid: C119BS010007
turn_signal_lamp: 0.0