position: 0.8229384890794333 0.7938483670011092 0.8922393785196925
orientation: 0.734339852939359 0.7611243848294369 0.9945932227642093
enu_velocity: 0.5589259869207773 0.28384586258833794 0.5773924816621637
velocity: 0.002359202256087711 0.5224877878044958 0.13407138600574295
angularVelocity: 0.41756858360066573 0.46923922122688844 0.5221556243940714
acceleration: 0.586546686789224 0.5164846594106791 0.4573698010539613
accel: 0.0
brake: 1.0
steer: 0.560610984725382
linkid: A219BS010391
trafficlightid: C119BS010007
turn_signal_lamp: 0.0