position: 0.8229384890794333 0.7938483670011092 0.8922379188233682
orientation: 0.734339852939359 0.7611218903650099 0.9945932227642093
enu_velocity: 0.5589260084810688 0.2838458531854362 0.5773926533126058
velocity: 0.0023591689734259297 0.5224877523501851 0.1340715242339765
angularVelocity: 0.41756729510776996 0.46923571019259336 0.5221556188282303
acceleration: 0.5865599535633294 0.5165363510798979 0.4574626216208523
accel: 0.0
brake: 1.0
steer: 0.560610984725382
linkid: A219BS010391
trafficlightid: C119BS010007
turn_signal_lamp: 0.0