position: 0.8229384890794333 0.7938483670011092 0.8922364591270433
orientation: 0.734339852939359 0.7611197522526437 0.9945932227642093
enu_velocity: 0.5589259560721097 0.28384605400303364 0.5773821034692563
velocity: 0.0023593619355239577 0.522486447653207 0.13406159332018952
angularVelocity: 0.41759307222123837 0.46925749638714986 0.5221557387316009
acceleration: 0.5865537154284697 0.5164695372804285 0.4572886312959729
accel: 0.0
brake: 1.0
steer: 0.560610984725382
linkid: A219BS010391
trafficlightid: C119BS010007
turn_signal_lamp: 0.0