position: 0.8229384890794333 0.7938483670011092 0.8922386486715306
orientation: 0.734339852939359 0.7611218903650099 0.9945932227642093
enu_velocity: 0.5589259985982962 0.28384590819109534 0.5773959005867282
velocity: 0.0023592113656322445 0.5224873982190693 0.13407475868918617
angularVelocity: 0.4175761798967339 0.4692394866544129 0.5221556604664339
acceleration: 0.5865148322227864 0.5164663131802105 0.4573017474949059
accel: 0.0
brake: 1.0
steer: 0.560610984725382
linkid: A219BS010391
trafficlightid: C119BS010007
turn_signal_lamp: 0.0