position: 0.8229384890794333 0.7938483670011092 0.8922371889752059
orientation: 0.734339852939359 0.7611197522526437 0.9945932227642093
enu_velocity: 0.5589259531082938 0.2838459803158188 0.5773773115359474
velocity: 0.0023593262596757346 0.5224870009577233 0.13405684318873665
angularVelocity: 0.41758186891426025 0.4692534869462373 0.522155689756264
acceleration: 0.5865696727052101 0.5165072323331699 0.4574014169492248
accel: 0.0
brake: 1.0
steer: 0.560610984725382
linkid: A219BS010391
trafficlightid: C119BS010007
turn_signal_lamp: 0.0