position: 0.21958539765792978 0.2791032221097929 0.9123065537445589
orientation: 0.8455488885167535 0.5372605991218915 0.5002767781109808
enu_velocity: 0.8896281789049261 0.9990097777803206 0.6023030440889034
velocity: 0.9997372565562807 0.5147806962141046 0.7449664675326713
angularVelocity: 0.4126120261886903 0.5062047811155936 0.5204001555222753
acceleration: 0.570774495153458 0.5088936010119267 0.4504389331763381
accel: 0.02466506
brake: 0.0
steer: 0.5653233669158272
linkid: A219BS010380
trafficlightid: null
turn_signal_lamp: 0.0