position: 0.8229384890794333 0.7938483670011092 0.8922371889752059
orientation: 0.734339852939359 0.7611193959005828 0.9945932227642093
enu_velocity: 0.5589259874536526 0.28384592165164 0.5773775792323611
velocity: 0.0023592476533685672 0.5224872755403911 0.13405699841210186
angularVelocity: 0.4175806211609422 0.469242917723813 0.5221556712272585
acceleration: 0.5865358458195958 0.5164056044157026 0.4572178214932459
accel: 0.0
brake: 1.0
steer: 0.560610984725382
linkid: A219BS010391
trafficlightid: C119BS010007
turn_signal_lamp: 0.0