position: 0.8229384890794333 0.7938483670011092 0.8922371889752059
orientation: 0.734339852939359 0.7611190395485218 0.9945932227642093
enu_velocity: 0.5589262343560129 0.28384609741030126 0.5773722729985291
velocity: 0.0023590381535874504 0.5224846911435244 0.13405190706043518
angularVelocity: 0.4176249721333027 0.46921614042201243 0.5221558598044627
acceleration: 0.5865101715492416 0.5164716541147575 0.4572655994820047
accel: 0.0
brake: 1.0
steer: 0.560610984725382
linkid: A219BS010391
trafficlightid: C119BS010007
turn_signal_lamp: 0.0