position: 0.8229384890794333 0.7938483670011092 0.8922379188233682
orientation: 0.734339852939359 0.7611204649567658 0.9945932227642093
enu_velocity: 0.5589259463136577 0.2838458549094568 0.5773883058580718
velocity: 0.002359253036368495 0.5224880309750422 0.13406735106151993
angularVelocity: 0.41756394976535827 0.46924503449012656 0.5221556087932555
acceleration: 0.5865470454173477 0.5164885874084845 0.4573652139195912
accel: 0.0
brake: 1.0
steer: 0.560610984725382
linkid: A219BS010391
trafficlightid: C119BS010007
turn_signal_lamp: 0.0