position: 0.8229384890794333 0.7938483670011092 0.8922379188233682
orientation: 0.734339852939359 0.7611204649567658 0.9945932227642093
enu_velocity: 0.5589259491449876 0.28384585491756903 0.5773868495492224
velocity: 0.002359250533001811 0.5224880107481954 0.1340659352074775
angularVelocity: 0.4175616257619785 0.4692448799415204 0.5221556038888104
acceleration: 0.5865533785799057 0.516566889810583 0.4574115730587061
accel: 0.0
brake: 1.0
steer: 0.560610984725382
linkid: A219BS010391
trafficlightid: C119BS010007
turn_signal_lamp: 0.0