position: 0.22051244966465222 0.28029185512087373 0.9161893459684649
orientation: 0.8448872117577393 0.5424974064696999 0.5002662561037918
enu_velocity: 0.8894984546448359 0.9986107055568305 0.5993130122381505
velocity: 0.9992162567485259 0.5145525669227015 0.7507323428081119
angularVelocity: 0.4112375368677687 0.5178238004638358 0.5200563475726516
acceleration: 0.5639768973757191 0.5101560943605707 0.4493342251785003
accel: 0.03923402
brake: 0.0
steer: 0.5655671108222295
linkid: A219BS010380
trafficlightid: null
turn_signal_lamp: 0.0