position: 0.8229384890794333 0.7938483670011092 0.8922386486715306
orientation: 0.734339852939359 0.7611215340129488 0.9945932227642093
enu_velocity: 0.5589259834819083 0.2838457061563583 0.5773848066827515
velocity: 0.002359120937116521 0.5224889585974168 0.13406372479397
angularVelocity: 0.4175459589942056 0.46922846109504407 0.5221555244171657
acceleration: 0.5865286756285889 0.5165294906242731 0.45729424669219754
accel: 0.0
brake: 1.0
steer: 0.560610984725382
linkid: A219BS010391
trafficlightid: C119BS010007
turn_signal_lamp: 0.0