position: 0.8229384890794333 0.7938483670011092 0.8922364591270433
orientation: 0.734339852939359 0.7611190395485218 0.9945932227642093
enu_velocity: 0.5589262190325605 0.2838462746910358 0.5773651416354026
velocity: 0.0023591671471670486 0.5224833942535544 0.13404523598206836
angularVelocity: 0.41765037559129 0.4692313139359757 0.5221559702895338
acceleration: 0.5865271944516552 0.5164118132072149 0.4572585839461191
accel: 0.0
brake: 1.0
steer: 0.560610984725382
linkid: A219BS010391
trafficlightid: C119BS010007
turn_signal_lamp: 0.0