position: 0.8229384890794333 0.7938483670011092 0.8922379188233682
orientation: 0.734339852939359 0.7611204649567658 0.9945932227642093
enu_velocity: 0.5589259913139977 0.2838458756520581 0.577395081966183
velocity: 0.002359202273537465 0.5224876777198519 0.13407392499470266
angularVelocity: 0.417571706411119 0.4692385997377883 0.5221556368495375
acceleration: 0.5865230397802403 0.5164485965684834 0.4572544749921558
accel: 0.0
brake: 1.0
steer: 0.560610984725382
linkid: A219BS010391
trafficlightid: C119BS010007
turn_signal_lamp: 0.0