position: 0.8229384890794333 0.7938483670011092 0.8922371889752059
orientation: 0.734339852939359 0.7611179704923388 0.9945932227642093
enu_velocity: 0.5589259892626668 0.2838458991818509 0.5773678313840059
velocity: 0.0023592396801520358 0.5224873962820692 0.13404750317972025
angularVelocity: 0.41757164768661087 0.4692419868578654 0.5221556452999381
acceleration: 0.5865554790703835 0.5166054463942132 0.4573017501348185
accel: 0.0
brake: 1.0
steer: 0.560610984725382
linkid: A219BS010391
trafficlightid: C119BS010007
turn_signal_lamp: 0.0