position: 0.221439415602114 0.28147439257805384 0.9198166913355346
orientation: 0.8448651679115899 0.5477416972107896 0.5002549668669118
enu_velocity: 0.8895492533695493 0.9986460560405293 0.5923695804034477
velocity: 0.9992887978700841 0.5145060658456382 0.7529963838475617
angularVelocity: 0.419732198571686 0.5135362050428254 0.5200781429029971
acceleration: 0.5938556596024565 0.5115684127639752 0.43875094285432126
accel: 0.03687279
brake: 0.0
steer: 0.5656483587910303
linkid: A219BS010380
trafficlightid: null
turn_signal_lamp: 0.0