position: 0.8229384890794333 0.7938483670011092 0.8922393785196925
orientation: 0.734339852939359 0.7611211776608878 0.9945932227642093
enu_velocity: 0.5589259440142141 0.28384602669650144 0.5773789919616391
velocity: 0.0023593637950694918 0.5224867017479112 0.13405854423050595
angularVelocity: 0.41758906353285696 0.46925759490117586 0.5221557220010572
acceleration: 0.5865562420248824 0.5164557480082757 0.45730859964246684
accel: 0.0
brake: 1.0
steer: 0.560610984725382
linkid: A219BS010391
trafficlightid: C119BS010007
turn_signal_lamp: 0.0