position: 0.8229384890794333 0.7938483670011092 0.8922408382160174
orientation: 0.734339852939359 0.7611240284773759 0.9945932227642093
enu_velocity: 0.5589259348858537 0.28384572742038944 0.5773774287065392
velocity: 0.002359201381830091 0.5224890089039466 0.13405662627626988
angularVelocity: 0.41754462687771743 0.46923766461995253 0.5221555264539086
acceleration: 0.5865325829667247 0.5165444112959204 0.45726580909265413
accel: 0.0
brake: 1.0
steer: 0.560610984725382
linkid: A219BS010391
trafficlightid: C119BS010007
turn_signal_lamp: 0.0