position: 0.02125888360646453 0.026997208236312353 0.5524198845672146
orientation: 0.6537342528339531 0.5148208247583148 0.4983240689434793
enu_velocity: 0.8932388090665155 0.9951567793952043 0.8406272054370874
velocity: 0.9981229049988547 0.5093423439291811 0.9372802034183845
angularVelocity: 0.3926665432481733 0.5272518426342491 0.508768307011522
acceleration: 0.5948390055853419 0.5072530728190764 0.5237710769586998
accel: 0.05277331
brake: 0.0
steer: 0.5618297042573936
linkid: A219BS010380
trafficlightid: null
turn_signal_lamp: 0.0