position: 0.22236663974735782 0.2826569300352322 0.9226930229435069
orientation: 0.8457035568143274 0.5522557513084534 0.5002454312978968
enu_velocity: 0.8896295426290795 0.9987670241697184 0.5845465850251371
velocity: 0.9994745131125612 0.5145040447509929 0.7532245842558285
angularVelocity: 0.42706081408011215 0.5071981670275035 0.5204405205137391
acceleration: 0.5936351029257386 0.512714179801113 0.43843548920363223
accel: 0.03061886
brake: 0.0
steer: 0.5656483587910303
linkid: A219BS010380
trafficlightid: null
turn_signal_lamp: 0.0