position: 0.8229384890794333 0.7938483670011092 0.8922379188233682
orientation: 0.734339852939359 0.7611211776608878 0.9945932227642093
enu_velocity: 0.5589260156533884 0.2838460796636432 0.5773782111262735
velocity: 0.0023593035781360656 0.5224859401024575 0.1340578062790428
angularVelocity: 0.41760113144796285 0.4692498487604097 0.5221557737263935
acceleration: 0.5865450630282647 0.5165063966558793 0.45729003906911597
accel: 0.0
brake: 1.0
steer: 0.560610984725382
linkid: A219BS010391
trafficlightid: C119BS010007
turn_signal_lamp: 0.0