position: 0.8229384890794333 0.7938483670011092 0.8922379188233682
orientation: 0.734339852939359 0.7611211776608878 0.9945932227642093
enu_velocity: 0.5589260117888839 0.2838460740291644 0.5773781798159116
velocity: 0.00235930525612937 0.5224860019313468 0.13405777102177452
angularVelocity: 0.4176021411859115 0.46925023583280545 0.522155773574084
acceleration: 0.586551977319112 0.5164403038097004 0.45733706185999023
accel: 0.0
brake: 1.0
steer: 0.560610984725382
linkid: A219BS010391
trafficlightid: C119BS010007
turn_signal_lamp: 0.0