position: 0.8229384890794333 0.7938483670011092 0.8922371889752059
orientation: 0.734339852939359 0.7611211776608878 0.9945932227642093
enu_velocity: 0.5589260096918341 0.2838459118502995 0.5773675950823343
velocity: 0.00235922109165167 0.5224871974915106 0.1340472761939974
angularVelocity: 0.4175797743430547 0.46923923917372834 0.5221556730736145
acceleration: 0.5865443647349265 0.5164700531095818 0.45728410559523114
accel: 0.0
brake: 1.0
steer: 0.560610984725382
linkid: A219BS010391
trafficlightid: C119BS010007
turn_signal_lamp: 0.0