position: 0.8229384890794333 0.7938483670011092 0.8922371889752059
orientation: 0.734339852939359 0.7611204649567658 0.9945932227642093
enu_velocity: 0.5589260091708405 0.2838458998601102 0.577388570326502
velocity: 0.002359198577230791 0.5224873781916821 0.13406762336730327
angularVelocity: 0.41757638432901334 0.46923826608645963 0.5221556572149831
acceleration: 0.5865429572166012 0.5164715512527258 0.457393634582346
accel: 0.0
brake: 1.0
steer: 0.560610984725382
linkid: A219BS010391
trafficlightid: C119BS010007
turn_signal_lamp: 0.0