position: 0.8229384890794333 0.7938483670011092 0.8922371889752059
orientation: 0.734339852939359 0.7611201086047048 0.9945932227642093
enu_velocity: 0.5589259854415628 0.2838458359795793 0.5773927301253258
velocity: 0.002359188373437092 0.5224879978725505 0.13407159210986408
angularVelocity: 0.4175645686734029 0.4692373772159741 0.5221556072919757
acceleration: 0.5865400057018142 0.5164903227603113 0.4573234936793973
accel: 0.0
brake: 1.0
steer: 0.560610984725382
linkid: A219BS010391
trafficlightid: C119BS010007
turn_signal_lamp: 0.0