position: 0.8229384890794333 0.7938483670011092 0.892235729278881
orientation: 0.734339852939359 0.7611183268443997 0.9945932227642093
enu_velocity: 0.5589260120616628 0.28384578787727704 0.57738473253608
velocity: 0.002359132226102963 0.5224881965281339 0.1340637432191692
angularVelocity: 0.4175586084399125 0.4692302718049982 0.5221555813041678
acceleration: 0.5865445749407933 0.5165579146993894 0.4575071629893162
accel: 0.0
brake: 1.0
steer: 0.560610984725382
linkid: A219BS010391
trafficlightid: C119BS010007
turn_signal_lamp: 0.0