position: 0.22329412210038363 0.2838455630463139 0.924529320920076
orientation: 0.8472585514041893 0.5555983336407463 0.5002377590009881
enu_velocity: 0.889685455319368 0.9988356817565553 0.5751587304294529
velocity: 0.9995894322089128 0.5144477703386341 0.7498967125014933
angularVelocity: 0.4337096845140263 0.4953495313781101 0.5208240558571281
acceleration: 0.5909437842232553 0.5130920381964285 0.4331845122371876
accel: 0.02939417
brake: 0.0
steer: 0.5656483587910303
linkid: A219BS010380
trafficlightid: null
turn_signal_lamp: 0.0