position: 0.8229384890794333 0.7938483670011092 0.8922371889752059
orientation: 0.734339852939359 0.7611204649567658 0.9945932227642093
enu_velocity: 0.5589261108173669 0.283846238399371 0.5773980069895356
velocity: 0.002359259309978955 0.5224843452050855 0.13407717128284904
angularVelocity: 0.41763444022382096 0.46924518453230485 0.5221559068752367
acceleration: 0.5865261897912405 0.5163628252720228 0.4573744736038163
accel: 0.0
brake: 1.0
steer: 0.560610984725382
linkid: A219BS010391
trafficlightid: C119BS010007
turn_signal_lamp: 0.0