position: 0.8229384890794333 0.7938483670011092 0.8922379188233682
orientation: 0.734339852939359 0.7611204649567658 0.9945932227642093
enu_velocity: 0.5589260372359426 0.2838457587027068 0.5773900504861634
velocity: 0.0023590787628052887 0.5224883143151978 0.13406884805445418
angularVelocity: 0.41755613574147293 0.4692233576974412 0.5221555711700333
acceleration: 0.5865159551985092 0.5165661609539165 0.4573699420507382
accel: 0.0
brake: 1.0
steer: 0.560610984725382
linkid: A219BS010391
trafficlightid: C119BS010007
turn_signal_lamp: 0.0