position: 0.8229384890794333 0.7938483670011092 0.8922386486715306
orientation: 0.734339852939359 0.7611211776608878 0.9945932227642093
enu_velocity: 0.5589260017468966 0.28384583821959436 0.5774007489442178
velocity: 0.002359162603500304 0.5224879329973557 0.134079368128155
angularVelocity: 0.41756427100406174 0.4692344770697392 0.5221556085235408
acceleration: 0.5865238428377526 0.516532763705169 0.4574227145712202
accel: 0.0
brake: 1.0
steer: 0.560610984725382
linkid: A219BS010391
trafficlightid: C119BS010007
turn_signal_lamp: 0.0