position: 0.8229384890794333 0.7938483670011092 0.8922371889752059
orientation: 0.734339852939359 0.7611193959005828 0.9945932227642093
enu_velocity: 0.558926213950881 0.2838458884315236 0.57736372775353
velocity: 0.0023589484743641777 0.5224863411023694 0.1340433418323525
angularVelocity: 0.4175956784636769 0.46920504534212104 0.5221557239396318
acceleration: 0.5865130102305314 0.5164614502226939 0.45728231258568786
accel: 0.0
brake: 1.0
steer: 0.560610984725382
linkid: A219BS010391
trafficlightid: C119BS010007
turn_signal_lamp: 0.0