position: 0.8229384890794333 0.7938483670011092 0.8922349994307186
orientation: 0.7343510555496973 0.7611169014361556 0.9945932227642093
enu_velocity: 0.5589262262851182 0.28384609574782727 0.577342725493403
velocity: 0.002359070289129803 0.5224846210744344 0.13402322547368808
angularVelocity: 0.4176238279329455 0.4692185931448521 0.522155855751503
acceleration: 0.5865409493558624 0.5165472363654107 0.45719602855367625
accel: 0.0
brake: 1.0
steer: 0.560610984725382
linkid: A219BS010391
trafficlightid: C119BS010007
turn_signal_lamp: 0.0