position: 0.8229384890794333 0.7938483670011092 0.8922364591270433
orientation: 0.7343510555496973 0.7611193959005828 0.9945932227642093
enu_velocity: 0.5589260960721402 0.28384620888519085 0.577382357137048
velocity: 0.0023592729806649155 0.5224845772788681 0.13406194871115165
angularVelocity: 0.4176285968656038 0.4692454194867691 0.522155886277658
acceleration: 0.5865200853216729 0.5164210401953643 0.45727344519883395
accel: 0.0
brake: 1.0
steer: 0.560610984725382
linkid: A219BS010391
trafficlightid: C119BS010007
turn_signal_lamp: 0.0