position: 0.22422177659193082 0.28502810050349225 0.9251927528996868
orientation: 0.8493205544554914 0.5575828582685223 0.5002314567570988
enu_velocity: 0.8897357426475239 0.998876549367768 0.5658310594123095
velocity: 0.9996711967720439 0.5142860244661986 0.7443020965313014
angularVelocity: 0.43753477934418117 0.4837679580432567 0.5210938211626708
acceleration: 0.5898560463209596 0.5123598213293875 0.43549771178420404
accel: 0.02844252
brake: 0.0
steer: 0.5657296067598311
linkid: A219BS010380
trafficlightid: null
turn_signal_lamp: 0.0