position: 0.8229384890794333 0.7938483670011092 0.8922379188233682
orientation: 0.7343510555496973 0.7611222467170708 0.9945932227642093
enu_velocity: 0.5589259818845952 0.2838461588258 0.5773723757742537
velocity: 0.002359397742345052 0.5224854841399721 0.13405227334371586
angularVelocity: 0.41761192862943125 0.46926022600972483 0.5221558223504071
acceleration: 0.5865353805804888 0.5164269463386703 0.45726318038856656
accel: 0.0
brake: 1.0
steer: 0.560610984725382
linkid: A219BS010391
trafficlightid: C119BS010007
turn_signal_lamp: 0.0