position: 0.8229384890794333 0.7938483670011092 0.8922393785196925
orientation: 0.7343510555496973 0.761124741181498 0.9945932227642093
enu_velocity: 0.5589259499811551 0.2838458913424418 0.5773712833137135
velocity: 0.002359282790767229 0.52248766578603 0.1340508721807396
angularVelocity: 0.4175707236237914 0.46924624576558904 0.5221556428050768
acceleration: 0.5865204073561776 0.5164913905369386 0.4571215648415806
accel: 0.0
brake: 1.0
steer: 0.560610984725382
linkid: A219BS010391
trafficlightid: C119BS010007
turn_signal_lamp: 0.0