position: 0.8229384890794333 0.7938483670011092 0.8922408382160174
orientation: 0.734339852939359 0.761125097533559 0.9945932227642093
enu_velocity: 0.5589259710441985 0.2838458743770091 0.577396597825761
velocity: 0.002359226346271262 0.5224877946901745 0.1340754095791852
angularVelocity: 0.41756790978924124 0.46924210280606693 0.5221556257862754
acceleration: 0.5865359821089404 0.516497677410921 0.4573471955779238
accel: 0.0
brake: 1.0
steer: 0.560610984725382
linkid: A219BS010391
trafficlightid: C119BS010007
turn_signal_lamp: 0.0