position: 0.8229384890794333 0.7938483670011092 0.8922415680641798
orientation: 0.734339852939359 0.761125097533559 0.9945932227642093
enu_velocity: 0.5589259200601948 0.28384581469298925 0.5773913697493429
velocity: 0.0023592607756087493 0.5224884793294489 0.13407028987642997
angularVelocity: 0.4175549402523169 0.4692460848499058 0.5221555715299835
acceleration: 0.5865406118221673 0.5165164103912747 0.45731874118471966
accel: 0.0
brake: 1.0
steer: 0.560610984725382
linkid: A219BS010391
trafficlightid: C119BS010007
turn_signal_lamp: 0.0