position: 0.8229384890794333 0.7938483670011092 0.8922386486715306
orientation: 0.734339852939359 0.7611215340129488 0.9945932227642093
enu_velocity: 0.5589262047253042 0.283846003293717 0.577350907551668
velocity: 0.0023590374666155505 0.5224854632297693 0.1340310586510801
angularVelocity: 0.41761249038884857 0.46921480192331616 0.5221557991634678
acceleration: 0.586523434598517 0.5164373150892341 0.45713204537405416
accel: 0.0
brake: 1.0
steer: 0.560610984725382
linkid: A219BS010391
trafficlightid: C119BS010007
turn_signal_lamp: 0.0