position: 0.8229384890794333 0.7938483670011092 0.8922371889752059
orientation: 0.734339852939359 0.7611208213088269 0.9945932227642093
enu_velocity: 0.5589260001555157 0.2838458435620946 0.5773684766162404
velocity: 0.002359192634617242 0.5224877662225971 0.13404804605951
angularVelocity: 0.41756960002845767 0.469236009190675 0.5221556248511983
acceleration: 0.5865449211147542 0.5164707853571356 0.4572841872416842
accel: 0.0
brake: 1.0
steer: 0.560610984725382
linkid: A219BS010391
trafficlightid: C119BS010007
turn_signal_lamp: 0.0