position: 0.22514960322199934 0.2862167335145749 0.9249482537652867
orientation: 0.8515043407224065 0.5585681717172206 0.5002264697641081
enu_velocity: 0.8897834729928922 0.9989123085275788 0.5585263465744686
velocity: 0.9997459814334441 0.51409968095325 0.7389645439174606
angularVelocity: 0.43667907991513194 0.47700531916228484 0.5213485365843742
acceleration: 0.5892574121680825 0.512055522175176 0.44251592893037267
accel: 0.02716276
brake: 0.0
steer: 0.5655671108222295
linkid: A219BS010380
trafficlightid: null
turn_signal_lamp: 0.0