position: 0.8229384890794333 0.7938483670011092 0.8922371889752059
orientation: 0.734339852939359 0.7611193959005828 0.9945932227642093
enu_velocity: 0.5589262124266466 0.28384599645831476 0.5773723831036432
velocity: 0.002359007044738786 0.5224855659732817 0.13405189257925756
angularVelocity: 0.41761038466407924 0.4692128886811941 0.5221557900734863
acceleration: 0.5865215920393844 0.5164382149294788 0.45724155217477114
accel: 0.0
brake: 1.0
steer: 0.560610984725382
linkid: A219BS010391
trafficlightid: C119BS010007
turn_signal_lamp: 0.0