position: 0.8229384890794333 0.7938483670011092 0.8922371889752059
orientation: 0.734339852939359 0.7611179704923388 0.9945932227642093
enu_velocity: 0.5589259334312203 0.28384583751066395 0.577374542533888
velocity: 0.0023592699628794743 0.5224881697892638 0.13405397508395106
angularVelocity: 0.41756420285486867 0.46924563015958204 0.522155604208105
acceleration: 0.5865397010239667 0.5164172585734215 0.45718934588532256
accel: 0.0
brake: 1.0
steer: 0.560610984725382
linkid: A219BS010391
trafficlightid: C119BS010007
turn_signal_lamp: 0.0