position: 0.8229384890794333 0.7938483670011092 0.892232080038069
orientation: 0.734339852939359 0.7611133379155456 0.9945932227642093
enu_velocity: 0.5589261923988061 0.28384593842701794 0.5773538660038589
velocity: 0.0023590129909918547 0.5224860285709818 0.1340338515031841
angularVelocity: 0.41760084816044607 0.4692121117328811 0.5221557501128686
acceleration: 0.5865179841841267 0.5164780666817237 0.45725732273599273
accel: 0.0
brake: 1.0
steer: 0.560610984725382
linkid: A219BS010391
trafficlightid: C119BS010007
turn_signal_lamp: 0.0