position: 0.8229384890794333 0.7938483670011092 0.8922328098862313
orientation: 0.734339852939359 0.7611154760279116 0.9945932227642093
enu_velocity: 0.5589261584350004 0.2838462485658023 0.5773552294318839
velocity: 0.002359237169481383 0.5224838529802047 0.13403562145589593
angularVelocity: 0.4176438808205749 0.4692387541035561 0.5221559451934702
acceleration: 0.5865212344366737 0.5163624837743738 0.45716066119950316
accel: 0.0
brake: 1.0
steer: 0.560610984725382
linkid: A219BS010391
trafficlightid: C119BS010007
turn_signal_lamp: 0.0