position: 0.8229384890794333 0.7938483670011092 0.8922349994307186
orientation: 0.734339852939359 0.7611179704923388 0.9945932227642093
enu_velocity: 0.5589259905731716 0.2838459922602581 0.577395834626711
velocity: 0.0023592709545240845 0.5224868007843755 0.13407481478445657
angularVelocity: 0.41758756355829285 0.46924676945767635 0.5221557110319969
acceleration: 0.5865232278891032 0.5164468400167059 0.457257641138553
accel: 0.0
brake: 1.0
steer: 0.560610984725382
linkid: A219BS010391
trafficlightid: C119BS010007
turn_signal_lamp: 0.0