position: 0.22607760199058924 0.2873992709717532 0.9243745931096496
orientation: 0.8530372914661188 0.559351789899386 0.5002220307923253
enu_velocity: 0.8898187593553608 0.9989466373209972 0.5541794844957155
velocity: 0.9998092991134295 0.5140167860390414 0.7361346670166262
angularVelocity: 0.43014485480668496 0.47581827516026143 0.5213671692119837
acceleration: 0.5891557752373789 0.5133683556252213 0.4473886111944698
accel: 0.02643642
brake: 0.0
steer: 0.5655671108222295
linkid: A219BS010380
trafficlightid: null
turn_signal_lamp: 0.0