position: 0.8229384890794333 0.7938483670011092 0.892235729278881
orientation: 0.734339852939359 0.7611176141402777 0.9945932227642093
enu_velocity: 0.5589259898868604 0.2838457258776371 0.5773981156332602
velocity: 0.0023591140260166787 0.5224888325652055 0.13407666751540592
angularVelocity: 0.41755026570038145 0.4692286585454169 0.5221555391017447
acceleration: 0.586528856576917 0.5164711013387407 0.4572551086657994
accel: 0.0
brake: 1.0
steer: 0.560610984725382
linkid: A219BS010391
trafficlightid: C119BS010007
turn_signal_lamp: 0.0