position: 0.8229384890794333 0.7938483670011092 0.8922364591270433
orientation: 0.734339852939359 0.7611169014361556 0.9945932227642093
enu_velocity: 0.558925973285445 0.2838461376578895 0.5773876430981387
velocity: 0.002359384605546789 0.5224857509108618 0.1340670725471508
angularVelocity: 0.4176055822745544 0.46926053747308066 0.5221557939962491
acceleration: 0.5865528118165341 0.5164635320204104 0.4573823137307102
accel: 0.0
brake: 1.0
steer: 0.560610984725382
linkid: A219BS010391
trafficlightid: C119BS010007
turn_signal_lamp: 0.0