position: 0.8229384890794333 0.7938483670011092 0.8922349994307186
orientation: 0.734339852939359 0.7611140506196676 0.9945932227642093
enu_velocity: 0.5589261860341009 0.2838459533334791 0.5773649890279084
velocity: 0.0023590213149733766 0.5224859935701276 0.13404467478607848
angularVelocity: 0.41760190344211373 0.46921410202165453 0.5221557551989745
acceleration: 0.5865211846398151 0.5164626794515907 0.4572804908869741
accel: 0.0
brake: 1.0
steer: 0.560610984725382
linkid: A219BS010391
trafficlightid: C119BS010007
turn_signal_lamp: 0.0