position: 0.8229384890794333 0.7938483670011092 0.8922379188233682
orientation: 0.734339852939359 0.7611183268443997 0.9945932227642093
enu_velocity: 0.5589259350970265 0.28384573125438434 0.5773796777160168
velocity: 0.002359201624705743 0.5224889881470925 0.1340588147146972
angularVelocity: 0.4175468947690321 0.4692374091015502 0.5221555318630773
acceleration: 0.5865198178540625 0.5164932901550111 0.45717311967852864
accel: 0.0
brake: 1.0
steer: 0.560610984725382
linkid: A219BS010391
trafficlightid: C119BS010007
turn_signal_lamp: 0.0