position: 0.22700568682843975 0.28858180842893155 0.9234221412577326
orientation: 0.8539855382250772 0.5598175420431287 0.5002166601844893
enu_velocity: 0.8898465452349859 0.9989864832419295 0.5490419190810265
velocity: 0.9998736139222337 0.5140346455196094 0.7319777920978304
angularVelocity: 0.425929190169411 0.4710019137081807 0.5212622582123921
acceleration: 0.589317414436628 0.5157440831316702 0.4414005658636721
accel: 0.02546592
brake: 0.0
steer: 0.5654858628534287
linkid: A219BS010380
trafficlightid: null
turn_signal_lamp: 0.0