position: 0.8229384890794333 0.7938483670011092 0.892235729278881
orientation: 0.734339852939359 0.7611161887320337 0.9945932227642093
enu_velocity: 0.5589260002979738 0.2838460429973859 0.5773880550969014
velocity: 0.0023592942021337837 0.5224863354442053 0.13406732423903406
angularVelocity: 0.41759223875741036 0.46925005813542875 0.5221557350995747
acceleration: 0.5865569146486381 0.5165473899526626 0.45753178589927274
accel: 0.0
brake: 1.0
steer: 0.560610984725382
linkid: A219BS010391
trafficlightid: C119BS010007
turn_signal_lamp: 0.0