position: 0.8229384890794333 0.7938483670011092 0.8922371889752059
orientation: 0.734339852939359 0.7611176141402777 0.9945932227642093
enu_velocity: 0.5589259467818412 0.283845959673006 0.5773922996527314
velocity: 0.0023593107317625645 0.5224872512630516 0.1340713704057991
angularVelocity: 0.4175803162433145 0.4692517920633094 0.522155678895288
acceleration: 0.5865378171263009 0.5164212171045566 0.45729882832409924
accel: 0.0
brake: 1.0
steer: 0.560610984725382
linkid: A219BS010391
trafficlightid: C119BS010007
turn_signal_lamp: 0.0