position: 0.8229384890794333 0.7938483670011092 0.892235729278881
orientation: 0.734339852939359 0.7611176141402777 0.9945932227642093
enu_velocity: 0.5589259458150971 0.2838459413731436 0.5773878463282407
velocity: 0.0023593046814840315 0.5224873762518553 0.1340670228697444
angularVelocity: 0.41757536460793654 0.4692510053851275 0.5221556612775613
acceleration: 0.5865443994254033 0.5165009755168726 0.4573451602530309
accel: 0.0
brake: 1.0
steer: 0.560610984725382
linkid: A219BS010391
trafficlightid: C119BS010007
turn_signal_lamp: 0.0