position: 0.8229384890794333 0.7938483670011092 0.8922371889752059
orientation: 0.734339852939359 0.7611183268443997 0.9945932227642093
enu_velocity: 0.5589259629991635 0.2838457580937794 0.5773872878942902
velocity: 0.002359175712182027 0.5224886773525568 0.13406621906716
angularVelocity: 0.4175544091193007 0.4692350368706103 0.5221555590626182
acceleration: 0.586525778633346 0.5164335497005893 0.4572743251325881
accel: 0.0
brake: 1.0
steer: 0.560610984725382
linkid: A219BS010391
trafficlightid: C119BS010007
turn_signal_lamp: 0.0