position: 0.8229384890794333 0.7938483670011092 0.8922349994307186
orientation: 0.734339852939359 0.7611161887320337 0.9945932227642093
enu_velocity: 0.5589264105569979 0.2838462457514543 0.5773571605846348
velocity: 0.0023589107915449243 0.5224826260538533 0.13403730967676114
angularVelocity: 0.41766615195545004 0.46919916788110777 0.5221560200668753
acceleration: 0.5865107479958009 0.5163619317962129 0.4571621922374802
accel: 0.0
brake: 1.0
steer: 0.560610984725382
linkid: A219BS010391
trafficlightid: C119BS010007
turn_signal_lamp: 0.0