position: 0.2279337716662903 0.2897704414400133 0.921573435862403
orientation: 0.8548127245174764 0.5592049728502491 0.5002109059618077
enu_velocity: 0.8898685352869591 0.9990177469645072 0.5422208651605975
velocity: 0.9999264617496232 0.514059244926814 0.7243332092197499
angularVelocity: 0.42478543350682046 0.46145286588376 0.5212811567866622
acceleration: 0.5885886091608132 0.5148015302875288 0.4412654754935802
accel: 0.02461756
brake: 0.0
steer: 0.5655671108222295
linkid: A219BS010380
trafficlightid: null
turn_signal_lamp: 0.0