position: 0.8229384890794333 0.7938483670011092 0.892235729278881
orientation: 0.734339852939359 0.7611172577882167 0.9945932227642093
enu_velocity: 0.5589262105170748 0.2838459789758107 0.5773679358868274
velocity: 0.0023590026773644165 0.5224856894909615 0.1340475527638235
angularVelocity: 0.4176093812258287 0.469211429161428 0.5221557836485243
acceleration: 0.5865045853319498 0.5164036043905395 0.457122260728899
accel: 0.0
brake: 1.0
steer: 0.560610984725382
linkid: A219BS010391
trafficlightid: C119BS010007
turn_signal_lamp: 0.0