position: 0.8229384890794333 0.7938483670011092 0.892235729278881
orientation: 0.734339852939359 0.7611165450840947 0.9945932227642093
enu_velocity: 0.5589259661219214 0.28384593961483506 0.5773915283657697
velocity: 0.0023592747799340125 0.522487303704981 0.13407058033709482
angularVelocity: 0.41757477598587217 0.46924817833121635 0.5221556589849861
acceleration: 0.5865578219602822 0.5165521858795471 0.4574379778778507
accel: 0.0
brake: 1.0
steer: 0.560610984725382
linkid: A219BS010391
trafficlightid: C119BS010007
turn_signal_lamp: 0.0