position: 0.8229384890794333 0.7938483670011092 0.892235729278881
orientation: 0.734339852939359 0.7611165450840947 0.9945932227642093
enu_velocity: 0.5589259403067766 0.2838457373712441 0.5773839123895138
velocity: 0.002359195266538759 0.5224889334397352 0.13406293033914402
angularVelocity: 0.41754649008897227 0.4692375661597025 0.5221555319602539
acceleration: 0.586536566091943 0.5165285070981553 0.45729225906066506
accel: 0.0
brake: 1.0
steer: 0.560610984725382
linkid: A219BS010391
trafficlightid: C119BS010007
turn_signal_lamp: 0.0