position: 0.8229384890794333 0.7938483670011092 0.8922379188233682
orientation: 0.734339852939359 0.7611204649567658 0.9945932227642093
enu_velocity: 0.5589259990921177 0.28384611281440736 0.5773832576456798
velocity: 0.002359340343746375 0.5224857923669757 0.134062762602688
angularVelocity: 0.4176039775000947 0.46925428730144564 0.5221557907089025
acceleration: 0.5865338150800423 0.5164984826776289 0.45731412329377763
accel: 0.0
brake: 1.0
steer: 0.560610984725382
linkid: A219BS010391
trafficlightid: C119BS010007
turn_signal_lamp: 0.0