position: 0.8229384890794333 0.7938483670011092 0.8922371889752059
orientation: 0.734339852939359 0.7611201086047048 0.9945932227642093
enu_velocity: 0.5589259773520875 0.28384581084099214 0.5773753285227164
velocity: 0.002359197423577676 0.5224881563341441 0.13405467003546392
angularVelocity: 0.41755729068612396 0.46923713448191673 0.5221555861699406
acceleration: 0.5865379152066393 0.5166176375549524 0.4574057794365759
accel: 0.0
brake: 1.0
steer: 0.560610984725382
linkid: A219BS010391
trafficlightid: C119BS010007
turn_signal_lamp: 0.0