position: 0.8229384890794333 0.7938483670011092 0.8922386486715306
orientation: 0.734339852939359 0.7611229594211929 0.9945932227642093
enu_velocity: 0.5589259774006361 0.2838459079439485 0.5773921331099717
velocity: 0.0023592413003118685 0.522487490049024 0.13407111619385786
angularVelocity: 0.4175763122362934 0.46924322482414355 0.5221556571068989
acceleration: 0.5865297209536722 0.5164183717818024 0.4573007822092793
accel: 0.0
brake: 1.0
steer: 0.560610984725382
linkid: A219BS010391
trafficlightid: C119BS010007
turn_signal_lamp: 0.0