position: 0.8229384890794333 0.7938483670011092 0.8922371889752059
orientation: 0.734339852939359 0.7611208213088269 0.9945932227642093
enu_velocity: 0.5589259972369415 0.2838457254413753 0.5773808453627182
velocity: 0.0023591176511034272 0.5224887274258834 0.1340598953373695
angularVelocity: 0.4175492939709939 0.46922839006449174 0.5221555395469724
acceleration: 0.5865484292377459 0.5165528134392068 0.4574335175388
accel: 0.0
brake: 1.0
steer: 0.560610984725382
linkid: A219BS010391
trafficlightid: C119BS010007
turn_signal_lamp: 0.0