position: 0.8229384890794333 0.7938483670011092 0.8922371889752059
orientation: 0.734339852939359 0.7611208213088269 0.9945932227642093
enu_velocity: 0.5589259819519461 0.28384585082255265 0.577393302383232
velocity: 0.0023592011018113905 0.5224879051481203 0.13407217038033692
angularVelocity: 0.4175660848772439 0.4692388303256423 0.5221556150601567
acceleration: 0.5865362197885685 0.5164966893278188 0.45734723094639124
accel: 0.0
brake: 1.0
steer: 0.560610984725382
linkid: A219BS010391
trafficlightid: C119BS010007
turn_signal_lamp: 0.0