position: 0.8229384890794333 0.7938483670011092 0.8922393785196925
orientation: 0.734339852939359 0.7611226030691318 0.9945932227642093
enu_velocity: 0.5589259903506288 0.28384590613275723 0.5773957061716422
velocity: 0.002359220883825096 0.522487454107283 0.13407457312920573
angularVelocity: 0.41757333749743253 0.4692411013573418 0.5221556509639474
acceleration: 0.5865282040400664 0.5165173661919016 0.4573944194315378
accel: 0.0
brake: 1.0
steer: 0.560610984725382
linkid: A219BS010391
trafficlightid: C119BS010007
turn_signal_lamp: 0.0