position: 0.8229384890794333 0.7938483670011092 0.8922379188233682
orientation: 0.734339852939359 0.7611208213088269 0.9945932227642093
enu_velocity: 0.558926003139276 0.2838457268263787 0.5773857453293432
velocity: 0.002359107120500758 0.5224887078968796 0.1340646499081356
angularVelocity: 0.41754870963287716 0.4692273066704812 0.5221555393030393
acceleration: 0.5865415996824036 0.5165795666353866 0.45738705281908476
accel: 0.0
brake: 1.0
steer: 0.560610984725382
linkid: A219BS010391
trafficlightid: C119BS010007
turn_signal_lamp: 0.0