position: 0.8229384890794333 0.7938483670011092 0.892235729278881
orientation: 0.734339852939359 0.7611169014361556 0.9945932227642093
enu_velocity: 0.5589259955862045 0.2838459720686838 0.5773934487107006
velocity: 0.0023592545368728694 0.5224869189122341 0.1340724674071045
angularVelocity: 0.41758273559513026 0.46924560501034474 0.5221556903770046
acceleration: 0.5865520836362501 0.5165231357023924 0.45729765540775763
accel: 0.0
brake: 1.0
steer: 0.560610984725382
linkid: A219BS010391
trafficlightid: C119BS010007
turn_signal_lamp: 0.0