position: 0.8229384890794333 0.7938483670011092 0.8922371889752059
orientation: 0.734339852939359 0.7611176141402777 0.9945932227642093
enu_velocity: 0.5589259448213854 0.28384566370287945 0.5773831856803209
velocity: 0.002359146882086809 0.5224894662437444 0.13406212140052443
angularVelocity: 0.4175382784114663 0.4692311924560175 0.522155491591296
acceleration: 0.5865196661964637 0.5164919834665855 0.45717318453132094
accel: 0.0
brake: 1.0
steer: 0.560610984725382
linkid: A219BS010391
trafficlightid: C119BS010007
turn_signal_lamp: 0.0