position: 0.8229384890794333 0.7938483670011092 0.892235729278881
orientation: 0.734339852939359 0.7611151196758507 0.9945932227642093
enu_velocity: 0.5589259633824553 0.2838459263832716 0.5773950956375365
velocity: 0.0023592677929028106 0.5224874324716768 0.13407402749740802
angularVelocity: 0.4175717508188269 0.4692474259298496 0.5221556492980624
acceleration: 0.5865495396222795 0.5165715841642798 0.45748512385404344
accel: 0.0
brake: 1.0
steer: 0.560610984725382
linkid: A219BS010391
trafficlightid: C119BS010007
turn_signal_lamp: 0.0