position: 0.8229384890794333 0.7938483670011092 0.8922386486715306
orientation: 0.734339852939359 0.7611183268443997 0.9945932227642093
enu_velocity: 0.5589259256010402 0.28384600317175784 0.577381642226691
velocity: 0.0023593715795544663 0.5224869828109787 0.13406109850810824
angularVelocity: 0.4175842783709218 0.46925788543133184 0.5221557032380344
acceleration: 0.5865285276490028 0.5164501322507453 0.4572165161518917
accel: 0.0
brake: 1.0
steer: 0.560610984725382
linkid: A219BS010391
trafficlightid: C119BS010007
turn_signal_lamp: 0.0