position: 0.8229384890794333 0.7938483670011092 0.8922386486715306
orientation: 0.734339852939359 0.7611183268443997 0.9945932227642093
enu_velocity: 0.5589259501320171 0.2838460401569235 0.5773792674030586
velocity: 0.002359363624710033 0.5224865703947795 0.13405882550037104
angularVelocity: 0.41758867025498286 0.4692578385565951 0.5221557261479212
acceleration: 0.5865624805175329 0.5165342349973947 0.4573548135545835
accel: 0.0
brake: 1.0
steer: 0.560610984725382
linkid: A219BS010391
trafficlightid: C119BS010007
turn_signal_lamp: 0.0