position: 0.8229384890794333 0.7938483670011092 0.8922401083678551
orientation: 0.7343618967855085 0.7611233157732539 0.9945932227642093
enu_velocity: 0.5589261779172489 0.2838462301825291 0.5773465272517743
velocity: 0.0023592081264094205 0.5224838590311218 0.13402713412725334
angularVelocity: 0.4176407880015805 0.4692348052108216 0.5221559350553693
acceleration: 0.5865266468750023 0.5164483935356492 0.457201556005825
accel: 0.0
brake: 1.0
steer: 0.560610984725382
linkid: A219BS010391
trafficlightid: C119BS010007
turn_signal_lamp: 0.0