position: 0.23071664907167116 0.2933241493654526 0.9134451168778845
orientation: 0.8549449875943738 0.5553431855650617 0.5001950681489034
enu_velocity: 0.8897071044403029 0.9986842672570131 0.5276971300570319
velocity: 0.9994665360820119 0.51437228846038 0.7032869753112794
angularVelocity: 0.4138882612565507 0.4561360589872404 0.5213905382088105
acceleration: 0.5949297626324872 0.5164115628339104 0.4489326912938705
accel: 0.03164688
brake: 0.0
steer: 0.565404614884628
linkid: A219BS010380
trafficlightid: null
turn_signal_lamp: 0.0