position: 0.8229384890794333 0.7938483670011092 0.8922371889752059
orientation: 0.7343510555496973 0.7611208213088269 0.9945932227642093
enu_velocity: 0.5589261226477932 0.2838458698095631 0.5773628283615866
velocity: 0.002359055316492744 0.5224869334437986 0.13404250955049665
angularVelocity: 0.4175862198483712 0.46921864184438733 0.5221556839147585
acceleration: 0.5865368593280994 0.5164294268878651 0.45729418688068413
accel: 0.0
brake: 1.0
steer: 0.560610984725382
linkid: A219BS010391
trafficlightid: C119BS010007
turn_signal_lamp: 0.0