position: 0.8229384890794333 0.7938483670011092 0.8922379188233682
orientation: 0.7343510555496973 0.7611229594211929 0.9945932227642093
enu_velocity: 0.558925881611697 0.2838459271020307 0.577377056881628
velocity: 0.0023593869471293222 0.5224877594563467 0.13405657543039365
angularVelocity: 0.4175717053248323 0.4692599634825187 0.5221556432651784
acceleration: 0.5865433145962636 0.5164106460515034 0.4573237987960409
accel: 0.0
brake: 1.0
steer: 0.560610984725382
linkid: A219BS010391
trafficlightid: C119BS010007
turn_signal_lamp: 0.0