position: 0.8229384890794333 0.7938483670011092 0.8922386486715306
orientation: 0.7343510555496973 0.761124741181498 0.9945932227642093
enu_velocity: 0.5589258950251172 0.2838459906394392 0.5773762727680102
velocity: 0.002359407575057261 0.5224872078160535 0.13405589087364045
angularVelocity: 0.41757888800957466 0.46926253070519325 0.5221556841458009
acceleration: 0.5865489517720919 0.5164877702506556 0.4573699919864341
accel: 0.0
brake: 1.0
steer: 0.560610984725382
linkid: A219BS010391
trafficlightid: C119BS010007
turn_signal_lamp: 0.0