position: 0.8229384890794333 0.7938483670011092 0.8922379188233682
orientation: 0.734339852939359 0.761123672125315 0.9945932227642093
enu_velocity: 0.558926167746168 0.2838460029310476 0.5773561851788883
velocity: 0.0023590805989432235 0.5224856721890486 0.13403620856837162
angularVelocity: 0.4176111825952385 0.46922054994911 0.5221557893166985
acceleration: 0.5865284121333387 0.5163611187504105 0.45712264552001275
accel: 0.0
brake: 1.0
steer: 0.560610984725382
linkid: A219BS010391
trafficlightid: C119BS010007
turn_signal_lamp: 0.0