position: 0.8229384890794333 0.7938483670011092 0.8922379188233682
orientation: 0.734339852939359 0.761123672125315 0.9945932227642093
enu_velocity: 0.5589259793128502 0.28384588021206614 0.5773759963337792
velocity: 0.0023592350339555206 0.5224876235866692 0.1340554112621305
angularVelocity: 0.4175707686587916 0.4692417306152798 0.522155636436041
acceleration: 0.5865452406599488 0.5165093318294773 0.4572984587840468
accel: 0.0
brake: 1.0
steer: 0.560610984725382
linkid: A219BS010391
trafficlightid: C119BS010007
turn_signal_lamp: 0.0