position: 0.022194094979098904 0.028179745693491576 0.5683152476958693
orientation: 0.651197765028645 0.5209210731499554 0.49824411264926666
enu_velocity: 0.8933992171200567 0.9952332018281718 0.8597837071576313
velocity: 0.9983041331616479 0.5100937865649854 0.9663343794335362
angularVelocity: 0.39461052221705006 0.519429730736455 0.5094062815173317
acceleration: 0.5944950773322818 0.5025605910147929 0.49956346023838416
accel: 0.04983804
brake: 0.0
steer: 0.5619922001949952
linkid: A219BS010380
trafficlightid: null
turn_signal_lamp: 0.0