position: 0.23164438963247902 0.2945066868226318 0.9099279785833356
orientation: 0.8546692588302407 0.5532022223825013 0.5001892591241011
enu_velocity: 0.889749720820096 0.9987811234955866 0.5247307246032838
velocity: 0.9996031427301697 0.5144848372850975 0.6968128678172897
angularVelocity: 0.4153492155594511 0.4485561684823233 0.5213949423926016
acceleration: 0.5914842141963753 0.51650139350128 0.4509836966314239
accel: 0.0289926
brake: 0.0
steer: 0.5654858628534287
linkid: A219BS010380
trafficlightid: null
turn_signal_lamp: 0.0