position: 0.8229384890794333 0.7938483670011092 0.8922386486715306
orientation: 0.734339852939359 0.7611233157732539 0.9945932227642093
enu_velocity: 0.5589259363599884 0.2838458504129366 0.5773983943385695
velocity: 0.0023592553919108317 0.5224881566079813 0.13407714621306785
angularVelocity: 0.417562543521275 0.46924585643818684 0.5221555983993224
acceleration: 0.5865391982746874 0.5164648481496189 0.45726326863798167
accel: 0.0
brake: 1.0
steer: 0.560610984725382
linkid: A219BS010391
trafficlightid: C119BS010007
turn_signal_lamp: 0.0