position: 0.8229384890794333 0.7938483670011092 0.8922393785196925
orientation: 0.7343510555496973 0.761123672125315 0.9945932227642093
enu_velocity: 0.5589261688144243 0.2838462358698702 0.5773683860980556
velocity: 0.00235920628964828 0.5224839521958116 0.13404836937423212
angularVelocity: 0.4176393307708696 0.4692368581808874 0.5221559283517683
acceleration: 0.586542078604342 0.5164368230883527 0.4572171465502943
accel: 0.0
brake: 1.0
steer: 0.560610984725382
linkid: A219BS010391
trafficlightid: C119BS010007
turn_signal_lamp: 0.0