position: 0.8229384890794333 0.7938483670011092 0.8922379188233682
orientation: 0.7343510555496973 0.7611229594211929 0.9945932227642093
enu_velocity: 0.5589263937097201 0.28384642678209865 0.5773457576254825
velocity: 0.002359047226213289 0.5224812905678657 0.13402649788672646
angularVelocity: 0.4176919399818927 0.46921456201787587 0.522156135173191
acceleration: 0.5865176608021972 0.516307626351215 0.4570888720210137
accel: 0.0
brake: 1.0
steer: 0.560610984725382
linkid: A219BS010391
trafficlightid: C119BS010007
turn_signal_lamp: 0.0