position: 0.8229384890794333 0.7938483670011092 0.892235729278881
orientation: 0.7343510555496973 0.7611201086047048 0.9945932227642093
enu_velocity: 0.5589261909949714 0.2838458418897715 0.5773676267984382
velocity: 0.002358947637224678 0.522486824436483 0.1340470804430419
angularVelocity: 0.417586385912544 0.46920561795243265 0.5221556835786068
acceleration: 0.586520445868164 0.516480176580844 0.457343138334441
accel: 0.0
brake: 1.0
steer: 0.560610984725382
linkid: A219BS010391
trafficlightid: C119BS010007
turn_signal_lamp: 0.0