position: 0.23257221626254754 0.29568922427981015 0.9059203823236612
orientation: 0.8544047326764459 0.5503266750613709 0.5001831212865742
enu_velocity: 0.8897815978721813 0.998840381531845 0.5230500637248451
velocity: 0.9996921364772359 0.5145431327921016 0.6903089381835874
angularVelocity: 0.41507305469568484 0.44249599100005055 0.5213989416076524
acceleration: 0.5899805171522597 0.5165253149229119 0.45385409425791984
accel: 0.02818692
brake: 0.0
steer: 0.5654858628534287
linkid: A219BS010380
trafficlightid: null
turn_signal_lamp: 0.0