position: 0.8229384890794333 0.7938483670011092 0.8922386486715306
orientation: 0.7343510555496973 0.7611222467170708 0.9945932227642093
enu_velocity: 0.5589261145963488 0.28384595485175174 0.577359019035946
velocity: 0.0023591183927678424 0.52248631319849 0.13403893286443397
angularVelocity: 0.41759613413143537 0.4692257134872689 0.5221557371807413
acceleration: 0.5865344921061466 0.5164645373479394 0.45716417479592764
accel: 0.0
brake: 1.0
steer: 0.560610984725382
linkid: A219BS010391
trafficlightid: C119BS010007
turn_signal_lamp: 0.0