position: 0.8229384890794333 0.7938483670011092 0.8922401083678551
orientation: 0.734339852939359 0.7611229594211929 0.9945932227642093
enu_velocity: 0.5589261117330224 0.2838459650723122 0.5773818888334933
velocity: 0.0023591104332867604 0.5224863451181466 0.13406115119999235
angularVelocity: 0.4175967150463336 0.4692260391223902 0.5221557370235729
acceleration: 0.5865167765337994 0.516429205222028 0.4571580488787767
accel: 0.0
brake: 1.0
steer: 0.560610984725382
linkid: A219BS010391
trafficlightid: C119BS010007
turn_signal_lamp: 0.0