position: 0.8229384890794333 0.7938483670011092 0.8922393785196925
orientation: 0.7343510555496973 0.761123672125315 0.9945932227642093
enu_velocity: 0.5589261267928157 0.2838458670751725 0.5773660606555678
velocity: 0.002359045910377172 0.5224869469568657 0.1340456407879672
angularVelocity: 0.41758587164374694 0.4692168479670346 0.5221556857987953
acceleration: 0.5865076963072189 0.5164282978451141 0.4572457966135011
accel: 0.0
brake: 1.0
steer: 0.560610984725382
linkid: A219BS010391
trafficlightid: C119BS010007
turn_signal_lamp: 0.0