position: 0.8229384890794333 0.7938483670011092 0.8922379188233682
orientation: 0.7343510555496973 0.7611233157732539 0.9945932227642093
enu_velocity: 0.5589261533850447 0.28384621999464227 0.577360076317212
velocity: 0.0023592231729337248 0.5224841148356297 0.13404029169889406
angularVelocity: 0.4176387792508523 0.4692378903643825 0.5221559197468766
acceleration: 0.5865335857019207 0.5163737658243969 0.4571009265934139
accel: 0.0
brake: 1.0
steer: 0.560610984725382
linkid: A219BS010391
trafficlightid: C119BS010007
turn_signal_lamp: 0.0