position: 0.8229384890794333 0.7938483670011092 0.8922379188233682
orientation: 0.7343510555496973 0.7611240284773759 0.9945932227642093
enu_velocity: 0.5589259376835168 0.28384605052430084 0.5773812099165877
velocity: 0.0023593841616499672 0.5224865619303857 0.13406073444518177
angularVelocity: 0.41759013135272155 0.4692601421586184 0.5221557301173884
acceleration: 0.5865532263818145 0.5165001014350973 0.45734637480365653
accel: 0.0
brake: 1.0
steer: 0.560610984725382
linkid: A219BS010391
trafficlightid: C119BS010007
turn_signal_lamp: 0.0