position: 0.8229384890794333 0.7938483670011092 0.8922408382160174
orientation: 0.7343510555496973 0.761125810237681 0.9945932227642093
enu_velocity: 0.5589259429403325 0.2838459903651583 0.5773847578500768
velocity: 0.002359339446554792 0.522487006429519 0.13406409322819432
angularVelocity: 0.41758115470367896 0.46925537116725086 0.5221556904503829
acceleration: 0.5865611198774072 0.5165297767936874 0.45720181090051715
accel: 0.0
brake: 1.0
steer: 0.560610984725382
linkid: A219BS010391
trafficlightid: C119BS010007
turn_signal_lamp: 0.0