position: 0.8229384890794333 0.7938483670011092 0.8922401083678551
orientation: 0.7343510555496973 0.7611243848294369 0.9945932227642093
enu_velocity: 0.5589261735559738 0.2838458578644916 0.5773864836183432
velocity: 0.0023589648272768038 0.5224868686864422 0.13406542130748283
angularVelocity: 0.41758392344585454 0.4692091140370029 0.5221556798908528
acceleration: 0.5865159434142524 0.5165222967109313 0.457328681711942
accel: 0.0
brake: 1.0
steer: 0.560610984725382
linkid: A219BS010391
trafficlightid: C119BS010007
turn_signal_lamp: 0.0