position: 0.8229384890794333 0.7938483670011092 0.8922401083678551
orientation: 0.7343510555496973 0.761125097533559 0.9945932227642093
enu_velocity: 0.5589261372640012 0.28384609942476796 0.5773641833964956
velocity: 0.0023591700457931035 0.5224851260274413 0.1340441266603825
angularVelocity: 0.4176207546671124 0.46923176689686374 0.522155838294911
acceleration: 0.5865251732529344 0.5163670164395131 0.45719115723112613
accel: 0.0
brake: 1.0
steer: 0.560610984725382
linkid: A219BS010391
trafficlightid: C119BS010007
turn_signal_lamp: 0.0