position: 0.8229250622747681 0.7938544625550126 0.8879829040366445
orientation: 0.7340973706317138 0.7533562662514356 0.9945860984885083
enu_velocity: 0.5536690930160447 0.28731217807816384 0.5773798371017377
velocity: 0.011129711316661378 0.5224122516496037 0.14246589158169828
angularVelocity: 0.4150031058620852 0.39726065114118025 0.5215527320565579
acceleration: 0.8975018593699686 0.5160887947589463 0.47708848493985534
accel: 0.9048308
brake: 0.0
steer: 0.560610984725382
linkid: A219BS010391
trafficlightid: C119BS010007
turn_signal_lamp: 0.0