position: 0.8228999300506512 0.7938666536628185 0.8811770699223735
orientation: 0.7336232472522346 0.7407346326024504 0.9945773301491841
enu_velocity: 0.5486654680667795 0.2906061095852735 0.5799909542856148
velocity: 0.019472855161546156 0.5223937920240609 0.15262496740928447
angularVelocity: 0.4128584947049259 0.34543522520846265 0.5213694105215916
acceleration: 0.9592415445293415 0.5162449610799777 0.48580035549762596
accel: 1.0
brake: 0.0
steer: 0.5607734806629835
linkid: A219BS010391
trafficlightid: C119BS010007
turn_signal_lamp: 0.0