position: 0.8222722269325539 0.7941043802650345 0.8062435590899668
orientation: 0.7240395947950793 0.5871052011151252 0.9944649858015927
enu_velocity: 0.5081723726874009 0.31751344697662437 0.6274718624153754
velocity: 0.08714302487594974 0.5205587355014285 0.23995835364348939
angularVelocity: 0.3976234264620215 0.2973437171182236 0.5203482731167094
acceleration: 0.9968583689157494 0.5096116421285076 0.4846567326438073
accel: 1.0
brake: 0.0
steer: 0.5615047123821906
linkid: A219BS010391
trafficlightid: C119BS010007
turn_signal_lamp: 0.0