position: 0.8221175604711222 0.7941653358040641 0.7989385088326226
orientation: 0.7216794577589676 0.5693877329936678 0.9944474491229442
enu_velocity: 0.5024011261634059 0.32139513442481193 0.6303821551762365
velocity: 0.09681951192740504 0.5199467342626246 0.24648565267322348
angularVelocity: 0.3956657350355396 0.31904551922330265 0.5202606911896194
acceleration: 0.9968241123554278 0.5090752482405745 0.47905579232602863
accel: 1.0
brake: 0.0
steer: 0.5575235619109523
linkid: A219BS010391
trafficlightid: C119BS010007
turn_signal_lamp: 0.0