position: 0.8219466269194231 0.7942323868969972 0.7930975339890289
orientation: 0.7192972768767065 0.554255955426914 0.9944299124442958
enu_velocity: 0.4966150150461391 0.32524067447088195 0.6309885959546797
velocity: 0.10649487720893933 0.5196806334789028 0.25061183345991755
angularVelocity: 0.39577676195517847 0.34201668561374 0.5200881709364723
acceleration: 0.9967828522316627 0.5133167972593038 0.47272804431618076
accel: 1.0
brake: 0.0
steer: 0.5576860578485539
linkid: A219BS010391
trafficlightid: C119BS010007
turn_signal_lamp: 0.0