position: 0.2353560404297958 0.29924293220524945 0.8942260252177134
orientation: 0.8513500337993594 0.5418000967567115 0.5001681603076021
enu_velocity: 0.8898187593553608 0.9990005825677979 0.5299806590292603
velocity: 0.9998930579341978 0.515155743539343 0.6824968455675318
angularVelocity: 0.4006586187099121 0.44989401469661916 0.5216112554933305
acceleration: 0.5884691405485769 0.5190544502865223 0.47338371749627517
accel: 0.02539849
brake: 0.0
steer: 0.5658108547286319
linkid: A219BS010380
trafficlightid: null
turn_signal_lamp: 0.0