position: 0.8213362237227213 0.7944701134992131 0.7833584401101192
orientation: 0.7112465751632635 0.5243911226144723 0.9943537374964168
enu_velocity: 0.47931017377425494 0.3368702275569894 0.6194060959335846
velocity: 0.13551157511442624 0.5179732731433445 0.2505836681057448
angularVelocity: 0.3928728115051536 0.40845917810930077 0.5183072614048428
acceleration: 0.9966222270265992 0.5130028179655044 0.45475290497730075
accel: 1.0
brake: 0.0
steer: 0.5584172895677609
linkid: A219BS010391
trafficlightid: C119BS010007
turn_signal_lamp: 0.0