position: 0.8211002218099523 0.794561546807758 0.7820899640038885
orientation: 0.7086219119733572 0.519093806686704 0.9943279804996519
enu_velocity: 0.47351155048788085 0.3407097804980168 0.6108946505061632
velocity: 0.1452023958926499 0.5178437923508987 0.24650134853622996
angularVelocity: 0.3945207888124706 0.4266701298403319 0.5182963032521746
acceleration: 0.9974892225054943 0.5140114796114074 0.44710719810333416
accel: 1.0
brake: 0.0
steer: 0.5586610334741632
linkid: A219BS010391
trafficlightid: C119BS010007
turn_signal_lamp: 0.0