position: 0.8208480388761769 0.7946590756702054 0.7812966190513726
orientation: 0.7061295118603481 0.5155600058384722 0.9943016754816792
enu_velocity: 0.46770897240146203 0.344560245091238 0.5995066014774397
velocity: 0.15490558106822508 0.517653572717625 0.23992164276390196
angularVelocity: 0.3945468023199107 0.4414373676438481 0.5181751041599629
acceleration: 0.9980224829611676 0.5132882999962562 0.4412552180019138
accel: 1.0
brake: 0.0
steer: 0.558742281442964
linkid: A219BS010391
trafficlightid: C119BS010007
turn_signal_lamp: 0.0