position: 0.8193422571606807 0.7952442488448916 0.7781538928641287
orientation: 0.6910320068695852 0.5162422418592796 0.9941690543494006
enu_velocity: 0.43868097872436906 0.3636991195686179 0.5299662964778895
velocity: 0.2033770848572292 0.517791392292174 0.19920781235421378
angularVelocity: 0.38438426857904134 0.4873910614985791 0.5178712685288815
acceleration: 0.9974340313805318 0.5168583592585342 0.4364118689833649
accel: 1.0
brake: 0.0
steer: 0.5601234969125772
linkid: A219BS010391
trafficlightid: C119BS010007
turn_signal_lamp: 0.0