position: 0.2362840391983857 0.3004315652163312 0.8914766871899971
orientation: 0.8486921241529652 0.5402370297114945 0.5001642145549063
enu_velocity: 0.8897998376827326 0.9990524844340378 0.5372678854608072
velocity: 0.9999329430869446 0.5156419899372807 0.6868592490924738
angularVelocity: 0.3908555770305434 0.457270431200972 0.5216946395882328
acceleration: 0.5881229110159202 0.5230294678853813 0.475468421476993
accel: 0.02488745
brake: 0.0
steer: 0.5658921026974326
linkid: A219BS010380
trafficlightid: null
turn_signal_lamp: 0.0