position: 0.8182433248403916 0.7956770331720042 0.7734631587244591
orientation: 0.6789559542994209 0.5248622556743363 0.9940934274227292
enu_velocity: 0.42129148427566393 0.37510388035925085 0.49520099582749927
velocity: 0.23237531095135025 0.5184958285772536 0.18472650394707354
angularVelocity: 0.383038275160256 0.4961859989553118 0.518342709060402
acceleration: 0.9949176967106851 0.5167370184249467 0.4514834718412771
accel: 1.0
brake: 0.0
steer: 0.5576048098797531
linkid: A219BS010391
trafficlightid: C119BS010007
turn_signal_lamp: 0.0