position: 0.8165523220759245 0.796335352993526 0.7625614167228649
orientation: 0.6676958854113175 0.5356588678780545 0.993964642438905
enu_velocity: 0.3984740608585769 0.3906124236312058 0.48014458062337423
velocity: 0.2707311423007162 0.5157425764964007 0.19699799180152755
angularVelocity: 0.40126195536967985 0.48897895171955896 0.5164100145874023
acceleration: 0.991062158909332 0.510335516798855 0.4698465988145521
accel: 1.0
brake: 0.0
steer: 0.5574423139421515
linkid: A219BS010391
trafficlightid: C119BS010007
turn_signal_lamp: 0.0