position: 0.8160895276612791 0.7965121240567123 0.7593106730075876
orientation: 0.6660527154368573 0.537748480728623 0.9939224448059072
enu_velocity: 0.39285120456902145 0.3945347947863554 0.4802943102214149
velocity: 0.2802405105621624 0.5144171906819763 0.20380950803061393
angularVelocity: 0.4038171542270898 0.4865230059056791 0.515232093990825
acceleration: 0.9894799625766111 0.502162227724018 0.4729925015350456
accel: 1.0
brake: 0.0
steer: 0.558011049723757
linkid: A219BS010391
trafficlightid: C119BS010007
turn_signal_lamp: 0.0