position: 0.8151164286000958 0.7968961439526012 0.7526274533845982
orientation: 0.6644756770008458 0.5411354288925119 0.9938364054762884
enu_velocity: 0.381594053753574 0.4021387042637792 0.48532371664768714
velocity: 0.299130368185242 0.5137263172846522 0.22158259642709838
angularVelocity: 0.4145093101275966 0.4823236102760895 0.5155393595603808
acceleration: 0.9850275993687658 0.5073023634331615 0.48095555929808226
accel: 1.0
brake: 0.0
steer: 0.5591485212869679
linkid: A219BS010391
trafficlightid: C119BS010007
turn_signal_lamp: 0.0