position: 0.8140807571864025 0.7973045460641011 0.7461500509434016
orientation: 0.6645750549957823 0.5435677455201556 0.9937695468889413
enu_velocity: 0.3703598646435592 0.40973928303088925 0.49467209487326935
velocity: 0.3179865727106915 0.512898551825619 0.2432506481083433
angularVelocity: 0.4204776854136553 0.47804813954797337 0.5173824393298024
acceleration: 0.9858637639433716 0.510128904353654 0.48409506738694935
accel: 1.0
brake: 0.0
steer: 0.5576860578485539
linkid: A219BS010391
trafficlightid: C119BS010007
turn_signal_lamp: 0.0