position: 0.23721186582845422 0.3016141026735095 0.8895674043971893
orientation: 0.8452623185168091 0.53956152874464 0.5001617484594714
enu_velocity: 0.8897050588540729 0.9989642103938188 0.5452551157163834
velocity: 0.9997679182674547 0.5162043930894816 0.6932879257829837
angularVelocity: 0.3847659989190682 0.46579518088270777 0.521841612203957
acceleration: 0.5711128966814528 0.5230037293623844 0.4761718468589891
accel: 0.02441511
brake: 0.0
steer: 0.5659733506662334
linkid: A219BS010380
trafficlightid: null
turn_signal_lamp: 0.0