position: 0.8124098085596724 0.7979567703317203 0.7372094109541449
orientation: 0.6650824248317494 0.5453235633951741 0.9936780273472449
enu_velocity: 0.3535495779358978 0.4213150134730298 0.5113869090012084
velocity: 0.3463204866575944 0.51017659667802 0.2777091713543524
angularVelocity: 0.42050812745203414 0.4707096953446844 0.5171198621202413
acceleration: 0.987944431291617 0.5103848288936746 0.48580479245913744
accel: 1.0
brake: 0.0
steer: 0.5589860253493664
linkid: A219BS010391
trafficlightid: C119BS010007
turn_signal_lamp: 0.0