position: 0.8118211808859211 0.7981884013800338 0.7344221208219843
orientation: 0.6655785920573781 0.5453278039847002 0.99364733815961
enu_velocity: 0.34791245368238766 0.42508975038267416 0.5170330792897215
velocity: 0.35575930805511985 0.5100993463419512 0.28887834746978325
angularVelocity: 0.42315239646712016 0.4684128784171504 0.5174153514685421
acceleration: 0.9864701811867538 0.513891821179636 0.4855581196634207
accel: 1.0
brake: 0.0
steer: 0.5593922651933703
linkid: A219BS010391
trafficlightid: C119BS010007
turn_signal_lamp: 0.0