position: 0.8112168886067271 0.7984261279822498 0.7316735126424301
orientation: 0.6666262168112731 0.5449992830196532 0.9936232252264685
enu_velocity: 0.34224345237679227 0.4287908234231079 0.5212276893473495
velocity: 0.36519563663059856 0.510692159548462 0.2983715542130748
angularVelocity: 0.42992578825593986 0.46475988124827694 0.5187117948335547
acceleration: 0.9881355067725219 0.5201555205180908 0.4788188045108155
accel: 1.0
brake: 0.0
steer: 0.5597985050373742
linkid: A219BS010391
trafficlightid: C119BS010007
turn_signal_lamp: 0.0