position: 0.8086392863880544 0.7994440854840477 0.7015818729071608
orientation: 0.6676297538728688 0.5209769847883282 0.993499372433514
enu_velocity: 0.3193366368414513 0.4442381265796609 0.4478799168623714
velocity: 0.40366312147943495 0.5093290336782562 0.23379641942485124
angularVelocity: 0.3990043302296387 0.38499312922119105 0.5161684126564035
acceleration: 1.0 0.5118498794317057 0.4200685200443315
accel: 1.0
brake: 0.0
steer: 0.5597985050373742
linkid: A219BS010391
trafficlightid: C119BS010007
turn_signal_lamp: 0.0