position: 0.807954261142348 0.7997122898557789 0.6891627765759609
orientation: 0.6643325726881371 0.5102252016738853 0.9934577228217241
enu_velocity: 0.3135201828617718 0.44809788855443294 0.4272473936906389
velocity: 0.4133946001852399 0.5095626379454513 0.21158542168243955
angularVelocity: 0.38374092290768363 0.3712280535709228 0.5159958547225215
acceleration: 0.9989120877698752 0.5160395561589256 0.4200308297261155
accel: 1.0
brake: 0.0
steer: 0.5602047448813781
linkid: A219BS010391
trafficlightid: C119BS010007
turn_signal_lamp: 0.0