position: 0.23813926211221936 0.30280273568459215 0.8883485579660009
orientation: 0.8421523293370852 0.5397072767375939 0.5001609812297805
enu_velocity: 0.8895057846621603 0.9986362478138382 0.5497354687335335
velocity: 0.9992750873488273 0.5166609855769103 0.6975334823277662
angularVelocity: 0.39005830376325684 0.4719580794658539 0.522106284799522
acceleration: 0.5653144866426059 0.5209481258672847 0.4672417907067762
accel: 0.03836851
brake: 0.0
steer: 0.5659733506662334
linkid: A219BS010380
trafficlightid: null
turn_signal_lamp: 0.0