position: 0.8058012385865814 0.800559571848293 0.6441326046529281
orientation: 0.6480436520191692 0.4728035314204164 0.993332773986354
enu_velocity: 0.29609860680235844 0.4595605178825428 0.37893661824033253
velocity: 0.44247636074614505 0.5111442045729386 0.15196412797709102
angularVelocity: 0.3666264026581896 0.3593634213574565 0.5163010686752216
acceleration: 0.9949720504530621 0.5175060707624495 0.4433308890287301
accel: 1.0
brake: 0.0
steer: 0.5607734806629835
linkid: A219BS010391
trafficlightid: C119BS010007
turn_signal_lamp: 0.0