position: 0.8004028024185704 0.8026808246065311 0.5943898031453538
orientation: 0.6057502203842553 0.4945427889024555 0.9930752040187054
enu_velocity: 0.28411436940798523 0.4670783601707531 0.3956979849879022
velocity: 0.4622421960364257 0.517159701280798 0.1942427312894413
angularVelocity: 0.3565983695754034 0.652169341305086 0.5163802160672835
acceleration: 0.6223983398509612 0.522684031590182 0.4671995091670965
accel: 0.1223562
brake: 0.0
steer: 0.5611797205069874
linkid: A219BS010653
trafficlightid: C119BS010007
turn_signal_lamp: 0.0