position: 0.23906657232672385 0.3039852731417705 0.8873931867214344
orientation: 0.8396270441421152 0.5399939619706782 0.5001617484594714
enu_velocity: 0.8895069779207946 0.9986957101881524 0.5537156907821684
velocity: 0.9993369093355849 0.516894169371618 0.7018930082778236
angularVelocity: 0.39575875407500966 0.4714094091488731 0.522266601809528
acceleration: 0.5926816621587571 0.5189012773058495 0.4669288783695264
accel: 0.03599793
brake: 0.0
steer: 0.5660545986350342
linkid: A219BS010380
trafficlightid: null
turn_signal_lamp: 0.0