position: 0.7988547606960832 0.8032842844429275 0.5994498404551916
orientation: 0.5901341790846397 0.533206203547727 0.9930105375161894
enu_velocity: 0.28274791780629976 0.4679362734991319 0.4024712744484287
velocity: 0.46448997367591144 0.5183099461706882 0.23249479638541715
angularVelocity: 0.34035796208017793 0.6262403521395136 0.5162072793428558
acceleration: 0.6394396159611211 0.5167634486275959 0.46857379676839717
accel: 0.1481456
brake: 0.0
steer: 0.5613422164445889
linkid: A219BS010653
trafficlightid: C119BS010007
turn_signal_lamp: 0.0