position: 0.7957295858410007 0.8045155863313305 0.5951510347787248
orientation: 0.5540386458255713 0.579252270746603 0.992876820341495
enu_velocity: 0.2788981245213116 0.47050662147253774 0.42802270216682425
velocity: 0.47091223111475694 0.5197621168069037 0.29789126080507566
angularVelocity: 0.33781647185541985 0.5243274685240176 0.5164891282651224
acceleration: 0.6625174080420702 0.516590486827093 0.4886023364498615
accel: 0.2037932
brake: 0.0
steer: 0.5615859603509913
linkid: A219BS010653
trafficlightid: C119BS010007
turn_signal_lamp: 0.0