position: 0.7949411053439638 0.8048203640264786 0.5916966634261409
orientation: 0.5471569907071094 0.5841877467916198 0.9928417469841984
enu_velocity: 0.2778180549918356 0.47133147290344557 0.44576799344924034
velocity: 0.47277062995055225 0.5193719059717516 0.32035535433846735
angularVelocity: 0.35932846824772385 0.5084030718278709 0.516486904110165
acceleration: 0.6660178727894052 0.5035685115753541 0.5052001506976606
accel: 0.2149601
brake: 0.0
steer: 0.5616672083197921
linkid: A219BS010653
trafficlightid: C119BS010007
turn_signal_lamp: 0.0