position: 0.239993968610489 0.3051678105989488 0.8868618572592157
orientation: 0.8370573098803191 0.5405392162592326 0.500162789699766
enu_velocity: 0.8895559015247971 0.9988230127970796 0.5608089150510741
velocity: 0.9995036791305074 0.5169854878691037 0.7098005840605023
angularVelocity: 0.3934254101593055 0.4749794988006162 0.5222863423499035
acceleration: 0.5925538478871696 0.5179698438105105 0.4749447486970203
accel: 0.03037179
brake: 0.0
steer: 0.5660545986350342
linkid: A219BS010380
trafficlightid: null
turn_signal_lamp: 0.0