position: 0.7901411948146817 0.8067099857364033 0.5716696298502058
orientation: 0.5397239503352869 0.5757090622039605 0.9926395271585338
enu_velocity: 0.27045616061533967 0.47711217607565093 0.5825803077571601
velocity: 0.4855361223693637 0.5152105003640267 0.455022632562463
angularVelocity: 0.4331991794710166 0.4211862696277877 0.5173670358420142
acceleration: 0.6839612307087987 0.5139735906643501 0.5109105519691443
accel: 0.2525627
brake: 0.0
steer: 0.5623171920701984
linkid: A219BS010653
trafficlightid: C119BS010007
turn_signal_lamp: 0.0