position: 0.7885119897793786 0.80735611445012 0.5670402029561772
orientation: 0.5434735724278752 0.5626779800368724 0.9925792448256798
enu_velocity: 0.26767637939419625 0.47907619173530214 0.6168102353286089
velocity: 0.49024132398246045 0.5150987960176662 0.48047094564958637
angularVelocity: 0.43577548059582066 0.4074339926628041 0.5176560490619033
acceleration: 0.6872965255474008 0.5118085980629288 0.49782724062182987
accel: 0.2583051
brake: 0.0
steer: 0.5624796880077999
linkid: A219BS010653
trafficlightid: C119BS010007
turn_signal_lamp: 0.0