position: 0.7860380149505577 0.8083314030745976 0.5610729643804904
orientation: 0.5453152815674923 0.5382223933345629 0.9924888213263988
enu_velocity: 0.26327342549949384 0.48193909050357275 0.6355086165433971
velocity: 0.4975677279776345 0.5166648616972355 0.4824125239034913
angularVelocity: 0.4047403067077059 0.3888787670528141 0.517493137396156
acceleration: 0.690476447853522 0.5246292701398765 0.4633368383738966
accel: 0.2615234
brake: 0.0
steer: 0.5629671758206045
linkid: A219BS010653
trafficlightid: C119BS010007
turn_signal_lamp: 0.0