position: 0.24092153703277552 0.30635644361003056 0.8868801034632756
orientation: 0.8344106028442633 0.5415237457333967 0.5001643789612686
enu_velocity: 0.8895760164560593 0.9989051566956166 0.5674298896543132
velocity: 0.9996018963191463 0.5171384727202574 0.7179514457197818
angularVelocity: 0.3930038850050738 0.4788289848276426 0.5223600941582068
acceleration: 0.5903402787875005 0.5186053495007571 0.47277561522288103
accel: 0.02956989
brake: 0.0
steer: 0.5660545986350342
linkid: A219BS010380
trafficlightid: null
turn_signal_lamp: 0.0