position: 0.7818313798351033 0.8099893937362088 0.5467606419160558
orientation: 0.5180313240885538 0.4909317309273962 0.9923463358123805
enu_velocity: 0.2558905638641397 0.4865470771382292 0.6163795921789444
velocity: 0.509763610558781 0.5204832324228809 0.4296378005212771
angularVelocity: 0.3528935580518901 0.3896393387847845 0.518719586812893
acceleration: 0.6871141283951107 0.5158971718771769 0.4482954036736451
accel: 0.2679215
brake: 0.0
steer: 0.5634546636334092
linkid: A219BS010653
trafficlightid: C119BS010007
turn_signal_lamp: 0.0