position: 0.7809779170462572 0.8103246492008731 0.5442017942587225
orientation: 0.512285613658396 0.48300949008300714 0.9923255110064855
enu_velocity: 0.25447365446877923 0.4875572631859859 0.6164905698180677
velocity: 0.5121764130177565 0.5202112980250689 0.42405922921104744
angularVelocity: 0.36852855193770223 0.4028229525957491 0.5191181101643881
acceleration: 0.6890488627963859 0.5093645891318531 0.46041932784963063
accel: 0.2705996
brake: 0.0
steer: 0.5635359116022101
linkid: A219BS010653
trafficlightid: C119BS010007
turn_signal_lamp: 0.0