position: 0.780120581140681 0.810666000219439 0.5424209647424947
orientation: 0.5082161751093754 0.4765380297494103 0.9923052342217982
enu_velocity: 0.2530569155389379 0.4886096859099307 0.6160139665040167
velocity: 0.5146136451327895 0.5196254756153341 0.4191460752930548
angularVelocity: 0.3840412314666669 0.41536871148070753 0.519088929410002
acceleration: 0.6901448443496088 0.5066695501995561 0.4588716202558903
accel: 0.2717045
brake: 0.0
steer: 0.5636171595710108
linkid: A219BS010653
trafficlightid: C119BS010007
turn_signal_lamp: 0.0