position: 0.7792592860491137 0.8110073512380058 0.5413327611323737
orientation: 0.5056906730896893 0.471413259489584 0.9922844094159032
enu_velocity: 0.25164358591948 0.48969799039652007 0.6149417033016453
velocity: 0.5170678284377398 0.5187586221151922 0.4148103547352239
angularVelocity: 0.39776983802470234 0.4269899177191524 0.5190116977858303
acceleration: 0.6904498038621607 0.5025635169977053 0.45756754796808635
accel: 0.2723386
brake: 0.0
steer: 0.5636984075398116
linkid: A219BS010653
trafficlightid: C119BS010007
turn_signal_lamp: 0.0