position: 0.7783940317715553 0.8113487022565735 0.5408678478529323
orientation: 0.5045327206926884 0.4675470890740462 0.9922630365888004
enu_velocity: 0.2502461095933052 0.4907828211361564 0.6134032586115614
velocity: 0.5194993270620654 0.5178520056979322 0.4110861624399742
angularVelocity: 0.41004014670990907 0.43782160998856723 0.518862404730955
acceleration: 0.689344763351875 0.5025807568215142 0.4561299331577315
accel: 0.2731713
brake: 0.0
steer: 0.5636984075398116
linkid: A219BS010653
trafficlightid: C119BS010007
turn_signal_lamp: 0.0