position: 0.7775247322387453 0.8116900532751403 0.5408598195231464
orientation: 0.5048415152260459 0.4647608435794053 0.9922411157404899
enu_velocity: 0.24884317837051678 0.49186663018551247 0.6094840684296579
velocity: 0.5219370577415077 0.51699694486104 0.40598038540319614
angularVelocity: 0.42503783070068174 0.4463145773440326 0.5186181929132652
acceleration: 0.6906053286460209 0.5031229121493194 0.44662094051815765
accel: 0.2745466
brake: 0.0
steer: 0.5638609034774131
linkid: A219BS010653
trafficlightid: C119BS010007
turn_signal_lamp: 0.0