position: 0.24184919152432266 0.3075389810672089 0.8872026963510511
orientation: 0.832028421962002 0.5426505665855228 0.5001660778270127
enu_velocity: 0.8895978360425134 0.9989834181710886 0.5714175945922122
velocity: 0.9996978699679433 0.5172466401509885 0.72379213794222
angularVelocity: 0.3980529419437112 0.4781956399145464 0.5223685867017348
acceleration: 0.5905137334550329 0.5178683277002665 0.46244190482733466
accel: 0.02817573
brake: 0.0
steer: 0.5660545986350342
linkid: A219BS010380
trafficlightid: null
turn_signal_lamp: 0.0