position: 0.7748932506628905 0.812732392992551 0.5403408974796884
orientation: 0.5139508636164585 0.45963087057948826 0.9921704210046886
enu_velocity: 0.24460728068460325 0.4951145835866274 0.5816346297989547
velocity: 0.5292886392393531 0.5146536587554827 0.3778279367177683
angularVelocity: 0.4539238627744452 0.45756913172213304 0.5185848295973049
acceleration: 0.6899713539030021 0.5060895504205007 0.43415460059633404
accel: 0.2759701
brake: 0.0
steer: 0.5641858953526163
linkid: A219BS010653
trafficlightid: C119BS010007
turn_signal_lamp: 0.0