position: 0.7740080283168557 0.8130859351189237 0.5395256570823008
orientation: 0.5181526375172818 0.4584919337572877 0.9921495961987934
enu_velocity: 0.24313445859895422 0.49615568598226634 0.5699016353739587
velocity: 0.5317929282674415 0.5144609109872111 0.3665509823430261
angularVelocity: 0.45748625598653003 0.4599470270661721 0.519062103701547
acceleration: 0.6932464333211279 0.5124249493821834 0.4287903141289235
accel: 0.2755242
brake: 0.0
steer: 0.564267143321417
linkid: A219BS010653
trafficlightid: C119BS010007
turn_signal_lamp: 0.0