position: 0.7731186746463086 0.8134333816913939 0.5383425732110694
orientation: 0.5225529144458094 0.45778621413565945 0.9921315114989373
enu_velocity: 0.24164680601313715 0.4971845280945415 0.5563116411530903
velocity: 0.534309182841354 0.5144026154802069 0.3538540755616285
angularVelocity: 0.45853540242907487 0.4638994224100319 0.5193699900116304
acceleration: 0.6934987899821637 0.5133309730097639 0.426596769414927
accel: 0.2746844
brake: 0.0
steer: 0.5644296392590186
linkid: A219BS010653
trafficlightid: C119BS010007
turn_signal_lamp: 0.0