position: 0.7722252757205098 0.81379301937167 0.5368339770594126
orientation: 0.5268760017753608 0.457589222716332 0.9921145228414967
enu_velocity: 0.24017807509994826 0.49819354941537863 0.5432551394145931
velocity: 0.536789042213385 0.5143872841346367 0.3421163604084063
angularVelocity: 0.45699168952395014 0.4688831062731842 0.5195488436030358
acceleration: 0.6906401180861698 0.5140915920108853 0.42960587218338425
accel: 0.2741879
brake: 0.0
steer: 0.5645108872278194
linkid: A219BS010653
trafficlightid: C119BS010007
turn_signal_lamp: 0.0