position: 0.7704261699646358 0.8145061991783189 0.5347181472366489
orientation: 0.534430391713364 0.46065352972418055 0.9920854777174852
enu_velocity: 0.23727197892909818 0.5001353739621415 0.5318044965916768
velocity: 0.5416575236705388 0.5147589606132115 0.3360110184958306
angularVelocity: 0.44812263259296264 0.489772929095642 0.5199778893413992
acceleration: 0.6893881549949491 0.5183527575432668 0.44984877276666185
accel: 0.2760431
brake: 0.0
steer: 0.5647546311342218
linkid: A219BS010653
trafficlightid: C119BS010007
turn_signal_lamp: 0.0