position: 0.7686108831877548 0.8152254745388703 0.5340226019378926
orientation: 0.538654209460337 0.4675475523317255 0.9920613647843436
enu_velocity: 0.2343455973614666 0.5020165101062538 0.5262983701556236
velocity: 0.5465122946064359 0.515647214042933 0.339259626141983
angularVelocity: 0.43017380205331146 0.5046135675385188 0.5202720906035253
acceleration: 0.6895621021956932 0.5205296213191994 0.45547321466767243
accel: 0.2769533
brake: 0.0
steer: 0.5649171270718233
linkid: A219BS010653
trafficlightid: C119BS010007
turn_signal_lamp: 0.0