position: 0.7676970858471762 0.8155851122191464 0.5340882882725078
orientation: 0.5391284051147216 0.47199920918350613 0.9920504043601884
enu_velocity: 0.23286953643095326 0.5029464525993947 0.5245153222391002
velocity: 0.5489492774392641 0.5162306761533269 0.34280340321189673
angularVelocity: 0.4188904495123376 0.5091154244234048 0.5202714292074679
acceleration: 0.6899384676050935 0.5217658375921447 0.45509208603506923
accel: 0.2772153
brake: 0.0
steer: 0.5649983750406241
linkid: A219BS010653
trafficlightid: C119BS010007
turn_signal_lamp: 0.0