position: 0.24277684601586985 0.308721518524389 0.887361803250452
orientation: 0.8305948492132262 0.5433385398745127 0.5001681603076021
enu_velocity: 0.8896274970428494 0.9990383851081694 0.5729077936769227
velocity: 0.9997763938624135 0.5171661037694298 0.7264709857612361
angularVelocity: 0.40625959728596617 0.4743446374046417 0.5224686508680599
acceleration: 0.5896980976951425 0.5155581207303205 0.46060177284442794
accel: 0.02700679
brake: 0.0
steer: 0.566135846603835
linkid: A219BS010380
trafficlightid: null
turn_signal_lamp: 0.0