position: 0.764000325031956 0.8170541407097653 0.5344459138720778
orientation: 0.5310777756761841 0.49090215370633217 0.9920136869392682
enu_velocity: 0.22694960988113622 0.5066380239202215 0.5220757172164442
velocity: 0.5586979566171911 0.5187623286331694 0.3629325627245925
angularVelocity: 0.38805741331412696 0.5086888374312429 0.5208211018858314
acceleration: 0.6897867491057135 0.5220930858425389 0.46232701933036235
accel: 0.2772619
brake: 0.0
steer: 0.5652421189470264
linkid: A219BS010653
trafficlightid: C119BS010007
turn_signal_lamp: 0.0