position: 0.7630659571380762 0.8174259694978483 0.5359223967045894
orientation: 0.5336583873112442 0.5037024266435027 0.9920065626635673
enu_velocity: 0.22557855571043306 0.5076785133016923 0.43075329248025285
velocity: 0.5611010370701847 0.5177542847118147 0.2877410077964839
angularVelocity: 0.3785135542957859 0.6071789510742471 0.5204591724775152
acceleration: 0.6871329314404426 0.48272302986374466 0.2187232778426889
accel: 0.2768293
brake: 0.0
steer: 0.5653233669158272
linkid: A219BS010653
trafficlightid: C119BS010007
turn_signal_lamp: 0.0