position: 0.757376176522683 0.8196752288880482 0.5365325497683462
orientation: 0.49749668637627426 0.5716544884537655 0.991981901709218
enu_velocity: 0.21704556321722307 0.5129048677616054 0.4884989535983667
velocity: 0.5750546084764409 0.5219475336903581 0.4176785993011852
angularVelocity: 0.35427486343960457 0.5205270118583225 0.5214052780198655
acceleration: 0.6856751244845339 0.520900722489163 0.5211409129676482
accel: 0.2872167
brake: 0.0
steer: 0.5654858628534287
linkid: A219BS010653
trafficlightid: C119BS010007
turn_signal_lamp: 0.0