position: 0.24370467264593842 0.30991015153546986 0.8875289384796388
orientation: 0.829657443690079 0.5438661903712532 0.5001705167987955
enu_velocity: 0.889655794319032 0.9990706705210273 0.5760325929378257
velocity: 0.9998287431253935 0.5170063807583309 0.7304600021451012
angularVelocity: 0.40803875901684933 0.4749757524067444 0.5225166527528899
acceleration: 0.5886508670335417 0.5155455718386343 0.4704634096188555
accel: 0.02635163
brake: 0.0
steer: 0.566135846603835
linkid: A219BS010380
trafficlightid: null
turn_signal_lamp: 0.0