position: 0.7564140943268661 0.8200592487839371 0.5357596405643772
orientation: 0.49068119893371387 0.5759392656353742 0.9919780655607636
enu_velocity: 0.2156559283049302 0.513791286248805 0.5156409530917276
velocity: 0.5773400277288313 0.5223679032856745 0.44972745877873976
angularVelocity: 0.3557813212995202 0.5019123996315986 0.5215176031006881
acceleration: 0.6838108824718316 0.520653522196043 0.5315611409320514
accel: 0.288322
brake: 0.0
steer: 0.5654858628534287
linkid: A219BS010653
trafficlightid: C119BS010007
turn_signal_lamp: 0.0