position: 0.7554482250835796 0.8204432686798242 0.535129781600236
orientation: 0.4844502347886439 0.578005751237183 0.9919747774335171
enu_velocity: 0.21427430527203833 0.5146977298654987 0.5461949921014944
velocity: 0.5796259455456312 0.5225955262434017 0.48294095129137715
angularVelocity: 0.3617836292763456 0.48247676429159636 0.5215693931884535
acceleration: 0.6835704775440634 0.5185640067584528 0.5372677095593621
accel: 0.2896819
brake: 0.0
steer: 0.5655671108222295
linkid: A219BS010653
trafficlightid: C119BS010007
turn_signal_lamp: 0.0