position: 0.7544784827235627 0.8208272885757122 0.5346291057608372
orientation: 0.4788368235728362 0.5777602246671456 0.9919714893062704
enu_velocity: 0.2128976257392025 0.5156297157392001 0.5768125651139732
velocity: 0.581921585368413 0.5225978850410552 0.5139526630211572
angularVelocity: 0.3666684771445653 0.46171598104073747 0.5216630675945778
acceleration: 0.6838079135699371 0.516161335813233 0.5353535820989754
accel: 0.2910062
brake: 0.0
steer: 0.5655671108222295
linkid: A219BS010653
trafficlightid: C119BS010007
turn_signal_lamp: 0.0