position: 0.753504953316076 0.8212113084716002 0.534229148967849
orientation: 0.4736645783796414 0.5751709705918322 0.9919682011790238
enu_velocity: 0.21152486691330757 0.516566401388191 0.6074731137526636
velocity: 0.5842164773445808 0.5225402632440441 0.5426689419854743
angularVelocity: 0.3710418905061217 0.44151457203813504 0.5216942830094888
acceleration: 0.6838749041767882 0.5152445217989563 0.536599557226228
accel: 0.2925818
brake: 0.0
steer: 0.5655671108222295
linkid: A219BS010653
trafficlightid: C119BS010007
turn_signal_lamp: 0.0