position: 0.7525275507918593 0.8215953283674882 0.5340226019378926
orientation: 0.4690216745936578 0.5704090380005284 0.9919643650305696
enu_velocity: 0.2101517671563744 0.5175112605594245 0.6379410313137731
velocity: 0.586518598504684 0.5224241772210266 0.5690092160875619
angularVelocity: 0.37596533215320777 0.4228424983750689 0.5216806916675698
acceleration: 0.6841211707826558 0.5146205336182702 0.5356139474533352
accel: 0.2939418
brake: 0.0
steer: 0.5655671108222295
linkid: A219BS010653
trafficlightid: C119BS010007
turn_signal_lamp: 0.0