position: 0.7505611263932344 0.8223755592670701 0.5337591267512707
orientation: 0.4612357158587259 0.5544156011502474 0.9919566927336609
enu_velocity: 0.2073603942799273 0.5194402118086554 0.6875536463735186
velocity: 0.5912145766762079 0.5221030452631565 0.6041049913716352
angularVelocity: 0.38341401179845097 0.3840109645655671 0.5216831222732906
acceleration: 0.6872920341317142 0.5147455223408846 0.5094857625220517
accel: 0.2944556
brake: 0.0
steer: 0.5655671108222295
linkid: A219BS010653
trafficlightid: C119BS010007
turn_signal_lamp: 0.0