position: 0.7485788652506455 0.8231618857205554 0.5326358904293551
orientation: 0.45642737481426254 0.5313280856453692 0.9919512125215832
enu_velocity: 0.20445821881601817 0.5214470158572462 0.7117400931160112
velocity: 0.5961164619487872 0.5216767787355403 0.6071450184382791
angularVelocity: 0.41046852618046664 0.36113756292238797 0.5222054535724261
acceleration: 0.691662486097546 0.5125479281217798 0.48264564405676963
accel: 0.2908951
brake: 0.0
steer: 0.5656483587910303
linkid: A219BS010653
trafficlightid: C119BS010007
turn_signal_lamp: 0.0