position: 0.2446324992760069 0.3110926889926491 0.888182152584976
orientation: 0.8284002217104998 0.5448629070859039 0.5001732021027137
enu_velocity: 0.8896769320434094 0.9991060210047262 0.5810191118880453
velocity: 0.9998783502841223 0.5169308988800768 0.7370471198527379
angularVelocity: 0.4051010954283776 0.47903995161595053 0.5224839766145426
acceleration: 0.5886058592420774 0.5159239997802828 0.46955067097513126
accel: 0.0256108
brake: 0.0
steer: 0.566135846603835
linkid: A219BS010380
trafficlightid: null
turn_signal_lamp: 0.0