position: 0.7455748759145925 0.8243505187316371 0.5313382203966288
orientation: 0.4640699762743168 0.4933239579481761 0.9919572407548686
enu_velocity: 0.20008560778372847 0.5246434760682335 0.7222371433172574
velocity: 0.6036196070270704 0.519572572049639 0.582595642305234
angularVelocity: 0.4628901117689606 0.3584175375688019 0.5229384693431027
acceleration: 0.6919672172330291 0.5066973432013783 0.45674530473258407
accel: 0.2834445
brake: 0.0
steer: 0.5656483587910303
linkid: A219BS010653
trafficlightid: C119BS010007
turn_signal_lamp: 0.0