position: 0.742534565350535 0.8255574384044282 0.5302762913203538
orientation: 0.4861154847467064 0.4580475627372057 0.9919687492002317
enu_velocity: 0.19577743271768583 0.5278270629816887 0.6997637898895179
velocity: 0.6110427325176555 0.5171538040658276 0.5278906765701749
angularVelocity: 0.4927117427214007 0.3747281534150083 0.5229378141941147
acceleration: 0.6908921702444473 0.5096264853160768 0.4309933688894572
accel: 0.2768028
brake: 0.0
steer: 0.5657296067598311
linkid: A219BS010653
trafficlightid: C119BS010007
turn_signal_lamp: 0.0