position: 0.7404876661931795 0.8263681470735236 0.5154085544043414
orientation: 0.5094733970889547 0.4238046954087885 0.991963268988154
enu_velocity: 0.19320834687823946 0.5297831911923759 0.5040097281151072
velocity: 0.615565210274731 0.5150773978547776 0.3039079210916647
angularVelocity: 0.42504145675641664 0.21436514398162437 0.5200176544158994
acceleration: 0.6535418466722036 0.47265148060565854 0.0
accel: 0.2713199
brake: 0.0
steer: 0.5657296067598311
linkid: A219BS010653
trafficlightid: C119BS010007
turn_signal_lamp: 0.0