position: 0.7373878817699961 0.8275994489619265 0.4722548221068088
orientation: 0.5069148293000443 0.3656637541775152 0.9919594328396997
enu_velocity: 0.1886712366199484 0.5323225002150658 0.49285743139054095
velocity: 0.6228821415461278 0.5187483452729263 0.23394029816907758
angularVelocity: 0.4031540297221822 0.3630795214223821 0.521810555940571
acceleration: 0.6845610250171854 0.5274943766505643 0.46696772643253825
accel: 0.2730198
brake: 0.0
steer: 0.5658108547286319
linkid: A219BS010653
trafficlightid: C119BS010007
turn_signal_lamp: 0.0