position: 0.24556041197533612 0.31228132200372993 0.8892236459127045
orientation: 0.8268231832744883 0.5461999756540271 0.5001758326045109
enu_velocity: 0.8896876713711173 0.9991489319964992 0.5853028676090535
velocity: 0.9999287052894652 0.5169773999571401 0.7435180881741263
angularVelocity: 0.40246911063333196 0.48147042195150197 0.5224823547563846
acceleration: 0.5888324937938532 0.5179189538023049 0.4674229014325025
accel: 0.02487681
brake: 0.0
steer: 0.566135846603835
linkid: A219BS010380
trafficlightid: null
turn_signal_lamp: 0.0