position: 0.7353007021986453 0.828428444292733 0.45999264313052324
orientation: 0.5015771468483696 0.3555627768320986 0.9919501164791678
enu_velocity: 0.18587474977792612 0.5339990939650594 0.5120358449785198
velocity: 0.627446747995792 0.5203738866091703 0.24300640304011428
angularVelocity: 0.378551383083991 0.46097576889804753 0.5211148202395919
acceleration: 0.6803089484986873 0.5268840015785272 0.4999619121045877
accel: 0.2724101
brake: 0.0
steer: 0.5658108547286319
linkid: A219BS010653
trafficlightid: C119BS010007
turn_signal_lamp: 0.0