position: 0.7342511736339834 0.8288429419581362 0.4586066614701476
orientation: 0.49662544852902857 0.35775035086423923 0.9919435402246745
enu_velocity: 0.1844733527448103 0.5348360626426918 0.5230524694521997
velocity: 0.6297306715549545 0.5212501751232577 0.25664549759809696
angularVelocity: 0.370839244479923 0.4973004310324739 0.5210475640941863
acceleration: 0.6816858338465474 0.5261934067033395 0.48644384214149716
accel: 0.2724018
brake: 0.0
steer: 0.5658921026974326
linkid: A219BS010653
trafficlightid: C119BS010007
turn_signal_lamp: 0.0