position: 0.7331976858833305 0.8292574396235386 0.4600422728055653
orientation: 0.49187225323739175 0.3639211569639602 0.9919375119913892
enu_velocity: 0.183094286694706 0.5356824308709032 0.5385695545149488
velocity: 0.6319901654580595 0.5219626973769407 0.2789737347172434
angularVelocity: 0.3747164848985106 0.5315517348313172 0.5210048133172442
acceleration: 0.6823399057716214 0.523065484939857 0.4982970814494138
accel: 0.2733139
brake: 0.0
steer: 0.5658921026974326
linkid: A219BS010653
trafficlightid: C119BS010007
turn_signal_lamp: 0.0