position: 0.7321404971544685 0.8296780328428444 0.4640834420807094
orientation: 0.4875271220616908 0.3734765236687613 0.9919320317793116
enu_velocity: 0.18173294905859572 0.5365557717225147 0.5557206760237492
velocity: 0.6342414330484106 0.5223754851112988 0.30661441106942017
angularVelocity: 0.3783130119939061 0.5597584597696452 0.5211121617645847
acceleration: 0.6819939906380628 0.5195588133305756 0.5019965213585627
accel: 0.2734585
brake: 0.0
steer: 0.5658921026974326
linkid: A219BS010653
trafficlightid: C119BS010007
turn_signal_lamp: 0.0