position: 0.7300146724850749 0.830519219281455 0.4786293159571082
orientation: 0.47879273588053706 0.399546991005959 0.9919238114611951
enu_velocity: 0.1790539129592832 0.5383143050329895 0.5963608346868542
velocity: 0.6386896247084952 0.5228713357721916 0.3758615938800086
angularVelocity: 0.37609342983945526 0.5950006614446597 0.5212888452431393
acceleration: 0.6809321133937822 0.5179689545081004 0.510784901672003
accel: 0.274368
brake: 0.0
steer: 0.5659733506662334
linkid: A219BS010653
trafficlightid: C119BS010007
turn_signal_lamp: 0.0