position: 0.7278736996258027 0.8313665012739708 0.4995365464168833
orientation: 0.46823868440591576 0.43068471338033565 0.9919123030158321
enu_velocity: 0.1763624328770711 0.5401337310841707 0.6328577024836981
velocity: 0.6431846814230573 0.5230052813464448 0.4470821826667096
angularVelocity: 0.362227323859944 0.6094285440796401 0.520742394763409
acceleration: 0.6826039096631666 0.5169575864430789 0.49337897201485925
accel: 0.2736744
brake: 0.0
steer: 0.5659733506662334
linkid: A219BS010653
trafficlightid: C119BS010007
turn_signal_lamp: 0.0