position: 0.24648823860540464 0.31346385946090827 0.8902731675702187
orientation: 0.825687021761468 0.5474352700735253 0.5001785179084289
enu_velocity: 0.8896297130945987 0.9990432892215149 0.5857695311398965
velocity: 0.9997739010403668 0.517004695334999 0.7459846058463601
angularVelocity: 0.4083055609848643 0.4802967789258354 0.5225291523450952
acceleration: 0.5713038351361165 0.5168788540273616 0.45758412105303253
accel: 0.02401455
brake: 0.0
steer: 0.566135846603835
linkid: A219BS010380
trafficlightid: null
turn_signal_lamp: 0.0