position: 0.7257173203688698 0.8322198788203874 0.5211349430864405
orientation: 0.4613018835346273 0.4598372340580203 0.9919046307189234
enu_velocity: 0.17359577750090394 0.5420199756796846 0.6422288274000137
velocity: 0.6478223275586891 0.5229223867855743 0.49030981017597675
angularVelocity: 0.40907276246925217 0.5875521134142769 0.5215926719498362
acceleration: 0.6853214445306357 0.5095657331957748 0.4654849893139202
accel: 0.270298
brake: 0.0
steer: 0.5659733506662334
linkid: A219BS010653
trafficlightid: C119BS010007
turn_signal_lamp: 0.0