position: 0.7202615620732499 0.8343777049020442 0.560899260517842
orientation: 0.48416348410143606 0.5061959289200222 0.9919172352067019
enu_velocity: 0.1669546113394687 0.5470434224499275 0.6349778215277051
velocity: 0.6592663750105588 0.5185734569852228 0.540848745072153
angularVelocity: 0.47660517034238303 0.5205531111381186 0.5225156657159552
acceleration: 0.6834431953910463 0.5092538666856515 0.4416881541238218
accel: 0.2628365
brake: 0.0
steer: 0.5659733506662334
linkid: A219BS010653
trafficlightid: C119BS010007
turn_signal_lamp: 0.0