position: 0.7191592730517945 0.8348165847830593 0.565758589583023
orientation: 0.48966660381159055 0.5108252629094234 0.9919194272915329
enu_velocity: 0.16560571768625798 0.5479893033114414 0.6266060429357702
velocity: 0.661552043545154 0.5182422165330842 0.5391862915820471
angularVelocity: 0.464898250504607 0.506100276444432 0.5223318990525179
acceleration: 0.6835371344920171 0.5135308988091695 0.4368697347857942
accel: 0.2615048
brake: 0.0
steer: 0.5660545986350342
linkid: A219BS010653
trafficlightid: C119BS010007
turn_signal_lamp: 0.0