position: 0.718053110913609 0.8352554646640735 0.569304921804068
orientation: 0.49376910812983543 0.5138626297014596 0.9919199753127407
enu_velocity: 0.16424915308468446 0.5488947252378547 0.6166521664741785
velocity: 0.6638247494051065 0.5182634450936249 0.5341936991573937
angularVelocity: 0.4526748357469426 0.49265716122292336 0.5221545742627293
acceleration: 0.6829580463712026 0.5174407911170412 0.4356797226247029
accel: 0.2598509
brake: 0.0
steer: 0.5660545986350342
linkid: A219BS010653
trafficlightid: C119BS010007
turn_signal_lamp: 0.0