position: 0.7158294254948289 0.8361393199800062 0.5726271906392593
orientation: 0.4995038327743712 0.5157980133800221 0.9919205233339484
enu_velocity: 0.1615278415366172 0.5506450850260869 0.5938185463984915
velocity: 0.66834872285541 0.5187933305290057 0.516673715271813
angularVelocity: 0.4396957020147177 0.4697091851898059 0.5221718291289731
acceleration: 0.6819602669575683 0.5200442763969075 0.4324275093522084
accel: 0.257015
brake: 0.0
steer: 0.566135846603835
linkid: A219BS010653
trafficlightid: C119BS010007
turn_signal_lamp: 0.0