position: 0.71359059188617 0.8370292708498415 0.571647004557172
orientation: 0.5013345199909136 0.5130842142593849 0.9919188792703253
enu_velocity: 0.15887846643764064 0.5522967495332408 0.5804762280923964
velocity: 0.6727206341608664 0.5197208380688016 0.5029551822071697
angularVelocity: 0.4081574434930086 0.4472035768919558 0.5219530940295966
acceleration: 0.6767822736764216 0.5241077731413488 0.46136964389964713
accel: 0.2566139
brake: 0.0
steer: 0.566135846603835
linkid: A219BS010653
trafficlightid: C119BS010007
turn_signal_lamp: 0.0