position: 0.712465752718418 0.83747424628476 0.5699486478832942
orientation: 0.49737537294754625 0.5094334230295228 0.9919166871854942
enu_velocity: 0.15758258756089244 0.5530268494075525 0.5857761998520298
velocity: 0.6748086219071603 0.5207929074064815 0.5049820413167434
angularVelocity: 0.37242480237422504 0.4344040813824301 0.5217503922019123
acceleration: 0.6751218201347882 0.530702228227281 0.4783320268946661
accel: 0.2576149
brake: 0.0
steer: 0.566135846603835
linkid: A219BS010653
trafficlightid: C119BS010007
turn_signal_lamp: 0.0