position: 0.7113372125724571 0.8379192217196767 0.5677620227887794
orientation: 0.4890049270525766 0.5043026660550715 0.9919117549946243
enu_velocity: 0.15627682168403234 0.5537056604297925 0.5929463894430939
velocity: 0.6768789106169227 0.5223205590552725 0.5070591271879379
angularVelocity: 0.329808205366333 0.4208654420798545 0.52141464069089
acceleration: 0.6737366370867612 0.535801940262691 0.4792932095246138
accel: 0.2585104
brake: 0.0
steer: 0.566135846603835
linkid: A219BS010653
trafficlightid: C119BS010007
turn_signal_lamp: 0.0