position: 0.7067858700680023 0.8397174101210574 0.5584513497811914
orientation: 0.4114871638683871 0.47280449357098114 0.9918629811071334
enu_velocity: 0.1510900673321755 0.5560866074590338 0.6486528824473644
velocity: 0.6849107832513056 0.5310642458993774 0.52834533340193
angularVelocity: 0.16989448101312302 0.3894879414515717 0.520035529958217
acceleration: 0.6732713568719041 0.5399394212599127 0.5012370853011417
accel: 0.266133
brake: 0.0
steer: 0.5662170945726358
linkid: A219BS010653
trafficlightid: C119BS010007
turn_signal_lamp: 0.0