position: 0.7010154425553572 0.8419849561729675 0.5509667568758996
orientation: 0.26588801899615794 0.41414206673362275 0.9918377721315763
enu_velocity: 0.14452458786125277 0.5595002790236157 0.7036836892223953
velocity: 0.6953355157682904 0.5383412731376911 0.5174599036099613
angularVelocity: 0.20052661957129161 0.3602758206305485 0.5239855101708731
acceleration: 0.6785945979688144 0.5179371286518016 0.4574758415397243
accel: 0.2652227
brake: 0.0
steer: 0.5660545986350342
linkid: A219BS010653
trafficlightid: C119BS010007
turn_signal_lamp: 0.0