position: 0.6939787640796724 0.844758433198824 0.5471394331123354
orientation: 0.1804959879838633 0.33384874907597906 0.9918898341463138
enu_velocity: 0.13787421656178217 0.565113036747543 0.7852393725647621
velocity: 0.7071878874714054 0.528498222443726 0.5042284654939532
angularVelocity: 0.31658392655171663 0.3018622624849024 0.5212146143937035
acceleration: 0.6627720256360873 0.4989154990864551 0.5364185323771762
accel: 0.2741885
brake: 0.0
steer: 0.5655671108222295
linkid: A219BS010653
trafficlightid: C119BS010007
turn_signal_lamp: 0.0