position: 0.24927051352596075 0.31701756738634845 0.8928488017352869
orientation: 0.8238342545613235 0.5502554046491684 0.5001875054562361
enu_velocity: 0.8895570947834313 0.9988520288010403 0.5843358585690841
velocity: 0.9995161432407408 0.5166687360508694 0.7492950377529105
angularVelocity: 0.4116284011962924 0.4722238583267996 0.5225171184074455
acceleration: 0.5930201154522209 0.5156280945299617 0.4561246894325731
accel: 0.03008885
brake: 0.0
steer: 0.566135846603835
linkid: A219BS010380
trafficlightid: null
turn_signal_lamp: 0.0