position: 0.6904253946527354 0.8461665061504133 0.5455928848562346
orientation: 0.21178448114676568 0.2515639935605757 0.9919884779637111
enu_velocity: 0.13539496605093965 0.5677469542901898 1.0
velocity: 0.7119404527033889 0.5195954860335117 0.6137169634783427
angularVelocity: 0.5886532760151331 0.18676741418875875 0.5254755274038597
acceleration: 0.6935453027785116 0.4558130703518606 0.5479240506691463
accel: 0.3093279
brake: 0.0
steer: 0.5652421189470264
linkid: A219BS010653
trafficlightid: C119BS010007
turn_signal_lamp: 0.0