position: 0.6880392104698022 0.8471174125592782 0.5592928647124253
orientation: 0.22898247557596052 0.21039875938168068 0.9920065626635673
enu_velocity: 0.13228141334325677 0.5702137233029776 0.9530609379715518
velocity: 0.717410452120405 0.5165629289194793 0.5181827853006499
angularVelocity: 0.43179858866872883 0.35388762754320097 0.5223868431169543
acceleration: 0.7016451522780232 0.5204569059640953 0.3583630442772182
accel: 0.2654445
brake: 0.0
steer: 0.5652421189470264
linkid: A219BS010653
trafficlightid: C119BS010007
turn_signal_lamp: 0.0