position: 0.6844256786296542 0.8485437721725768 0.6012270207306072
orientation: 0.19097230779771784 0.21349844858566713 0.99198628587888
enu_velocity: 0.12776288382655554 0.5723645856810925 0.8219566965485532
velocity: 0.724460402150603 0.5234748484134849 0.3949737486691216
angularVelocity: 0.2664933325326431 0.5435202264040822 0.5201584326162854
acceleration: 0.6809171166329303 0.5380589363844979 0.3502830988184483
accel: 0.2510314
brake: 0.0
steer: 0.5652421189470264
linkid: A219BS010653
trafficlightid: C119BS010007
turn_signal_lamp: 0.0