position: 0.6795512321206282 0.8504638716520176 0.6678825937052055
orientation: 0.12001479322763897 0.29753650969405887 0.9919320317793116
enu_velocity: 0.12210428091762965 0.5752702728383026 0.5657260242788159
velocity: 0.7334121261202083 0.5311023233931635 0.25195339375077935
angularVelocity: 0.2516192748577022 0.736960810569061 0.5204706849336258
acceleration: 0.6828887719936633 0.5441093688530577 0.23236780916040128
accel: 0.2308634
brake: 0.0
steer: 0.5653233669158272
linkid: A219BS010653
trafficlightid: C119BS010007
turn_signal_lamp: 0.0