position: 0.6758548155824506 0.8519207090348289 0.6990471102391855
orientation: 0.07018630519191837 0.39757515251155506 0.9918920262311448
enu_velocity: 0.11840841799645402 0.5775643761937175 0.31724928057082524
velocity: 0.7395382362999091 0.5333347478640262 0.13822065505812267
angularVelocity: 0.21554614022049326 0.757236509307369 0.5210476275564767
acceleration: 0.6525751417650655 0.513710052738272 0.37305174053730494
accel: 0.2229796
brake: 0.0
steer: 0.5653233669158272
linkid: A219BS010653
trafficlightid: C119BS010007
turn_signal_lamp: 0.0