position: 0.6721318897119856 0.8533836419715453 0.7308480543707687
orientation: 0.00518749519823597 0.5096329089132772 0.9918602410010946
enu_velocity: 0.11555908684348837 0.5794136356010839 0.42194357276723815
velocity: 0.7442187589747437 0.5336100513418107 0.38420202668471104
angularVelocity: 0.280086910589039 0.8058925218751759 0.5228859256406394
acceleration: 0.6505331538797077 0.5027407407293754 0.6126638355989669
accel: 0.2438633
brake: 0.0
steer: 0.5653233669158272
linkid: A219BS010653
trafficlightid: C119BS010007
turn_signal_lamp: 0.0