position: 0.6696394960613803 0.8543711217038288 0.7717122529828895
orientation: 0.032273744673429805 0.5924807719554919 0.9918805177857818
enu_velocity: 0.11448907477964354 0.5808260202445885 0.6179304784291534
velocity: 0.7462838127582082 0.5273205143403201 0.6809008378974868
angularVelocity: 0.8176269913185035 0.8693243477241464 0.5278611264616034
acceleration: 0.6090676125537352 0.44058958172099966 0.7891834193769902
accel: 0.2720618
brake: 0.0
steer: 0.5651608709782256
linkid: A219BS010653
trafficlightid: C119BS010007
turn_signal_lamp: 0.0