position: 0.6683941599286845 0.854864861569971 0.8114138034723255
orientation: 0.09108079965822641 0.649106539858548 0.9919287436520651
enu_velocity: 0.11497865175070654 0.5820334538178625 0.8272623127908754
velocity: 0.7462020481950774 0.5146876922932869 0.9557478686326024
angularVelocity: 1.0 1.0 0.5319792619117479
acceleration: 0.5801110148544059 0.3702276558933623 1.0
accel: 0.3059058
brake: 0.0
steer: 0.5650796230094248
linkid: A219BS010653
trafficlightid: C119BS010007
turn_signal_lamp: 0.0