position: 0.25112573643979447 0.3193887378546094 0.893303497140455
orientation: 0.823040314725412 0.5503152005250063 0.5001921636365021
enu_velocity: 0.8896303949566753 0.9989899569888827 0.5801807832294232
velocity: 0.9997170646977025 0.5164510549707709 0.7455071900132455
angularVelocity: 0.4156720481209726 0.46850218133335053 0.5224498098064905
acceleration: 0.5901184020913249 0.5134140942464159 0.45090647600772704
accel: 0.02781454
brake: 0.0
steer: 0.5659733506662334
linkid: A219BS010380
trafficlightid: null
turn_signal_lamp: 0.0