position: 0.6658966881916994 0.8558645324100604 0.8705731059710338
orientation: 0.20803254625720424 0.7227377844651596 0.9919939581757888
enu_velocity: 0.11260304427552076 0.5856236734628824 0.7287405065779587
velocity: 0.7513502242858678 0.49943695553892115 0.9584418891191917
angularVelocity: 0.8989611809313838 0.6524403005862658 0.5253458065159707
acceleration: 0.7138397264956224 0.4651969445803187 0.2545338510742616
accel: 0.2668177
brake: 0.0
steer: 0.5649983750406241
linkid: A219BS010653
trafficlightid: C119BS010007
turn_signal_lamp: 0.0