position: 0.6583113181792162 0.8588940226998414 0.818237153942494
orientation: 0.41149818579146186 0.6618261703243116 0.9920230032998002
enu_velocity: 0.1042718829570109 0.5910416970193821 0.3059332058776587
velocity: 0.7655413616331721 0.50124293787307 0.4818238418415084
angularVelocity: 0.5611472717946796 0.2873457570207242 0.5194930850397665
acceleration: 0.6860310120834308 0.5494839406959882 0.22573924311161728
accel: 0.2163071
brake: 0.0
steer: 0.565404614884628
linkid: A219BS010653
trafficlightid: C119BS010007
turn_signal_lamp: 0.0