position: 0.6531711758624886 0.860929937703439 0.6873126114843067
orientation: 0.3647934553049455 0.5783710120997203 0.991879969764574
enu_velocity: 0.0986857278937332 0.5922409570704135 0.0
velocity: 0.7735797156048763 0.5224828099204654 0.08013898686692264
angularVelocity: 0.0 0.3768704095471739 0.515027579818952
acceleration: 0.6370244827830334 0.6113035921311774 0.45169418934566274
accel: 0.1966001
brake: 0.0
steer: 0.5658921026974326
linkid: A219BS010653
trafficlightid: C119BS010007
turn_signal_lamp: 0.0