position: 0.651877468805294 0.8614419642312896 0.6580435106280489
orientation: 0.3261724236399362 0.5705312667574556 0.9918454444284849
enu_velocity: 0.09765424103722142 0.5920676783988724 0.031121763735670882
velocity: 0.7747762701872797 0.5296306096197392 0.10073856011384733
angularVelocity: 0.07970418576115235 0.4100044849174485 0.5168493174184452
acceleration: 0.639103193701056 0.5861402925185057 0.5277144384293666
accel: 0.2163273
brake: 0.0
steer: 0.5659733506662334
linkid: A219BS010653
trafficlightid: C119BS010007
turn_signal_lamp: 0.0