position: 0.6505810075317575 0.8619539907591403 0.6358802114808038
orientation: 0.3012485200809681 0.5712728353964216 0.991820235452928
enu_velocity: 0.09670304344023972 0.5923228966308947 0.09459077590272674
velocity: 0.7761091821356361 0.5329667761367376 0.1642835754129538
angularVelocity: 0.2223252579644134 0.4968321748192858 0.5186999720071803
acceleration: 0.6433180295322001 0.5366802107812421 0.625349649265349
accel: 0.220895
brake: 0.0
steer: 0.5660545986350342
linkid: A219BS010653
trafficlightid: C119BS010007
turn_signal_lamp: 0.0