position: 0.6453771739621311 0.8640142879783488 0.6153970228033763
orientation: 0.35018098720437846 0.635686677592896 0.9918838059130284
enu_velocity: 0.09405588439301243 0.5961775297204595 0.4170483664303368
velocity: 0.7815816743746989 0.5163787743368328 0.5672136965588565
angularVelocity: 0.7574728686499559 0.6663924808261713 0.529387243821822
acceleration: 0.6377401936789795 0.4470038364591894 0.6897259850253344
accel: 0.2416782
brake: 0.0
steer: 0.5658921026974326
linkid: A219BS010653
trafficlightid: C119BS010007
turn_signal_lamp: 0.0