position: 0.6427646276236245 0.8650566276957576 0.6264527627672338
orientation: 0.42378369103749974 0.6716732468262572 0.9919583367972842
enu_velocity: 0.09231730656297371 0.5984601901447347 0.5140503184806
velocity: 0.7850726223688608 0.5071178395346253 0.7127784380697925
angularVelocity: 0.7394058929525618 0.5964278044805437 0.5262121907291707
acceleration: 0.6682279538099766 0.48533057622991016 0.5574954354162085
accel: 0.2357573
brake: 0.0
steer: 0.5658108547286319
linkid: A219BS010653
trafficlightid: C119BS010007
turn_signal_lamp: 0.0