position: 0.2529813896999315 0.3217538127689661 0.8927721676782363
orientation: 0.8235364819510409 0.5494473050804115 0.5001943557213333
enu_velocity: 0.889704206526477 0.9990651533935135 0.5745573201346273
velocity: 0.999853172781451 0.5160146787298692 0.738696580656244
angularVelocity: 0.4225077273619182 0.46318945746839135 0.5222905686409619
acceleration: 0.5890626841765902 0.5125483147750016 0.4501989857964752
accel: 0.02585158
brake: 0.0
steer: 0.5658921026974326
linkid: A219BS010380
trafficlightid: null
turn_signal_lamp: 0.0