position: 0.6414538788528162 0.8655747497775117 0.6307377013286155
orientation: 0.4557436180716462 0.6825519625448325 0.9919780655607636
enu_velocity: 0.09126093174066269 0.59934579127971 0.549257940830238
velocity: 0.7869150671435574 0.5056820107913027 0.7633045546778467
angularVelocity: 0.7031098400366278 0.5543025989218273 0.5247790029856032
acceleration: 0.6643004011062585 0.5057021806627973 0.5447708977308998
accel: 0.2325555
brake: 0.0
steer: 0.5658108547286319
linkid: A219BS010653
trafficlightid: C119BS010007
turn_signal_lamp: 0.0