position: 0.6375028694415643 0.867153498238384 0.6297071557233234
orientation: 0.5285853755631751 0.6789257239719741 0.9920021784939053
enu_velocity: 0.08796344673779294 0.6014551730324442 0.5871621052699612
velocity: 0.7923563991070368 0.5065328598365564 0.8000415068377282
angularVelocity: 0.5745369033407525 0.3777708347001397 0.5230272084653935
acceleration: 0.6639907979266407 0.5316497480309839 0.4468192790589571
accel: 0.2253125
brake: 0.0
steer: 0.5658921026974326
linkid: A219BS010653
trafficlightid: C119BS010007
turn_signal_lamp: 0.0