position: 0.6348529690439252 0.8682080290636005 0.6089524635294872
orientation: 0.5496493908201185 0.6417179362255245 0.9919999864090742
enu_velocity: 0.0856019879006985 0.6025387777437441 0.5609943355892713
velocity: 0.7960642226192594 0.5102796248042727 0.7269273865777698
angularVelocity: 0.4830876247078214 0.2669096265831203 0.522205203015371
acceleration: 0.6641797418882368 0.538877536491165 0.4220710368670154
accel: 0.2175265
brake: 0.0
steer: 0.5659733506662334
linkid: A219BS010653
trafficlightid: C119BS010007
turn_signal_lamp: 0.0