position: 0.633522940758726 0.8687383422531596 0.5929374053022012
orientation: 0.5543143384522516 0.6149231120539077 0.9919961502606198
enu_velocity: 0.08437344290402343 0.6030220372463322 0.5408574191823723
velocity: 0.7979530338840239 0.512798977580513 0.6721262400821766
angularVelocity: 0.453047673070531 0.22448496046927074 0.5225866471969648
acceleration: 0.6667714409907911 0.5529208275360923 0.40311737099057315
accel: 0.214349
brake: 0.0
steer: 0.5660545986350342
linkid: A219BS010653
trafficlightid: C119BS010007
turn_signal_lamp: 0.0