position: 0.6321895557723602 0.8692625598888162 0.5748320619378346
orientation: 0.5527152561700905 0.5857254059348866 0.9919972463030353
enu_velocity: 0.08316296725238059 0.6034801631680246 0.527656564826004
velocity: 0.7997987193273812 0.5153023241351737 0.6205635861210202
angularVelocity: 0.38025189612497806 0.21246753274688823 0.5234043304485425
acceleration: 0.6644534898680513 0.5486715239721929 0.44254956714180327
accel: 0.2104854
brake: 0.0
steer: 0.566135846603835
linkid: A219BS010653
trafficlightid: C119BS010007
turn_signal_lamp: 0.0