position: 0.6308525558770464 0.8697928730783762 0.5513900688100848
orientation: 0.5297764298668529 0.5508796265544433 0.9919923141121655
enu_velocity: 0.08185498532377117 0.6037304772867013 0.45481325900473624
velocity: 0.8016750664819126 0.5197397080966925 0.5030170064675675
angularVelocity: 0.12475142584696897 0.13759572574102413 0.5223886234325186
acceleration: 0.6564252594173188 0.5785656331569254 0.21549049814355306
accel: 0.2014505
brake: 0.0
steer: 0.566135846603835
linkid: A219BS010653
trafficlightid: C119BS010007
turn_signal_lamp: 0.0