position: 0.6268238259234056 0.8713899082009586 0.506597097539828
orientation: 0.4899533544987984 0.48056936934522726 0.9920295795542934
enu_velocity: 0.07864188075289175 0.6048216425060755 0.5575741183951788
velocity: 0.8064176604257094 0.5269289555198409 0.5085060241594211
angularVelocity: 0.32427521916026214 0.3197981321089616 0.5245295565205569
acceleration: 0.6626707784689144 0.5258613881955385 0.5089821912451276
accel: 0.2065065
brake: 0.0
steer: 0.5659733506662334
linkid: A219BS010653
trafficlightid: C119BS010007
turn_signal_lamp: 0.0