position: 0.6254746902623365 0.8719202213905177 0.4990964479749631
orientation: 0.48100940722941304 0.4672518157562916 0.9920421840420719
enu_velocity: 0.07758840384440663 0.6054681681154577 0.5772379167406487
velocity: 0.8081466817972821 0.5271161417444555 0.5100677625285687
angularVelocity: 0.33921762875079703 0.36327677174853346 0.5243781801176808
acceleration: 0.6586322421223233 0.5215576018171474 0.508007952180051
accel: 0.2034752
brake: 0.0
steer: 0.5659733506662334
linkid: A219BS010653
trafficlightid: C119BS010007
turn_signal_lamp: 0.0