position: 0.6241228003849258 0.8724566301339802 0.4950742547520415
orientation: 0.4734660753519372 0.4585419655866538 0.992053692487435
enu_velocity: 0.07660601105741643 0.6061195978381851 0.5993422220770008
velocity: 0.8097847151641515 0.5269321567641568 0.5202716430690992
angularVelocity: 0.34924371110739666 0.40182899307329417 0.5242123610857564
acceleration: 0.6554770530527544 0.516269429477828 0.5156008019609144
accel: 0.2026329
brake: 0.0
steer: 0.5658921026974326
linkid: A219BS010653
trafficlightid: C119BS010007
turn_signal_lamp: 0.0