position: 0.6227681562911738 0.8729930388774427 0.4941429684968339
orientation: 0.46639693912884594 0.4536482896383938 0.9920662969752134
enu_velocity: 0.07564629018447616 0.6067712318989688 0.6213039455185339
velocity: 0.8113925853842562 0.5266361282328018 0.5355687439560027
angularVelocity: 0.35282291116431197 0.43403158586465873 0.5241655576466159
acceleration: 0.6543880141624233 0.5156401321801657 0.512156065906849
accel: 0.2015047
brake: 0.0
steer: 0.5658108547286319
linkid: A219BS010653
trafficlightid: C119BS010007
turn_signal_lamp: 0.0