position: 0.6214107579810799 0.8735294476209043 0.4958858459086173
orientation: 0.4596696993457892 0.451894823686978 0.9920783534417843
enu_velocity: 0.0746991837599546 0.6074142837613978 0.6423417170537883
velocity: 0.8129777709237359 0.5263419547271266 0.5542919029402711
angularVelocity: 0.3562216116746755 0.4600122931909919 0.5241376550624215
acceleration: 0.6536999064415275 0.5160084436164474 0.5100182615157838
accel: 0.2008115
brake: 0.0
steer: 0.5658108547286319
linkid: A219BS010653
trafficlightid: C119BS010007
turn_signal_lamp: 0.0