position: 0.25483721509858986 0.32412498323722616 0.8913124713534595
orientation: 0.8244850900845262 0.5478318186470195 0.5001947393361786
enu_velocity: 0.8896936376642883 0.9989762663391264 0.5693981363871469
velocity: 0.9997547063106074 0.515693882955653 0.7309028870796015
angularVelocity: 0.4201309430690125 0.4641785735668072 0.5222483985043127
acceleration: 0.5713821989209945 0.5158991507131298 0.4522042490824316
accel: 0.0243595
brake: 0.0
steer: 0.5658108547286319
linkid: A219BS010380
trafficlightid: null
turn_signal_lamp: 0.0