position: 0.6145834860166156 0.8762236824460237 0.5231537031036066
orientation: 0.4151816402081488 0.4634715261874577 0.9921364436898071
enu_velocity: 0.06994848020614058 0.6104423694141894 0.6880452046941845
velocity: 0.8208204383647763 0.5263045503426586 0.6184219728130212
angularVelocity: 0.34393356668098474 0.504615890661226 0.52403651798675
acceleration: 0.6511774284285298 0.516979905693438 0.473259482573953
accel: 0.1945918
brake: 0.0
steer: 0.5655671108222295
linkid: A219BS010653
trafficlightid: C119BS010007
turn_signal_lamp: 0.0