position: 0.6118342616921584 0.8773086910407555 0.5378842285650891
orientation: 0.4038445624083328 0.4730516593604991 0.992153432347248
enu_velocity: 0.06815739899619683 0.6119117643753356 0.6778711323668892
velocity: 0.8239778467690931 0.5238925222854836 0.6235511192458312
angularVelocity: 0.3833878452928786 0.5165709633323045 0.523407363747702
acceleration: 0.6532081497118262 0.5039519304122398 0.44603332778315574
accel: 0.1907106
brake: 0.0
steer: 0.5654858628534287
linkid: A219BS010653
trafficlightid: C119BS010007
turn_signal_lamp: 2.0