position: 0.610455604274678 0.8778511953381205 0.5447864026367952
orientation: 0.4014073080481504 0.4783391756065895 0.9921539803684557
enu_velocity: 0.06720415581298511 0.6125705502680814 0.6612328616611619
velocity: 0.8255894562222678 0.5236950579819193 0.6156203484655985
angularVelocity: 0.3959284519534228 0.5142581656149876 0.5219412822099632
acceleration: 0.654624277852677 0.512155106860517 0.4095521897200214
accel: 0.1875942
brake: 0.0
steer: 0.5654858628534287
linkid: A219BS010653
trafficlightid: C119BS010007
turn_signal_lamp: 2.0