position: 0.6076901128599534 0.8789483950406565 0.5550663140040348
orientation: 0.39657692315753734 0.4876491939173838 0.9921402798382615
enu_velocity: 0.06535920749898289 0.6138834222782836 0.6208502594505139
velocity: 0.8287351483629652 0.5233117550857296 0.5911110839824589
angularVelocity: 0.38993144153692744 0.5101634467397231 0.5205652209395016
acceleration: 0.6522882240409495 0.5128896758679905 0.4160834924834851
accel: 0.1833561
brake: 0.0
steer: 0.565404614884628
linkid: A219BS010653
trafficlightid: C119BS010007
turn_signal_lamp: 2.0