position: 0.6063034510012304 0.8794908993380224 0.5589914374213589
orientation: 0.39335667860961293 0.4922777439322508 0.992127675350483
enu_velocity: 0.06446136560950211 0.6145160528998534 0.6040202666371756
velocity: 0.8302617525843483 0.5232735090496102 0.5820947698768485
angularVelocity: 0.38687670377763866 0.5099090504630293 0.5200178309203946
acceleration: 0.6511133914984353 0.5131832239145632 0.4167654009876136
accel: 0.1816116
brake: 0.0
steer: 0.5654858628534287
linkid: A219BS010653
trafficlightid: C119BS010007
turn_signal_lamp: 2.0