position: 0.6049142931339478 0.8800394991892908 0.5618575511550579
orientation: 0.39000409870988567 0.49660432121061626 0.9921145228414967
enu_velocity: 0.06353965854733723 0.615134992871667 0.5824119050470185
velocity: 0.831812537179584 0.5234824301684416 0.5680379037651759
angularVelocity: 0.38915318593748266 0.5060135537001644 0.5199372972739277
acceleration: 0.6522090304860549 0.5163839798369552 0.39914546347720703
accel: 0.1793662
brake: 0.0
steer: 0.565404614884628
linkid: A219BS010653
trafficlightid: C119BS010007
turn_signal_lamp: 2.0