position: 0.6021282311659221 0.8811427944457311 0.5636792521683787
orientation: 0.3855486760285315 0.5040744581951994 0.9920865737599007
enu_velocity: 0.06175897573406297 0.616388606845611 0.5358541166932165
velocity: 0.8348463016103859 0.5234847890544299 0.5350327302343305
angularVelocity: 0.3975986445895462 0.5016666469488043 0.5198475050742563
acceleration: 0.6492953882295981 0.5130187213807571 0.4107988645831395
accel: 0.1752948
brake: 0.0
steer: 0.5654858628534287
linkid: A219BS010653
trafficlightid: C119BS010007
turn_signal_lamp: 2.0