position: 0.25576469745161573 0.3253136162483088 0.89082055369201
orientation: 0.8245624242333132 0.5477238083373268 0.5001946845340579
enu_velocity: 0.8895371503176881 0.9986176530507367 0.5672078715399043
velocity: 0.999262623238594 0.5156025644581673 0.7283033033687681
angularVelocity: 0.41764217538864395 0.4693953641154262 0.5221177172832309
acceleration: 0.5652387111311744 0.5156210686419941 0.4507745583036622
accel: 0.03839906
brake: 0.0
steer: 0.5657296067598311
linkid: A219BS010380
trafficlightid: null
turn_signal_lamp: 0.0