position: 0.6007314131344395 0.8816913942969986 0.5636544373308578
orientation: 0.3820967904087731 0.5083918059551845 0.9920717771872911
enu_velocity: 0.06089198810355245 0.6169936518296124 0.5210705809885421
velocity: 0.8363168173357188 0.5235526882943816 0.5276187021439677
angularVelocity: 0.38222457371851637 0.5089420864868469 0.519753997355804
acceleration: 0.6488093257014792 0.5149551761512293 0.4240782610037043
accel: 0.1741432
brake: 0.0
steer: 0.5654858628534287
linkid: A219BS010653
trafficlightid: C119BS010007
turn_signal_lamp: 2.0