position: 0.590888274275949 0.8855803576871031 0.5614590540583939
orientation: 0.347831944366247 0.5405688291155027 0.9919676531578161
enu_velocity: 0.05516485805591931 0.6210281024085123 0.5417571612129964
velocity: 0.845998688882795 0.5239125719330374 0.599441576073924
angularVelocity: 0.4101590377335469 0.4815428689633316 0.5213048695706151
acceleration: 0.644424950347019 0.5001041048456242 0.45482805183834135
accel: 0.1702479
brake: 0.0
steer: 0.5656483587910303
linkid: A219BS010653
trafficlightid: C119BS010007
turn_signal_lamp: 2.0