position: 0.5894735538382462 0.8861411486461765 0.5599402400324638
orientation: 0.3498170469181944 0.541114724837767 0.991966009094193
enu_velocity: 0.05438566016778246 0.6217477810419647 0.535021833771062
velocity: 0.8474243338112876 0.5224609069061545 0.5945513555557687
angularVelocity: 0.44468353292577184 0.4721738896782009 0.5220311029676652
acceleration: 0.6470894332214032 0.49759242392904734 0.4384857111550779
accel: 0.1679137
brake: 0.0
steer: 0.5656483587910303
linkid: A219BS010653
trafficlightid: C119BS010007
turn_signal_lamp: 2.0