position: 0.5866377438375507 0.8872627305643253 0.5543882850611759
orientation: 0.36099970938260534 0.5393451874083997 0.9919676531578161
enu_velocity: 0.05287772218518394 0.6231675218554876 0.5213407585330162
velocity: 0.850201337571282 0.5193712328624336 0.5803850543992451
angularVelocity: 0.48078924851524873 0.4558096315663619 0.5224511423162684
acceleration: 0.6445618776249089 0.49932328014498883 0.4427886796095538
accel: 0.1650061
brake: 0.0
steer: 0.5665420864478389
linkid: A219BS010653
trafficlightid: C119BS010007
turn_signal_lamp: 2.0