position: 0.5780795329716664 0.8906579540882875 0.5292931858456167
orientation: 0.41906359765254 0.5344058983963301 0.9920356077875788
enu_velocity: 0.04810980161393352 0.6264857675478882 0.4315197141277775
velocity: 0.8583060006094279 0.517254053186943 0.49077057095445664
angularVelocity: 0.49027360273499465 0.5077635319208891 0.525238194303486
acceleration: 0.6425330670964216 0.522637376969093 0.4135283115516691
accel: 0.1561547
brake: 0.0
steer: 0.5685732856678584
linkid: A219BS010653
trafficlightid: C119BS010007
turn_signal_lamp: 2.0