position: 0.5737699590204455 0.8923647091811224 0.516621562050231
orientation: 0.44538806962472915 0.5528836436399567 0.9921200030535743
enu_velocity: 0.04558162749908845 0.6277209910967866 0.39135097928363544
velocity: 0.8622775646941885 0.5191452942680237 0.48125294842426614
angularVelocity: 0.49622641581602894 0.5317664085777721 0.5269779465566203
acceleration: 0.6409181214920331 0.5271995274852136 0.42630450246633045
accel: 0.1513085
brake: 0.0
steer: 0.5693045173870654
linkid: A219BS010653
trafficlightid: C119BS010007
turn_signal_lamp: 2.0