position: 0.2576195760884067 0.32767869116266546 0.8890010422231758
orientation: 0.8238342545613235 0.5466302707676991 0.5001924924492269
enu_velocity: 0.8896182919048141 0.9987907273842216 0.5621328729896243
velocity: 0.999507667645782 0.5156018913488493 0.7216486062509646
angularVelocity: 0.4121843849341209 0.46140574019242486 0.5219367759907083
acceleration: 0.5931595883731712 0.5162562950826917 0.4527901919932088
accel: 0.03025707
brake: 0.0
steer: 0.5658108547286319
linkid: A219BS010380
trafficlightid: null
turn_signal_lamp: 0.0