position: 0.5708855198874689 0.8935106733148839 0.512383333771242
orientation: 0.46070633831406205 0.5737006619880967 0.9921945339378301
enu_velocity: 0.04388634791091961 0.6283027415423967 0.44870755888511415
velocity: 0.8647482006246466 0.5220647992270373 0.5691617275564418
angularVelocity: 0.5501610496589864 0.6163982348569506 0.5279108174349553
acceleration: 0.636954279672081 0.5603364680885277 0.6804513041883804
accel: 0.1504385
brake: 0.0
steer: 0.5700357491062724
linkid: A219BS010653
trafficlightid: C119BS010007
turn_signal_lamp: 2.0