position: 0.5694402448622268 0.8940836553817642 0.5156041537118616
orientation: 0.4744145027981591 0.589850181041101 0.9922411157404899
enu_velocity: 0.04321675935161062 0.6287338948406889 0.45513094068786925
velocity: 0.8658455408895925 0.521385636871833 0.6000463899951081
angularVelocity: 0.5436719016252609 0.6085059273687158 0.5294134706049116
acceleration: 0.6346349278366525 0.5226482093966553 0.475375722377887
accel: 0.1530544
brake: 0.0
steer: 0.5706044848878778
linkid: A219BS010653
trafficlightid: C119BS010007
turn_signal_lamp: 2.0