position: 0.5650917676051811 0.895802601582405 0.518951967232737
orientation: 0.49440877718015264 0.6214864043136273 0.9924082622088577
enu_velocity: 0.04077944335848449 0.6294562298688702 0.4841932940888586
velocity: 0.8693487037117831 0.525203670336143 0.6774958820159417
angularVelocity: 0.4392660144101291 0.5332766534413586 0.531809320805745
acceleration: 0.6369598596851289 0.5548861152828062 0.47063262483486634
accel: 0.151756
brake: 0.0
steer: 0.5710107247318817
linkid: A219BS010653
trafficlightid: C119BS010007
turn_signal_lamp: 2.0