position: 0.5607232362103983 0.8975276433369492 0.5150932599981899
orientation: 0.49504841009301703 0.6336964513321437 0.9926104820345223
enu_velocity: 0.03833735433082153 0.6300526926545169 0.516481135417136
velocity: 0.8727942823446955 0.5291409923751378 0.7294193664277697
angularVelocity: 0.3934989219369105 0.4809845092887265 0.5331066804075746
acceleration: 0.6314925431080749 0.5471550761737534 0.5057930655221533
accel: 0.1507005
brake: 0.0
steer: 0.5713357166070849
linkid: A219BS010653
trafficlightid: C119BS010007
turn_signal_lamp: 2.0