position: 0.5533988281962795 0.9004108403330608 0.4721570224530489
orientation: 0.4525233735237218 0.5885099409396348 0.9929984810496186
enu_velocity: 0.034307549457587294 0.630819777716976 0.46478993601662894
velocity: 0.878464206089855 0.5355498163612912 0.6154279869445299
angularVelocity: 0.32392462394015326 0.332041454834085 0.5354231630815265
acceleration: 0.6368930441673638 0.5456146159827713 0.46437947184891054
accel: 0.1501926
brake: 0.0
steer: 0.5714169645758856
linkid: A219BS010653
trafficlightid: C119BS010007
turn_signal_lamp: 2.0