position: 0.5460214015175853 0.9033062284369775 0.41081474410063734
orientation: 0.41415598702549805 0.511763822967717 0.9934325138461669
enu_velocity: 0.030714306778953593 0.6321079248223945 0.5449817065978508
velocity: 0.8838354897538228 0.5349961759970631 0.5811605172310056
angularVelocity: 0.39840807738339534 0.35720836654000626 0.5364575190865316
acceleration: 0.6242187106287449 0.518945917340906 0.5832094721335759
accel: 0.1512561
brake: 0.0
steer: 0.5707669808254794
linkid: A219BS010653
trafficlightid: C119BS010007
turn_signal_lamp: 2.0