position: 0.5445405798876846 0.9038853060577612 0.40481831159845516
orientation: 0.41378106095369194 0.4999586631609225 0.9935229373454479
enu_velocity: 0.03017529480733061 0.6324109581595354 0.6026130777134315
velocity: 0.8846880348937851 0.5336536886125627 0.6198034703553108
angularVelocity: 0.4216256854794445 0.3674688968644655 0.5364920068749491
acceleration: 0.6225374214858669 0.5214118396898919 0.609023348436496
accel: 0.1547206
brake: 0.0
steer: 0.5704419889502763
linkid: A219BS010653
trafficlightid: C119BS010007
turn_signal_lamp: 2.0