position: 0.025002982515055526 0.03171516695722065 0.6077606214803075
orientation: 0.6523667393487207 0.5226115716921904 0.4980248493640406
enu_velocity: 0.8938853847807362 0.9953596870848744 0.8476816418406974
velocity: 0.9987917291539774 0.5111468157424193 0.9576500328305133
angularVelocity: 0.46895392499496064 0.431464008268596 0.5122352321019236
acceleration: 0.5909116888712616 0.49825909386896877 0.42676752086922465
accel: 0.04172662
brake: 0.0
steer: 0.5630484237894053
linkid: A219BS010380
trafficlightid: null
turn_signal_lamp: 0.0