position: 0.5386031780093314 0.9062077120947984 0.3935290202226329
orientation: 0.4425648311322131 0.4205385149583766 0.9938331173490419
enu_velocity: 0.02825977376839095 0.6339645403997793 0.8621479626451583
velocity: 0.8880241786388486 0.5256181431404948 0.7533576502944281
angularVelocity: 0.5242580451199143 0.26565987260826807 0.5337831685908465
acceleration: 0.6294983773809261 0.500342755806396 0.6028634781929704
accel: 0.1686967
brake: 0.0
steer: 0.5697107572310693
linkid: A219BS010653
trafficlightid: C119BS010007
turn_signal_lamp: 2.0