position: 0.5356244069666559 0.9073719628902666 0.40096690284553205
orientation: 0.4576845967938418 0.37712606766640994 0.993960258269243
enu_velocity: 0.026941393443112083 0.6347393903083687 0.9513222613621695
velocity: 0.8901824639668587 0.5239184687946696 0.7748334276538433
angularVelocity: 0.4745350291136321 0.2791010734045829 0.5317989338136899
acceleration: 0.6333402506209953 0.534408945314346 0.5297864517459763
accel: 0.1658793
brake: 0.0
steer: 0.5692232694182646
linkid: A219BS010653
trafficlightid: C119BS010007
turn_signal_lamp: 2.0