position: 0.534132052055825 0.9079571360649528 0.4060335087888314
orientation: 0.46520588482516806 0.3539094814450332 0.9940150603900192
enu_velocity: 0.026312546142885362 0.6350681702405734 0.9766867963808525
velocity: 0.8911965439754457 0.5235031538086592 0.7644460799146144
angularVelocity: 0.4928377366833294 0.260187341203987 0.5311193201126178
acceleration: 0.6291272722566775 0.5233625957196875 0.5220798789838628
accel: 0.1658562
brake: 0.0
steer: 0.5691420214494638
linkid: A219BS010653
trafficlightid: C119BS010007
turn_signal_lamp: 2.0