position: 0.5311415755936978 0.9091213868604227 0.4165316447566245
orientation: 0.48872919828844347 0.30481090249152804 0.9941153482710398
enu_velocity: 0.02496603900694294 0.6360444974724405 0.9940998638968725
velocity: 0.8935338139264071 0.5208454747708557 0.7071458904306682
angularVelocity: 0.5172628557636882 0.26705170274497736 0.529764467642115
acceleration: 0.6367625266725385 0.5060703635215393 0.4729254334426353
accel: 0.1593304
brake: 0.0
steer: 0.5687357816054599
linkid: A219BS010653
trafficlightid: C119BS010007
turn_signal_lamp: 2.0