position: 0.26040253956304826 0.33123239908810564 0.885375156552431
orientation: 0.821286925520204 0.5443886024926968 0.5001893139262219
enu_velocity: 0.8896817050779462 0.99901447755561 0.5577464151520608
velocity: 0.9997955885921729 0.515978286659415 0.7136731894604024
angularVelocity: 0.4110015678483605 0.465539701199097 0.5221036223878698
acceleration: 0.5900852904613749 0.5178476044684838 0.45247489737339835
accel: 0.02668427
brake: 0.0
steer: 0.5659733506662334
linkid: A219BS010380
trafficlightid: null
turn_signal_lamp: 0.0