position: 0.5266391204293059 0.9108830019383856 0.4424091412022646
orientation: 0.5020844444094312 0.2539862254248928 0.9942085118763596
enu_velocity: 0.022590090600718815 0.6371403624671041 0.9239373641953443
velocity: 0.8972663163768916 0.522307585694678 0.5616937231371845
angularVelocity: 0.39982178395057244 0.3558140627078218 0.5260667976303577
acceleration: 0.6431675138187158 0.5438777298177759 0.31596515760675703
accel: 0.1454889
brake: 0.0
steer: 0.568329541761456
linkid: A219BS010384
trafficlightid: null
turn_signal_lamp: 2.0