position: 0.5251335108523311 0.9114681751130718 0.45054183927575675
orientation: 0.500419158313916 0.24255772974658804 0.9942337208519166
enu_velocity: 0.02183032578176769 0.6373295795070182 0.8905588845755354
velocity: 0.8983601666909721 0.5240458433379579 0.5117493998512381
angularVelocity: 0.41366718545783354 0.3757325096285907 0.5264077309365477
acceleration: 0.6303169036332508 0.5392384435182498 0.40793774004717176
accel: 0.143112
brake: 0.0
steer: 0.5684107897302568
linkid: A219BS010384
trafficlightid: null
turn_signal_lamp: 2.0