position: 0.5236261798901428 0.912053348287758 0.4611136899079513
orientation: 0.5050510401768249 0.23669769827927564 0.9942600258698893
enu_velocity: 0.02118528425721966 0.6376671459756336 0.879369200334432
velocity: 0.8993889543496342 0.5241546845846836 0.4919506382548293
angularVelocity: 0.47529072513847287 0.43167090242203465 0.5264631711967669
acceleration: 0.6302277452255871 0.5200149245074929 0.42896187664070173
accel: 0.1430663
brake: 0.0
steer: 0.5680045498862529
linkid: A219BS010384
trafficlightid: null
turn_signal_lamp: 2.0