position: 0.522117127542741 0.9126446170163476 0.4747275476809807
orientation: 0.5164873875592193 0.2371789517376724 0.994288522972693
enu_velocity: 0.02061524756110733 0.6381150549945227 0.8726372929750428
velocity: 0.9003828424996431 0.5230514460455181 0.4862782405635163
angularVelocity: 0.5428011892544822 0.48922971273942417 0.5266461309966782
acceleration: 0.6268515252162541 0.5052523740814685 0.45454654014806095
accel: 0.1412569
brake: 0.0
steer: 0.567598310042249
linkid: A219BS010384
trafficlightid: null
turn_signal_lamp: 2.0