position: 0.5206068702256897 0.9132297901910338 0.49460277283913845
orientation: 0.5280560341559639 0.247744719076267 0.9943181161179121
enu_velocity: 0.020197095642577545 0.638628147853296 0.8947507747249975
velocity: 0.9012132015233901 0.5207713414079362 0.5242199374083862
angularVelocity: 0.5036228427741468 0.5917922067120321 0.5264671703126578
acceleration: 0.6236282341047656 0.49928571954630235 0.5077405099515958
accel: 0.1451533
brake: 0.0
steer: 0.5671920701982451
linkid: A219BS010384
trafficlightid: null
turn_signal_lamp: 2.0