position: 0.5190950636619464 0.9138210589196225 0.5224537787158758
orientation: 0.5305484342689729 0.27134320780143034 0.9943444211358848
enu_velocity: 0.01968604001609886 0.6389046172431486 0.9131025247390459
velocity: 0.902015142375805 0.520826941297624 0.5784966676810844
angularVelocity: 0.41955653606108606 0.7040300801369782 0.5253020671155367
acceleration: 0.6201428574691101 0.528772139732792 0.500693263308857
accel: 0.1454989
brake: 0.0
steer: 0.5671920701982451
linkid: A219BS010384
trafficlightid: null
turn_signal_lamp: 2.0