position: 0.5160665445866012 0.9149975008229001 0.5877620519827054
orientation: 0.536073597825277 0.3348518444925218 0.9943899068961292
enu_velocity: 0.018490053933585715 0.6395104795793742 0.90108816075142
velocity: 0.9038623235123903 0.5214943095762256 0.6651366106876618
angularVelocity: 0.4715735972653114 0.7549798178714819 0.5251547711396112
acceleration: 0.6343279509933261 0.5129694200263047 0.3943570914333724
accel: 0.1446196
brake: 0.0
steer: 0.5667858303542412
linkid: A219BS010384
trafficlightid: null
turn_signal_lamp: 2.0