position: 0.5145495738672173 0.9155887695514888 0.6182602171444249
orientation: 0.5419185778380132 0.36621004188704664 0.9944156638928939
enu_velocity: 0.017858820116090524 0.6399812744605424 0.8641936387900915
velocity: 0.904931993452618 0.520613133687814 0.6781047071021163
angularVelocity: 0.47144458159027025 0.7407018985433519 0.5252762488709414
acceleration: 0.6323281900279915 0.5095439072351411 0.36630353555858886
accel: 0.1394191
brake: 0.0
steer: 0.5667858303542412
linkid: A219BS010384
trafficlightid: null
turn_signal_lamp: 2.0