position: 0.51303088176262 0.9161800382800784 0.6467834131787225
orientation: 0.5444771456269237 0.39695338943550124 0.9944392288048277
enu_velocity: 0.01721633557433 0.6404103843782739 0.8274606955316846
velocity: 0.905993187797887 0.5201262124138671 0.6903668384782337
angularVelocity: 0.4280222734680966 0.7399088819649315 0.5249158455323886
acceleration: 0.6323572928791269 0.5188455056472852 0.36213427072494386
accel: 0.1361685
brake: 0.0
steer: 0.566460838479038
linkid: A219BS010384
trafficlightid: null
turn_signal_lamp: 2.0