position: 0.5099879891207422 0.9173686712911593 0.7007432773685762
orientation: 0.5458336010516287 0.4608112867815906 0.9944912908195652
enu_velocity: 0.015968357508469255 0.6410280983217511 0.7652145648479068
velocity: 0.9079238784730357 0.5207063054442883 0.729628557401951
angularVelocity: 0.4576604443601255 0.747379119644046 0.5256390171714083
acceleration: 0.6283844758403705 0.5195097267834687 0.37216824449152824
accel: 0.132639
brake: 0.0
steer: 0.566460838479038
linkid: A219BS010384
trafficlightid: null
turn_signal_lamp: 2.0