position: 0.5069385552150532 0.9185512087483385 0.7392610141386187
orientation: 0.5562112294821481 0.5118984171411612 0.9945455449191338
enu_velocity: 0.014801521029734532 0.641925346725922 0.6526306359324824
velocity: 0.9099490471037535 0.5185898006448069 0.7007702308774248
angularVelocity: 0.46521625712254117 0.6608636997378241 0.5255413774628945
acceleration: 0.6284708556603638 0.5070654892360039 0.3243392624815783
accel: 0.1263826
brake: 0.0
steer: 0.566135846603835
linkid: A219BS010384
trafficlightid: null
turn_signal_lamp: 2.0