position: 0.5038818914914674 0.9197398417594194 0.7551549175709487
orientation: 0.5455358645787989 0.5420920203650925 0.9945800702552229
enu_velocity: 0.013450240859255391 0.6425277353151946 0.5084633039505454
velocity: 0.9120779171316128 0.5197597582742537 0.6088454907965563
angularVelocity: 0.2903498340544008 0.5565923446653682 0.5237529526078489
acceleration: 0.633824052216133 0.5447613705199627 0.24260335456554594
accel: 0.1194467
brake: 0.0
steer: 0.5657296067598311
linkid: A219BS010384
trafficlightid: null
turn_signal_lamp: 2.0