position: 0.4992831248243811 0.9215258390529941 0.7502663945792718
orientation: 0.5384557064326327 0.5693396254654313 0.9946069232944034
enu_velocity: 0.011761098029776651 0.6435461561866106 0.38468190808649344
velocity: 0.9148845854739628 0.5196782113453724 0.5328573708208675
angularVelocity: 0.44380380896500204 0.5417750521716717 0.5227592662133013
acceleration: 0.624656722621586 0.5002847117929847 0.38979468636486747
accel: 0.1139358
brake: 0.0
steer: 0.5654858628534287
linkid: A219BS010384
trafficlightid: null
turn_signal_lamp: 2.0