position: 0.2622583649617066 0.3336035695563657 0.8834271918070165
orientation: 0.8214191885971014 0.5445165328826002 0.5001899715516711
enu_velocity: 0.8897297763543528 0.9991107207800156 0.5534470841417505
velocity: 0.9999339402157632 0.515911228364438 0.7098052928194042
angularVelocity: 0.4222197275026765 0.47166951034094334 0.5222139575391663
acceleration: 0.5888705680575084 0.5147140285153683 0.45277026860474423
accel: 0.02453466
brake: 0.0
steer: 0.5662170945726358
linkid: A219BS010380
trafficlightid: null
turn_signal_lamp: 0.0