position: 0.4977469606598669 0.9221232033354863 0.743837162116793
orientation: 0.5373749074971554 0.5759414037477403 0.9946058272519878
enu_velocity: 0.011191572730221866 0.6439683186104359 0.34151238743125945
velocity: 0.9158812157282229 0.5192573378190799 0.501910099328653
angularVelocity: 0.3826789934711872 0.5172979788473941 0.5214914361109753
acceleration: 0.6284898642450577 0.5141849119934306 0.32367611962111853
accel: 0.1100788
brake: 0.0
steer: 0.5651608709782256
linkid: A219BS010384
trafficlightid: null
turn_signal_lamp: 2.0