position: 0.4946700706600228 0.9233179319004723 0.7222613907402704
orientation: 0.5269973152040888 0.5830313843536358 0.9945948668278325
enu_velocity: 0.010136050235506677 0.6445684594810918 0.2831547379992355
velocity: 0.9176134777684565 0.520046183072661 0.45740639815695683
angularVelocity: 0.4159972628634136 0.5085479443411348 0.521193122393274
acceleration: 0.6232741126218677 0.506462600199955 0.41936811624902776
accel: 0.1094177
brake: 0.0
steer: 0.5648358791030225
linkid: A219BS010384
trafficlightid: null
turn_signal_lamp: 2.0