position: 0.4931295169632142 0.9239152961829644 0.7113581890423517
orientation: 0.5309013164946295 0.5882494475830349 0.9945893866157548
enu_velocity: 0.009675111471664777 0.645042728109213 0.2701112074399452
velocity: 0.9184869626136111 0.5188602192216347 0.45357512519630727
angularVelocity: 0.4660110441701783 0.5173173382032868 0.5211638468420916
acceleration: 0.6235379870997406 0.4981664812163252 0.4312601431882225
accel: 0.1066522
brake: 0.0
steer: 0.5649171270718233
linkid: A219BS010384
trafficlightid: null
turn_signal_lamp: 2.0