position: 0.49158775829675616 0.9245187560193591 0.7006498568037904
orientation: 0.5374190313269073 0.5939482297427394 0.9945806182764306
enu_velocity: 0.009287302415547649 0.6455697159557985 0.27262788550389483
velocity: 0.9192894020304353 0.5170294625778603 0.46562858879367697
angularVelocity: 0.4788349651221633 0.5205097318406553 0.5205460999497358
acceleration: 0.6201641574370612 0.49502251487847737 0.4706808620809477
accel: 0.1063742
brake: 0.0
steer: 0.5649171270718233
linkid: A219BS010384
trafficlightid: null
turn_signal_lamp: 2.0