position: 0.49004479466064865 0.9251161203018512 0.6891496393090382
orientation: 0.5402092040501989 0.5985302045432321 0.9945674657674444
enu_velocity: 0.008830625289684924 0.6459912653654556 0.2656246156895434
velocity: 0.9201235002872523 0.5163885459054371 0.4666421055477028
angularVelocity: 0.4303885961312127 0.5051243498034846 0.5197490175492072
acceleration: 0.6213997154421722 0.5099261845244196 0.44123223803996353
accel: 0.1051167
brake: 0.0
steer: 0.5646733831654209
linkid: A219BS010384
trafficlightid: null
turn_signal_lamp: 2.0