position: 0.4885002817778491 0.9257134845843433 0.6765378630629684
orientation: 0.5380476423166969 0.6013311317427867 0.9945493810675882
enu_velocity: 0.008345139491082065 0.64628632951841 0.2652796451588058
velocity: 0.9209179626735272 0.5169519596049608 0.47122974470678813
angularVelocity: 0.3917786759618132 0.4904485132552434 0.5190214075162555
acceleration: 0.6190516261589185 0.5204284685402368 0.46800925941387267
accel: 0.1042675
brake: 0.0
steer: 0.5646733831654209
linkid: A219BS010384
trafficlightid: null
turn_signal_lamp: 2.0