position: 0.4823100944808956 0.9281212283760212 0.6341716369326527
orientation: 0.5221779522365505 0.6060695450980638 0.9944600536107228
enu_velocity: 0.006648155247721443 0.6473509307904961 0.3924949565003202
velocity: 0.9236446114281789 0.5194303710811037 0.6040640077293405
angularVelocity: 0.3446970273610385 0.4648779052029703 0.518290767158939
acceleration: 0.6154441667548456 0.5230045471646352 0.5511304630486188
accel: 0.1096329
brake: 0.0
steer: 0.5641046473838155
linkid: A219BS010384
trafficlightid: null
turn_signal_lamp: 2.0