position: 0.4776552967251103 0.9299316078852078 0.6077890855586405
orientation: 0.5149544368155069 0.5918678464105511 0.9943844266840515
enu_velocity: 0.005491035303579639 0.6484159407386944 0.4752358196286167
velocity: 0.9257171436777835 0.5187855800550466 0.6634727620097332
angularVelocity: 0.43524074064865853 0.39844892123574355 0.5186032941490049
acceleration: 0.6147515752308321 0.5013965500099119 0.5311040384778392
accel: 0.1109065
brake: 0.0
steer: 0.5636984075398116
linkid: A219BS010384
trafficlightid: null
turn_signal_lamp: 2.0