position: 0.47610174656993987 0.9305350677216042 0.599960004320701
orientation: 0.5132119611210155 0.5834048413135764 0.9943570256236633
enu_velocity: 0.005166809886113732 0.6488524068264441 0.5155798045292664
velocity: 0.9263737530048775 0.5177160376156807 0.6897702212855086
angularVelocity: 0.3876954006083971 0.39220742904527184 0.5177920784980934
acceleration: 0.6147269409576764 0.5030580541400433 0.5494853045131215
accel: 0.112368
brake: 0.0
steer: 0.5636984075398116
linkid: A219BS010384
trafficlightid: null
turn_signal_lamp: 2.0