position: 0.47299103135065074 0.9317419873943935 0.5869475414334802
orientation: 0.5030659737623302 0.5630646220230704 0.9942923591211473
enu_velocity: 0.004309027393638587 0.6495363263000855 0.5754013309776356
velocity: 0.9278599735091042 0.518155109827237 0.7165844232511538
angularVelocity: 0.3982643777126091 0.37116872073017754 0.5171346270187329
acceleration: 0.6192650902051359 0.4973273056346422 0.5123413686865338
accel: 0.1104605
brake: 0.0
steer: 0.5632109197270069
linkid: A219BS010384
trafficlightid: null
turn_signal_lamp: 2.0