position: 0.46987601266832796 0.932955002621088 0.5747846218072792
orientation: 0.5059884456999719 0.5368133060149092 0.9942249525125924
enu_velocity: 0.0036390979032913107 0.6504476740301248 0.6203924980085425
velocity: 0.9292537103153996 0.5160227666418329 0.7195858210549538
angularVelocity: 0.43441958819787707 0.34667232390066643 0.5172714507251508
acceleration: 0.6126883787283508 0.4933296488759132 0.5330723954678108
accel: 0.1098236
brake: 0.0
steer: 0.5628859278518038
linkid: A219BS010384
trafficlightid: null
turn_signal_lamp: 2.0