position: 0.46831712621899574 0.9335645580113852 0.5701026458455583
orientation: 0.5042239261593311 0.522806496269564 0.9941882350916723
enu_velocity: 0.0032922005717755942 0.6508541024236334 0.6502780859243227
velocity: 0.9299349985807556 0.5154512650303456 0.7267799326647476
angularVelocity: 0.39096464174913587 0.3458049889060135 0.516501131562385
acceleration: 0.6147970374926633 0.50589552722008 0.529786467649064
accel: 0.1106056
brake: 0.0
steer: 0.5627234319142023
linkid: A219BS010384
trafficlightid: null
turn_signal_lamp: 2.0