position: 0.46675686266149274 0.9341680178477816 0.5667066623459656
orientation: 0.49836792422351994 0.5093180718673731 0.9941476815222979
enu_velocity: 0.0028455809115439656 0.6511757305238758 0.6696464173243967
velocity: 0.9306990485380608 0.5160461858993668 0.7245270531278802
angularVelocity: 0.35684974550673176 0.3523922248524656 0.516091834495503
acceleration: 0.6177592860019321 0.5176550786286945 0.501758277199409
accel: 0.1086992
brake: 0.0
steer: 0.5627234319142023
linkid: A219BS010384
trafficlightid: null
turn_signal_lamp: 2.0