position: 0.4620687561018265 0.9359966840186766 0.5671628174474583
orientation: 0.4769730705870695 0.47911270902542835 0.9940128683051881
enu_velocity: 0.0016166949838306577 0.6521888386058342 0.7256012119120847
velocity: 0.9328720415161463 0.5172326550240544 0.731803916815414
angularVelocity: 0.35348952402663547 0.4101744170413957 0.5146861348480459
acceleration: 0.6170867535971292 0.5060883659114246 0.5024791323656941
accel: 0.1068097
brake: 0.0
steer: 0.5627234319142023
linkid: A219BS010384
trafficlightid: null
turn_signal_lamp: 2.0