position: 0.4605036726657257 0.9366062394089738 0.571791514493325
orientation: 0.47027889657323707 0.4744239711474564 0.9939629983752817
enu_velocity: 0.001213714496507201 0.6525789199548577 0.7397187920160732
velocity: 0.9336163981792833 0.517313191405613 0.738385889767954
angularVelocity: 0.3562127377830035 0.4336064364839251 0.5142169541690212
acceleration: 0.6184412427671079 0.5053544919591474 0.48970583581302235
accel: 0.1029943
brake: 0.0
steer: 0.5626421839454014
linkid: A219BS010384
trafficlightid: null
turn_signal_lamp: 2.0