position: 0.45893747032923626 0.9372157947992736 0.5778507139374724
orientation: 0.46384942940046303 0.4716912497323795 0.9939136764665829
enu_velocity: 0.0008091998195112193 0.6529469327938264 0.7454382292697666
velocity: 0.934351032836438 0.5175401405473457 0.7399115276521866
angularVelocity: 0.3635297204609375 0.4471581863725192 0.5145889383839665
acceleration: 0.6170235540496203 0.5060939432307148 0.46698893797111907
accel: 0.09771065
brake: 0.0
steer: 0.5627234319142023
linkid: A219BS010384
trafficlightid: null
turn_signal_lamp: 2.0