position: 0.4542332688178239 0.9390505565240712 0.600813196822533
orientation: 0.4562178498634835 0.4721233978767688 0.9937689988677335
enu_velocity: 0.0 0.65408795649888 0.7420615934424899
velocity: 0.9360606101960468 0.515950991281556 0.7381836747328869
angularVelocity: 0.40604914070511483 0.49200099019520327 0.5140834741320267
acceleration: 0.5972385634473366 0.4962747189552753 0.4439759707523131
accel: 0.0
brake: 0.02707949
steer: 0.562804679883003
linkid: A219BS010384
trafficlightid: null
turn_signal_lamp: 2.0