position: 0.26504098415930544 0.337157277481805 0.8809435185104091
orientation: 0.8250694326947532 0.5467319023754997 0.5001977534528214
enu_velocity: 0.8895644248007557 0.9987645721130456 0.5475505656062496
velocity: 0.9994485877632759 0.5157969958830797 0.707592960928637
angularVelocity: 0.4338879082133605 0.47782815273384577 0.5228320750116339
acceleration: 0.5957122890461984 0.5170532619416007 0.4523623862074428
accel: 0.03208227
brake: 0.0
steer: 0.5663795905102373
linkid: A219BS010380
trafficlightid: null
turn_signal_lamp: 0.0