position: 0.44035554729596676 0.9444816950516293 0.7067375203262714
orientation: 0.4602762664894293 0.6004755304442968 0.9927167981488284
enu_velocity: 0.02457942320946016 0.643413745126282 0.5672664707494972
velocity: 0.8982908662380745 0.4951434544358876 0.7483038440040495
angularVelocity: 0.4438234845248127 0.6334996086900564 0.49076948919499963
acceleration: 0.3135424556777203 0.44660740950319977 0.3850689406810053
accel: 0.0
brake: 0.1695431
steer: 0.5479363015924603
linkid: A219BS010384
trafficlightid: null
turn_signal_lamp: 2.0