position: 0.265968810789374 0.33834591049288676 0.8801742585472518
orientation: 0.8272532189616684 0.5479163809910976 0.5002037816861068
enu_velocity: 0.8896061888529528 0.9988732799588709 0.5454968015495757
velocity: 0.9995941685708016 0.5157508322440211 0.7077207078136621
angularVelocity: 0.43892278987504263 0.480345489216301 0.5230811634105388
acceleration: 0.5919310141388243 0.5168663353621376 0.4522403077438337
accel: 0.02909541
brake: 0.0
steer: 0.566460838479038
linkid: A219BS010380
trafficlightid: null
turn_signal_lamp: 0.0