position: 0.43444947462849903 0.9468101966425682 0.7307429562353849
orientation: 0.47105086483790437 0.663758311199119 0.9917440605050488
enu_velocity: 0.04213259864967456 0.6358011308476699 0.4904559589417744
velocity: 0.8713606603856534 0.4834826216777594 0.749760856087248
angularVelocity: 0.43060779273037025 0.5845847543638318 0.47854433173167066
acceleration: 0.2947530368440725 0.42666596905424015 0.4109940590834701
accel: 0.0
brake: 0.1781635
steer: 0.5449301267468314
linkid: A219BS010384
trafficlightid: null
turn_signal_lamp: 2.0