position: 0.43300342497991084 0.9473831787094484 0.7326661061432778
orientation: 0.47330063809345735 0.675162289855626 0.9914815583465303
enu_velocity: 0.046431909508720226 0.6334455217373802 0.480057866719473
velocity: 0.8644747380461265 0.4846207417664685 0.7509477249282567
angularVelocity: 0.4464775813749254 0.562924431471286 0.48104695723603474
acceleration: 0.2944230319796409 0.4660185980199673 0.42294966656790856
accel: 0.0
brake: 0.1794916
steer: 0.5450926226844329
linkid: A219BS010384
trafficlightid: null
turn_signal_lamp: 2.0