position: 0.4315695971663383 0.9479561607763296 0.7330492764285319
orientation: 0.4761790223388 0.6843066400932558 0.9912119319123107
enu_velocity: 0.05087782071425406 0.6314246183629212 0.4736990266319404
velocity: 0.8576012798168332 0.48254804207339574 0.7526304086417933
angularVelocity: 0.4475643768328698 0.5436334786360545 0.4790320691810359
acceleration: 0.29708765949283544 0.4312061831373779 0.42731686123299506
accel: 0.0
brake: 0.1802883
steer: 0.5451738706532337
linkid: A219BS010384
trafficlightid: null
turn_signal_lamp: 2.0