position: 0.4301479911877816 0.9485230472893074 0.7321318572884095
orientation: 0.4784508394405026 0.6916442853815545 0.9909362772448059
enu_velocity: 0.05529475278152862 0.6292723256184138 0.4673551774574011
velocity: 0.8506891828458162 0.4816397331660395 0.75139767300111
angularVelocity: 0.43551024685866147 0.5288107368421807 0.4783320007905021
acceleration: 0.2927154566361428 0.4423025322103615 0.4327157051103142
accel: 0.0
brake: 0.1818874
steer: 0.5421676958076049
linkid: A219BS010384
trafficlightid: null
turn_signal_lamp: 2.0