position: 0.42734204722054 0.9496446292074561 0.7290905799957375
orientation: 0.47860525477590765 0.7033557958667151 0.9903663351887324
enu_velocity: 0.06426686445212648 0.6249722355666325 0.47787825978300696
velocity: 0.8366822650477611 0.479191982614346 0.7665518543354153
angularVelocity: 0.41491770421712576 0.510897632386625 0.47533363563859765
acceleration: 0.2898420924820553 0.42681768441364043 0.4585669123216648
accel: 0.0
brake: 0.1817351
steer: 0.5423301917452065
linkid: A219BS010384
trafficlightid: null
turn_signal_lamp: 2.0