position: 0.4245857652167075 0.9507479244638963 0.7237787450698758
orientation: 0.47898021698516646 0.7084551938597974 0.989756387584492
enu_velocity: 0.07326284129540844 0.6208031262087874 0.49548964720367406
velocity: 0.822729441488119 0.47600409448334796 0.7788167760871783
angularVelocity: 0.42849231050511954 0.47865689449401994 0.4724404493169821
acceleration: 0.29021564124094007 0.40683833046821255 0.47008790749873536
accel: 0.0
brake: 0.1827896
steer: 0.5426551836204095
linkid: A219BS010384
trafficlightid: null
turn_signal_lamp: 2.0