position: 0.42322595696731485 0.9512965243151639 0.7208878164986556
orientation: 0.4800058340303645 0.7108915729009366 0.9894336030931195
enu_velocity: 0.0776081778446307 0.6188737662834443 0.47877609877557453
velocity: 0.8160606439488572 0.4741699687596008 0.7601939834269126
angularVelocity: 0.43015613459398694 0.4934737030038192 0.47097334990360173
acceleration: 0.3042692809243485 0.42824791774965376 0.39243445582098346
accel: 0.0
brake: 0.186309
steer: 0.5397302567435814
linkid: A219BS010384
trafficlightid: null
turn_signal_lamp: 2.0