position: 0.4205429199043162 0.9523815329098948 0.7168116145117169
orientation: 0.48014919130524214 0.7241175796453982 0.9888094069374772
enu_velocity: 0.08639959606490583 0.6141946291376669 0.43914075318296575
velocity: 0.8021003419230751 0.4754666140428271 0.727405412805557
angularVelocity: 0.40232294386766276 0.5422431900776848 0.47242865921335114
acceleration: 0.27985569614278744 0.44450166843933875 0.41109733373599955
accel: 0.0
brake: 0.1869359
steer: 0.5400552486187846
linkid: A219BS010384
trafficlightid: null
turn_signal_lamp: 2.0