position: 0.416612050700062 0.9539785680324773 0.7158540537226639
orientation: 0.4522366228365139 0.7545789101727679 0.9878421495057753
enu_velocity: 0.09972539709516531 0.6071978897600274 0.449094180814827
velocity: 0.7809452569061831 0.4762992732362725 0.7581907553110875
angularVelocity: 0.2996891842942827 0.5713543195921342 0.46929998813056845
acceleration: 0.30053782799704937 0.44540764910545017 0.4088759904244328
accel: 0.0
brake: 0.1855307
steer: 0.5375365615859604
linkid: A219BS010384
trafficlightid: null
turn_signal_lamp: 2.0