position: 0.4140514041257421 0.9550209077498861 0.7179005479700002
orientation: 0.4272465624428802 0.7842890505555242 0.9871768517595509
enu_velocity: 0.10834072443413556 0.6025751499177233 0.4011935459721032
velocity: 0.7672462026308923 0.47767276958337357 0.7371312671183006
angularVelocity: 0.3169694435955173 0.6148466183328082 0.46959212290186475
acceleration: 0.28920826999041577 0.4569591749433983 0.3751713199896885
accel: 0.0
brake: 0.1900164
steer: 0.5351803704907379
linkid: A219BS010384
trafficlightid: null
turn_signal_lamp: 2.0