position: 0.41278962876425745 0.9555390298316402 0.7192120851178121
orientation: 0.4156448139394586 0.8025456793452928 0.9868365305895301
enu_velocity: 0.11288124400281002 0.6003388742321742 0.3826382067923737
velocity: 0.7601431554911001 0.4765932859730555 0.7355434561767145
angularVelocity: 0.3168046263575237 0.6327230117134859 0.4676981205940189
acceleration: 0.2834235549631285 0.4341188786811075 0.4077920836655091
accel: 0.0
brake: 0.188966
steer: 0.5380240493987651
linkid: A219BS010384
trafficlightid: null
turn_signal_lamp: 2.0