position: 0.4066684690143647 0.9580625891474748 0.7259369060860581
orientation: 0.38265923372266136 0.8994948210642267 0.9851025914881676
enu_velocity: 0.1350678427196479 0.5892866374558605 0.3917593245722967
velocity: 0.7252865233768707 0.4720185806438847 0.8279981932317694
angularVelocity: 0.41433131975041415 0.5945838616824213 0.46527887858959815
acceleration: 0.33346020948267263 0.4018994799821035 0.47829559292039064
accel: 0.0
brake: 0.1229187
steer: 0.5334741631459214
linkid: A219BS010384
trafficlightid: null
turn_signal_lamp: 2.0