position: 0.40547899183184644 0.9585624245675204 0.7245071335359392
orientation: 0.38465535819768354 0.9112348397142682 0.9847348692577585
enu_velocity: 0.13858386451809662 0.5879960382937691 0.40930210388038435
velocity: 0.7200398808152365 0.46917304191881026 0.8532451632762149
angularVelocity: 0.4527801826109208 0.5640815473431255 0.46366362447617576
acceleration: 0.372638600139919 0.41042943363895307 0.49532452397684706
accel: 0.0
brake: 0.1093504
steer: 0.5337179070523238
linkid: A219BS010384
trafficlightid: null
turn_signal_lamp: 2.0