position: 0.4042984658524383 0.9590561644336608 0.7223497023679197
orientation: 0.3913054083817641 0.9195902264888173 0.9843605707728564
enu_velocity: 0.1417248621743662 0.5869298023172345 0.43549580694289325
velocity: 0.7154007389863767 0.46668956887259844 0.8833673555697205
angularVelocity: 0.4990404722134355 0.5342021382050077 0.46282605115120096
acceleration: 0.39530593772766337 0.41296443649589076 0.5108345670153738
accel: 0.0
brake: 0.07717806
steer: 0.531767955801105
linkid: A219BS010384
trafficlightid: null
turn_signal_lamp: 2.0