position: 0.4019586730010085 0.9600375486120418 0.71555043688711
orientation: 0.41766298226063037 0.9244191532675914 0.9835856687850794
enu_velocity: 0.14620878719067548 0.5862842983981327 0.4940990649799526
velocity: 0.7093197488857208 0.4604780418843598 0.9391661485578553
angularVelocity: 0.5536749195134201 0.45123014366434605 0.4591627301041009
acceleration: 0.5124621407914178 0.3956843669965085 0.5121854230070291
accel: 0.0
brake: 0.008807247
steer: 0.5350178745531362
linkid: A219BS010384
trafficlightid: null
turn_signal_lamp: 2.0