position: 0.3996338562009361 0.9610189327904228 0.6886788872442975
orientation: 0.4493031289757974 0.8915128912496182 0.9828102187760945
enu_velocity: 0.14795281991732773 0.5867990259613545 0.4687294940916952
velocity: 0.707533641889279 0.45991531542768327 0.8729687591286702
angularVelocity: 0.5754699242009003 0.2526177971992748 0.4625625537384296
acceleration: 0.5593903169645338 0.440064561882007 0.42178536969987857
accel: 0.07962681
brake: 0.0
steer: 0.533961650958726
linkid: A219BS010384
trafficlightid: null
turn_signal_lamp: 2.0