position: 0.39847381470556836 0.9615126726565633 0.6668710241521354
orientation: 0.46288994389371363 0.8609058127292946 0.9824183836125437
enu_velocity: 0.14817374323017507 0.5876517286693037 0.46752339884033167
velocity: 0.7078332790992892 0.4586931185084039 0.8353790856113408
angularVelocity: 0.529349669963904 0.1870155366001171 0.46062523841741304
acceleration: 0.6087974272561941 0.43044168379499526 0.49058106225311454
accel: 0.106456
brake: 0.0
steer: 0.5345303867403316
linkid: A219BS010384
trafficlightid: null
turn_signal_lamp: 2.0