position: 0.3938305502307134 0.9634998232289362 0.5811138650715106
orientation: 0.4898651068392948 0.7021830412339245 0.9808384384705627
enu_velocity: 0.1474337524114479 0.5914538468784604 0.6561589043958563
velocity: 0.7112030759419828 0.45990436194271717 0.8299940966115248
angularVelocity: 0.4441414949677002 0.04960978350145501 0.45988773719154963
acceleration: 0.638324861812842 0.461997404513532 0.46710699136319206
accel: 0.174623
brake: 0.0
steer: 0.5354241143971401
linkid: A219BS010384
trafficlightid: null
turn_signal_lamp: 2.0