position: 0.3926671520341794 0.9639996586489818 0.5568858254728686
orientation: 0.4923905727215282 0.6515553912218228 0.9804422191373501
enu_velocity: 0.14685365824970448 0.5924947449360433 0.6510008813220585
velocity: 0.7126481648824395 0.4615652812687104 0.7645495854112184
angularVelocity: 0.44726363605416286 0.014657541956922537 0.46112929757458027
acceleration: 0.6477240093573697 0.46080260002810913 0.44262444683096785
accel: 0.1281738
brake: 0.0
steer: 0.5345303867403316
linkid: A219BS010384
trafficlightid: null
turn_signal_lamp: 2.0