position: 0.39150246279873535 0.9645055896229282 0.5309324248183409
orientation: 0.4944308210263022 0.5984910058165208 0.9800509319950073
enu_velocity: 0.14642135769308334 0.5935264477811033 0.6428448013219292
velocity: 0.7139018050897117 0.4624291048935754 0.6928719854133112
angularVelocity: 0.4345214428794861 0.0 0.46139512524332577
acceleration: 0.6329233406693123 0.44472543631974876 0.44743409084511715
accel: 0.0920608
brake: 0.0
steer: 0.5352616184595386
linkid: A219BS010384
trafficlightid: null
turn_signal_lamp: 2.0