position: 0.3903369128706845 0.9650054250429738 0.5055723907198346
orientation: 0.49569906492895627 0.5465256101673799 0.9796607408950798
enu_velocity: 0.1462277088633036 0.5944110272257983 0.644994076345219
velocity: 0.7147533531008555 0.4631096166474598 0.6320842623685581
angularVelocity: 0.43643053062429743 0.016585948907791748 0.4619273557078231
acceleration: 0.6173670864490943 0.45172223323536076 0.46873615139230745
accel: 0.0
brake: 0.04457992
steer: 0.5345303867403316
linkid: A219BS010677
trafficlightid: null
turn_signal_lamp: 2.0