position: 0.3891720514967191 0.9655113560169202 0.4822471732980671
orientation: 0.49823558887171715 0.4981573034925067 0.9792765780284379
enu_velocity: 0.14677814202471107 0.5946981221945662 0.6454782648817127
velocity: 0.7142914331756068 0.46408816919388884 0.57324945347877
angularVelocity: 0.44770592687989763 0.05511106713430264 0.46275023354618644
acceleration: 0.517830927888418 0.4566734658305956 0.4545774589314684
accel: 0.0
brake: 0.1022473
steer: 0.5351803704907379
linkid: A219BS010677
trafficlightid: null
turn_signal_lamp: 2.0