position: 0.26968071979447283 0.3430821558755044 0.8769235148319745
orientation: 0.8376857401828453 0.5531127780151873 0.5002356217182777
enu_velocity: 0.8896690906295275 0.9991231854014355 0.5432310193048848
velocity: 0.9999022813757705 0.5156018913488493 0.7146348226672676
angularVelocity: 0.4410436882341759 0.48439411131414534 0.5234683807566866
acceleration: 0.5893245763415059 0.5182937929269466 0.4576443570198695
accel: 0.025011
brake: 0.0
steer: 0.5666233344166397
linkid: A219BS010380
trafficlightid: null
turn_signal_lamp: 0.0