position: 0.38571662888842956 0.9670169578309578 0.4433688915358047
orientation: 0.511215872783446 0.4071025812147728 0.9781482023616538
enu_velocity: 0.1548490024954448 0.5909603704730693 0.6755693539778252
velocity: 0.7019198066401697 0.46562036740461943 0.4869968494914976
angularVelocity: 0.44603342779693017 0.32408106694429417 0.4646623226067849
acceleration: 0.37820765108855925 0.4520208768190347 0.4855225126497137
accel: 0.0
brake: 0.1476501
steer: 0.5355053623659409
linkid: A219BS010677
trafficlightid: null
turn_signal_lamp: 2.0