position: 0.38124447010379503 0.9689919172955248 0.46324995547926173
orientation: 0.5432309455704192 0.4136506572414872 0.9767896577876088
enu_velocity: 0.16989786899349835 0.5825665718061298 0.6448388171649005
velocity: 0.6778643231719729 0.46612481072112977 0.45637535435590715
angularVelocity: 0.558541598853432 0.5705311884601031 0.4710904378293159
acceleration: 0.3082618449669881 0.44623682080218885 0.4137619438153448
accel: 0.0
brake: 0.1772085
steer: 0.5359116022099448
linkid: A219BS010677
trafficlightid: null
turn_signal_lamp: 2.0