position: 0.38015483326365884 0.9694734660538602 0.47342476871111705
orientation: 0.5593432625080216 0.4277171203218457 0.9764729015295219
enu_velocity: 0.17407785398912334 0.5802373223050723 0.6304394797093953
velocity: 0.6711813165470454 0.4651133977198024 0.45628274876416874
angularVelocity: 0.5655638306295376 0.598743255146631 0.4717905954636956
acceleration: 0.30021551182726774 0.4451562784811525 0.4301857782820117
accel: 0.0
brake: 0.179533
steer: 0.5362365940851479
linkid: A219BS010677
trafficlightid: null
turn_signal_lamp: 2.0