position: 0.37801119225730573 0.9704304680166276 0.49734116314441934
orientation: 0.5858993394145919 0.4641237217295219 0.9758470613102563
enu_velocity: 0.18250072575694792 0.5752375787493327 0.6178884679663937
velocity: 0.6575104311608819 0.4648915013146832 0.4798883675343282
angularVelocity: 0.5270189346663551 0.6372783398563607 0.47252432861606886
acceleration: 0.2959919063166813 0.46430774957391435 0.4369312479296168
accel: 0.0
brake: 0.1817023
steer: 0.5368053298667534
linkid: A219BS010677
trafficlightid: null
turn_signal_lamp: 2.0