position: 0.3699084599189095 0.9740878003584186 0.6289160003152943
orientation: 0.6539437777847322 0.6371185001740423 0.9734324798688522
enu_velocity: 0.21634205201959883 0.5544864361420077 0.7515255273704449
velocity: 0.602047633444438 0.4642007250853709 0.762979737512851
angularVelocity: 0.40286031155774665 0.6042951240594132 0.4700455907144356
acceleration: 0.28879947503724446 0.5514745910528445 0.45933589023179866
accel: 0.0
brake: 0.1869545
steer: 0.5386740331491714
linkid: A219BS010677
trafficlightid: null
turn_signal_lamp: 2.0