position: 0.3689488737316522 0.9745266802394328 0.6436786390959224
orientation: 0.6516940406666318 0.649372022144002 0.9731327122682057
enu_velocity: 0.2202959997368013 0.5513016232002159 0.7577381387318334
velocity: 0.5950777030019383 0.4693883662329499 0.7757135295723138
angularVelocity: 0.3990588052146353 0.5639290744901408 0.47550699676709207
acceleration: 0.2912907643552116 0.5246181308446778 0.4593581529644867
accel: 0.0
brake: 0.1888611
steer: 0.5242118947026325
linkid: A219BS010677
trafficlightid: null
turn_signal_lamp: 2.0