position: 0.36800116510236797 0.9749594645665454 0.6563196092684875
orientation: 0.6482862788766253 0.6571618781977251 0.9728554135370776
enu_velocity: 0.22433330509287908 0.5482016105516903 0.7648783016139379
velocity: 0.5880634003270077 0.47307347191376287 0.7846559859225548
angularVelocity: 0.38656786557278106 0.5254334255053777 0.47889095482883076
acceleration: 0.28871977144022953 0.5141052552923927 0.4608563812809842
accel: 0.0
brake: 0.1890712
steer: 0.5241306467338317
linkid: A219BS010677
trafficlightid: null
turn_signal_lamp: 2.0