position: 0.3661406058943725 0.9758128421129619 0.6758985160727162
orientation: 0.6302109393706778 0.660950613310405 0.972187923706022
enu_velocity: 0.23326552783199062 0.5435950134158152 0.7738496897958201
velocity: 0.5740482562161986 0.4651258705591348 0.7863893323939067
angularVelocity: 0.3186895633471555 0.4595403443599205 0.46617600730768266
acceleration: 0.29135981035568204 0.4400200967615031 0.45079607200091226
accel: 0.0
brake: 0.1890107
steer: 0.5241306467338317
linkid: A219BS010677
trafficlightid: null
turn_signal_lamp: 2.0