position: 0.3652278413849219 0.9762273397783652 0.6831802111888643
orientation: 0.6183886439934024 0.6581518242232165 0.9718256816876906
enu_velocity: 0.237497334345444 0.5410367009539114 0.7710948626769534
velocity: 0.5671718066004492 0.46447585189404306 0.7753891484035126
angularVelocity: 0.31125067940733114 0.43506603512145664 0.4647212334610082
acceleration: 0.29472639285271124 0.4559838728782405 0.431628681346171
accel: 0.0
brake: 0.1904436
steer: 0.502599935001625
linkid: A219BS010677
trafficlightid: null
turn_signal_lamp: 2.0