position: 0.3643266101564018 0.9766418374437675 0.6885226997375464
orientation: 0.6047025594929076 0.652509345689152 0.9714305583968934
enu_velocity: 0.24207262888002967 0.5390068067049856 0.7610956544125977
velocity: 0.5602332857157375 0.45831402192711024 0.7550201037845341
angularVelocity: 0.2861724495498221 0.41061656321958995 0.4557322859146735
acceleration: 0.2892368932497067 0.30464407343465294 0.4194843042088954
accel: 0.0
brake: 0.1916053
steer: 0.5021936951576211
linkid: A219BS010677
trafficlightid: null
turn_signal_lamp: 2.0