position: 0.3634372564858546 0.9770502395552674 0.6921128228483346
orientation: 0.5885792206322304 0.6446325397325421 0.9709565200521783
enu_velocity: 0.24687413115855705 0.5371610210445721 0.7489943072232323
velocity: 0.5531481868946814 0.4503772150552471 0.7305618508561657
angularVelocity: 0.27560123484792565 0.3913090832305316 0.44550492135187764
acceleration: 0.28395514065363037 0.3625131722932894 0.415531051017583
accel: 0.0
brake: 0.1898409
steer: 0.5250243743906403
linkid: A219BS010677
trafficlightid: null
turn_signal_lamp: 2.0