position: 0.36000171587678087 0.9786472746778498 0.6947760387928898
orientation: 0.5602806680311687 0.6001726311924366 0.9691601065331308
enu_velocity: 0.2641416063886386 0.5268963031363236 0.7024729261418363
velocity: 0.5252881584188511 0.4480292118843898 0.623665263049584
angularVelocity: 0.37023956830047 0.35550370355233424 0.446337011138326
acceleration: 0.28605940696565285 0.37819740733671425 0.41189361724798024
accel: 0.0
brake: 0.1907907
steer: 0.5016249593760157
linkid: A219BS010677
trafficlightid: null
turn_signal_lamp: 2.0