position: 0.35676120821239493 0.9801711631535959 0.6874921541322543
orientation: 0.5755768567368993 0.5346895546368957 0.9670272079925168
enu_velocity: 0.2827961595482255 0.5189256885834899 0.7586991729504324
velocity: 0.4972825491354951 0.4231515861617911 0.6052107649204437
angularVelocity: 0.4195829538660907 0.31208791011809567 0.42529554339040737
acceleration: 0.283942732166225 0.29966437886614866 0.46411517366092425
accel: 0.0
brake: 0.1893409
steer: 0.5028436789080274
linkid: A219BS010677
trafficlightid: null
turn_signal_lamp: 2.0