position: 0.3559817649877288 0.980542991941677 0.6869652037590099
orientation: 0.5748048884722321 0.518452586788119 0.9664052039217056
enu_velocity: 0.2871268360627989 0.5163745279535483 0.7632475236717288
velocity: 0.4903260799320473 0.42338173301445736 0.5919617125581728
angularVelocity: 0.42558756446480683 0.32523696389372575 0.42787575154473656
acceleration: 0.2945421686838705 0.5430991605942677 0.45967071543380367
accel: 0.0
brake: 0.1872666
steer: 0.5038186545336367
linkid: A219BS010677
trafficlightid: null
turn_signal_lamp: 2.0