position: 0.35445928583566183 0.9812744584100344 0.6888168285469893
orientation: 0.5807711819136964 0.49056165931203516 0.965333274439321
enu_velocity: 0.29488472184033215 0.5103093657734983 0.7669220029080576
velocity: 0.4768458954324545 0.4335705233946122 0.564821298239709
angularVelocity: 0.45884832185911095 0.35361570029422634 0.4426329254856526
acceleration: 0.30200751056053626 0.4961351402108918 0.44784147547576875
accel: 0.0
brake: 0.1841019
steer: 0.47343191420214503
linkid: A219BS010677
trafficlightid: null
turn_signal_lamp: 2.0