position: 0.35155048910191455 0.982688626915527 0.7006739417931493
orientation: 0.5820725277230274 0.4539000167342927 0.9629537663552136
enu_velocity: 0.31184757518765277 0.5026681441670374 0.7379034552887492
velocity: 0.45123688526477057 0.41380372308953994 0.4968094670469716
angularVelocity: 0.41327224372908467 0.39997347051229515 0.4198002742562541
acceleration: 0.3365422341519636 0.41128783447805195 0.4247018210784934
accel: 0.0
brake: 0.1474966
steer: 0.40981475463113426
linkid: A219BS010677
trafficlightid: null
turn_signal_lamp: 2.0