position: 0.35084945497372266 0.9830299779340939 0.7040020494136399
orientation: 0.5807160361608698 0.4473059356565016 0.962286276524158
enu_velocity: 0.31558434983342964 0.5009192147451976 0.7288093570585925
velocity: 0.4455664629552018 0.41096929685163275 0.48060252930112424
angularVelocity: 0.4076593389486198 0.40883145135298593 0.4160230780618894
acceleration: 0.3462123282509285 0.39888255684569535 0.433559856916738
accel: 0.0
brake: 0.1408912
steer: 0.4740818979525513
linkid: A219BS010677
trafficlightid: null
turn_signal_lamp: 2.0