position: 0.35015788846420504 0.9833713289526615 0.7077133273193845
orientation: 0.5732609158054449 0.4421644524850139 0.9614719170094221
enu_velocity: 0.3204818241992511 0.5010712422589082 0.7192628384602555
velocity: 0.43983347081226154 0.38903273484315937 0.4662375882783295
angularVelocity: 0.34364489745491433 0.42131730378665416 0.38716013092667134
acceleration: 0.33575060310577587 0.18931968672496752 0.43164695399411623
accel: 0.0
brake: 0.1294082
steer: 0.4751381215469614
linkid: A219BS010677
trafficlightid: null
turn_signal_lamp: 2.0