position: 0.2733912516914009 0.34782449681202543 0.8748310401504071
orientation: 0.8475010337118345 0.5610020562939328 0.5002700922522461
enu_velocity: 0.8894952157999717 0.99888370119973 0.5395239011705659
velocity: 0.9995188853449921 0.5155112459606815 0.7243187341460883
angularVelocity: 0.445430970876423 0.47919044192748916 0.5233773450927635
acceleration: 0.5935061962505053 0.5170485125511932 0.45249693110162126
accel: 0.02979784
brake: 0.0
steer: 0.566135846603835
linkid: A219BS010380
trafficlightid: null
turn_signal_lamp: 2.0