position: 0.34947596171188283 0.9837126799712284 0.7116187448363243
orientation: 0.5705700488021843 0.4380544659893316 0.9607112635730469
enu_velocity: 0.32299653153808144 0.49802864860413615 0.7115179223994941
velocity: 0.43474312819295374 0.4031704685565197 0.4524990865879722
angularVelocity: 0.40984024700018473 0.4294447557476673 0.40454641864942525
acceleration: 0.37190596650317403 0.5339135995757862 0.4321184805490128
accel: 0.0
brake: 0.1208899
steer: 0.476763080922977
linkid: A219BS010677
trafficlightid: null
turn_signal_lamp: 2.0