position: 0.3468307090543202 0.9850354151681762 0.7292285212984289
orientation: 0.5708567633519395 0.4307578368232553 0.9578763498652882
enu_velocity: 0.3344736340129169 0.4924150735279844 0.685257523239057
velocity: 0.4172445145541228 0.40138250647183127 0.4146247947547914
angularVelocity: 0.38841458362897036 0.4603978455187931 0.399831368795334
acceleration: 0.41119161825707184 0.13627654174903514 0.4415028370313579
accel: 0.0
brake: 0.09745682
steer: 0.40428989275268123
linkid: A219BS010677
trafficlightid: null
turn_signal_lamp: 2.0