position: 0.3461879438156048 0.9853584795250336 0.7341768918394216
orientation: 0.5620672314179591 0.43132529184521085 0.9569984198904518
enu_velocity: 0.338339110125669 0.49271299841372374 0.6783830675573124
velocity: 0.41290650562850123 0.3841660661389089 0.407424317600556
angularVelocity: 0.33117838013992446 0.4697903059100887 0.37893055926440855
acceleration: 0.4041955912568123 0.23093722899751873 0.4401553127366082
accel: 0.0
brake: 0.08366744
steer: 0.40428989275268123
linkid: A219BS010677
trafficlightid: null
turn_signal_lamp: 2.0