position: 0.274318906182948 0.34900703426920376 0.8733822915480665
orientation: 0.8508426639633924 0.5616053603332262 0.5002763944961354
enu_velocity: 0.8895616973524489 0.9989478633493338 0.5374893739561343
velocity: 0.9996350508523669 0.5150485866559346 0.7235147571631994
angularVelocity: 0.44914995002698505 0.47320649011651106 0.523057278683443
acceleration: 0.5909534095554488 0.5126248015333562 0.45228609591438546
accel: 0.02860497
brake: 0.0
steer: 0.5660545986350342
linkid: A219BS010380
trafficlightid: null
turn_signal_lamp: 2.0