position: 0.3430753350725808 0.9869616102015177 0.7595077320114321
orientation: 0.466849090937081 0.4715440050607694 0.9513565415565306
enu_velocity: 0.35425053215073454 0.4947257282659403 0.5313433599501333
velocity: 0.39601763626228664 0.32372636145193034 0.28415511349416944
angularVelocity: 0.3128835519740393 0.5531162647628532 0.313921573896532
acceleration: 0.43248031960609523 0.12112495220536568 0.40398090866109204
accel: 0.0
brake: 0.05609111
steer: 0.32060448488787785
linkid: A219BS010677
trafficlightid: null
turn_signal_lamp: 2.0