position: 0.3424737970097284 0.9872785790044736 0.7623957411900029
orientation: 0.4559862449291022 0.4818016347722069 0.9499667597736433
enu_velocity: 0.35774337063857586 0.4957388363478986 0.5129839080179123
velocity: 0.39279790730680286 0.3073228110387808 0.27176157286499203
angularVelocity: 0.33595574682022067 0.5523436472094385 0.2992677344130913
acceleration: 0.4512653231497461 0.1840512297106791 0.41324324870187074
accel: 0.0
brake: 0.04375242
steer: 0.32198570035749113
linkid: A219BS010677
trafficlightid: null
turn_signal_lamp: 2.0