position: 0.340708344334778 0.9882294854133393 0.7665120848258726
orientation: 0.43855053833601915 0.5097143709944245 0.9453787262222505
enu_velocity: 0.36659189480777377 0.4988198455572105 0.48818338141496626
velocity: 0.3852645990817548 0.2705920658961655 0.2626222206332583
angularVelocity: 0.3994998720553119 0.5380683091287609 0.26760897590802885
acceleration: 0.48106464821938205 0.20694831182907236 0.44911747722320006
accel: 0.0
brake: 0.03373719
steer: 0.2416314592135197
linkid: A219BS010677
trafficlightid: null
turn_signal_lamp: 2.0