position: 0.33956259033668224 0.9888695185731526 0.7672740463074064
orientation: 0.4334444608187258 0.5255097117339891 0.9419492095040689
enu_velocity: 0.3721345811636625 0.5006948515596409 0.4940630059994172
velocity: 0.3806842878531965 0.25192503081550993 0.27640423474383913
angularVelocity: 0.4479074215951509 0.5256365553396151 0.2541773804729904
acceleration: 0.5219801662128307 0.553638360786735 0.47259671979729295
accel: 0.0
brake: 0.01627485
steer: 0.3399415014624635
linkid: A219BS010677
trafficlightid: null
turn_signal_lamp: 2.0