position: 0.33899840633296247 0.9891864873761067 0.7670602007958265
orientation: 0.4400393652499797 0.5314645684847368 0.9403067899444029
enu_velocity: 0.37335375055678305 0.5006652225415118 0.502980489730686
velocity: 0.3794583179706424 0.2582939523159466 0.28842874819388575
angularVelocity: 0.5063383683743681 0.5119791750691649 0.2648435074457628
acceleration: 0.5289174698561301 0.40733363017662694 0.47880108847094516
accel: 0.0
brake: 0.03529353
steer: 0.3450601234969126
linkid: A219BS010677
trafficlightid: null
turn_signal_lamp: 2.0