position: 0.335196554950459 0.9914540334280169 0.8311970677620228
orientation: 0.5152411875027147 0.6203614008570124 0.928778615817898
enu_velocity: 0.3895828180302744 0.5041075014339423 0.6955067296632107
velocity: 0.3651958859128033 0.22491197019804077 0.5290284522396689
angularVelocity: 0.2942094031887106 0.5758280157843282 0.21828281156588342
acceleration: 0.4986960430627801 0.18788584769422734 0.47597945130212105
accel: 0.0
brake: 0.009534354
steer: 0.2699870003249919
linkid: A219BS010677
trafficlightid: null
turn_signal_lamp: 2.0