position: 0.3341539979959117 0.9921001621417336 0.8539289186277688
orientation: 0.47971908334315666 0.6416523674462984 0.9247840892345126
enu_velocity: 0.3942453056779167 0.5063417337389308 0.7018688910907478
velocity: 0.3623809912576993 0.21109220555309888 0.5443755182904764
angularVelocity: 0.2851415098850181 0.5353571030373037 0.20510189217776698
acceleration: 0.5310347612736437 0.31779411882037634 0.4596018614246273
accel: 0.003491308
brake: 0.0
steer: 0.18947026324341892
linkid: A219BS010677
trafficlightid: null
turn_signal_lamp: 2.0