position: 0.3336398202326437 0.9924232264985919 0.8633279032630055
orientation: 0.4631877165039963 0.6486119231978633 0.9227569587869968
enu_velocity: 0.3965548407178713 0.5075179035896271 0.700783351504953
velocity: 0.3610946950816156 0.20397756372940723 0.5456685086052568
angularVelocity: 0.2843848576218506 0.5176385959591289 0.19637523229429366
acceleration: 0.4988323080471705 0.11206391807370597 0.45096543511564013
accel: 0.0
brake: 0.006796747
steer: 0.19393890152746185
linkid: A219BS010677
trafficlightid: null
turn_signal_lamp: 2.0