position: 0.3331308926942768 0.9927462908554494 0.8718525297997004
orientation: 0.44440657640928294 0.6542818408406259 0.9206262523312138
enu_velocity: 0.3995156222272719 0.5089143498647589 0.6962664188647804
velocity: 0.3593292785081613 0.19160666247489755 0.542383102880278
angularVelocity: 0.27166298642409326 0.5074787701359708 0.1829156737875653
acceleration: 0.4964274213869035 0.1756040842854925 0.44269259315273474
accel: 0.02121144
brake: 0.0
steer: 0.19848878778030554
linkid: A219BS010677
trafficlightid: null
turn_signal_lamp: 2.0