position: 0.3326273014500717 0.9930754507662112 0.879360477846189
orientation: 0.42587904895764767 0.6586214962396304 0.9184314273941225
enu_velocity: 0.4021418310621928 0.5102983315184709 0.6893818196311302
velocity: 0.35796620341304014 0.1819948027480527 0.5360981305355167
angularVelocity: 0.2793327062959879 0.4960004933050687 0.17335884781832017
acceleration: 0.5213973098703808 0.19125924362037533 0.4389112300768104
accel: 0.0300085
brake: 0.0
steer: 0.2035261618459539
linkid: A219BS010677
trafficlightid: null
turn_signal_lamp: 2.0