position: 0.27617438730456373 0.35137820473746384 0.8703731275745392
orientation: 0.8558274641894106 0.5623212716237993 0.5002848888248557
enu_velocity: 0.8896309063532328 0.9990383851081694 0.5419442693509796
velocity: 0.9997773909912321 0.5146678117180735 0.7292219473508434
angularVelocity: 0.4344506812433087 0.47288147521159957 0.5226685301112206
acceleration: 0.5893872293065635 0.5178738754068298 0.4650339204912401
accel: 0.02685708
brake: 0.0
steer: 0.566135846603835
linkid: A219BS010380
trafficlightid: null
turn_signal_lamp: 2.0