position: 0.33212853008446436 0.9934046106769712 0.8856685555137109
orientation: 0.40839925467226545 0.6614345394092594 0.916179608251424
enu_velocity: 0.404535490835859 0.5119687951267826 0.6807359227696888
velocity: 0.35713734008252107 0.1725248083184298 0.5275814680689467
angularVelocity: 0.2908341113925852 0.4835903861438637 0.1645734853162638
acceleration: 0.5380450694532729 0.18669182572127707 0.434179918312199
accel: 0.02428487
brake: 0.0
steer: 0.20961975950601236
linkid: A219BS010677
trafficlightid: null
turn_signal_lamp: 2.0