position: 0.33114570519682496 0.9940690260523972 0.895267518545442
orientation: 0.3786890647562192 0.6642226379346176 0.9115417047701246
enu_velocity: 0.4093575171628947 0.5148632436909093 0.6574698193424429
velocity: 0.35520565227855366 0.15691132217573667 0.5029402711373135
angularVelocity: 0.32772823400758333 0.4724409075379237 0.1518030876189137
acceleration: 0.5286898616567843 0.2086614004088705 0.4239644426039271
accel: 0.03064094
brake: 0.0
steer: 0.11488462788430298
linkid: A219BS010677
trafficlightid: null
turn_signal_lamp: 2.0