position: 0.33066182381331427 0.9943981859631572 0.898632118574052
orientation: 0.3680026779297952 0.6645950258383752 0.9092005581705606
enu_velocity: 0.41112101705183635 0.5161215574401428 0.6439323785946998
velocity: 0.35481527634604454 0.1549734386823028 0.48879786257225544
angularVelocity: 0.3611304802496624 0.46599958950995374 0.15354334261237956
acceleration: 0.5572866596580281 0.28982942455567107 0.4229289607475215
accel: 0.01959047
brake: 0.0
steer: 0.12024699382515441
linkid: A219BS010677
trafficlightid: null
turn_signal_lamp: 2.0