position: 0.33018310658544403 0.9947395369817249 0.9016449317883908
orientation: 0.35698541658641136 0.6655179776763963 0.9067739202625856
enu_velocity: 0.4145018085539257 0.5177769000323059 0.6291167156579278
velocity: 0.3531246444339904 0.13942549678029376 0.47285391773100605
angularVelocity: 0.347476047186154 0.47530940015035766 0.13525846852205947
acceleration: 0.49592933099982717 0.11210181622679238 0.41673065274065074
accel: 0.04433966
brake: 0.0
steer: 0.1256093597660059
linkid: A219BS010677
trafficlightid: null
turn_signal_lamp: 2.0