position: 0.32971058634434236 0.9950747924463892 0.904374563915723
orientation: 0.34579173219892567 0.6672473542284877 0.9042749435551858
enu_velocity: 0.4174953194430074 0.5191042800444885 0.6125949252438178
velocity: 0.35161798278898077 0.12908452362675543 0.4557185696883237
angularVelocity: 0.3515689767217167 0.4808782371800732 0.12557769276695485
acceleration: 0.5212518793529621 0.163488489701829 0.41247104246490235
accel: 0.06759634
brake: 0.0
steer: 0.13072798180045503
linkid: A219BS010677
trafficlightid: null
turn_signal_lamp: 2.0