position: 0.32924323025888114 0.9954161434649569 0.906167800850711
orientation: 0.3362081520166758 0.6686959253565017 0.9017343172359961
enu_velocity: 0.4199260725136454 0.5206218987868654 0.5953605009370667
velocity: 0.35090603281245075 0.12190610425350323 0.4384295765866555
angularVelocity: 0.37000769963100677 0.4779620047545144 0.11977674362890661
acceleration: 0.5409909281015699 0.1935693431866486 0.41427221029225586
accel: 0.05915678
brake: 0.0
steer: 0.13722781930451744
linkid: A219BS010677
trafficlightid: null
turn_signal_lamp: 2.0