position: 0.328323752347098 0.9960988455020896 0.9071698823776702
orientation: 0.323602833927951 0.670840452059672 0.8965719574588674
enu_velocity: 0.42448902534464295 0.523440946608305 0.5640431551581039
velocity: 0.34972169305807604 0.11143492596415844 0.40717815414907055
angularVelocity: 0.4095555633754601 0.47609678817530543 0.1119261608318875
acceleration: 0.5426793045461501 0.21138883996054914 0.41877946345208017
accel: 0.06021016
brake: 0.0
steer: 0.048748781280468
linkid: A219BS010677
trafficlightid: null
turn_signal_lamp: 2.0