position: 0.3278714583822548 0.9964462920745598 0.9066640976011353
orientation: 0.3197539675490011 0.6718981049767558 0.8939557042130064
enu_velocity: 0.42674142034257095 0.5248245195859049 0.5499541116483703
velocity: 0.3491944611952046 0.10671150057620632 0.39333492617276433
angularVelocity: 0.4219806373213699 0.47698419953903226 0.10826012280548147
acceleration: 0.5444293047364643 0.21239674671206676 0.4216086068783718
accel: 0.06184146
brake: 0.0
steer: 0.05443613909652267
linkid: A219BS010677
trafficlightid: null
turn_signal_lamp: 2.0