position: 0.2771021278653716 0.3525607421946422 0.8687842481250201
orientation: 0.8576581875434055 0.5623198462155553 0.5002881769521024
enu_velocity: 0.8896401114912682 0.9991002995391565 0.541985507826603
velocity: 0.9998499321127903 0.5147803587761 0.7292949331138238
angularVelocity: 0.43512121468277176 0.46753392601642896 0.522680336179584
acceleration: 0.5894429517888395 0.5184501864834626 0.4550738929025633
accel: 0.02562805
brake: 0.0
steer: 0.5660545986350342
linkid: A219BS010380
trafficlightid: null
turn_signal_lamp: 2.0