position: 0.3274249310578767 0.9967876430931275 0.90294041227663
orientation: 0.30518561605069533 0.6704402686951556 0.8912325868316314
enu_velocity: 0.4305236240492073 0.5264326600871175 0.4817130609990124
velocity: 0.34745197858457966 0.08969561501963064 0.3233308539683065
angularVelocity: 0.23903089453035503 0.4255763262323933 0.08763269692224751
acceleration: 0.49611713307607924 0.06860225474064474 0.14956090779278342
accel: 0.1011831
brake: 0.0
steer: 0.05996100097497559
linkid: A219BS010677
trafficlightid: null
turn_signal_lamp: 2.0