position: 0.32654779922234534 0.9974886317919704 0.8883573161439495
orientation: 0.2649264302896612 0.6625645317947285 0.885526041995194
enu_velocity: 0.4362719259143217 0.5293363038637671 0.4539713441965687
velocity: 0.3456249893065725 0.07285834193564689 0.2859721712348895
angularVelocity: 0.2931906651249555 0.43752725098221845 0.06551281645743778
acceleration: 0.5417379647187879 0.15988049346770872 0.42510451906915414
accel: 0.1204961
brake: 0.0
steer: 0.07279818004549887
linkid: A219BS010677
trafficlightid: null
turn_signal_lamp: 2.0