position: 0.326117194711192 0.9978360783644407 0.8803844548180197
orientation: 0.24978890307002835 0.658728758209995 0.8826187894880108
enu_velocity: 0.43868283679852804 0.530870473988685 0.4453012105296891
velocity: 0.3453131372685336 0.06780913870451011 0.2733645564741511
angularVelocity: 0.3271759107500695 0.4391011881266919 0.06276232112930352
acceleration: 0.5511828790279054 0.19176158594104337 0.43587981527609276
accel: 0.1224953
brake: 0.0
steer: 0.08051673708157303
linkid: A219BS010677
trafficlightid: null
turn_signal_lamp: 2.0