position: 0.32569201256346114 0.9981957160447168 0.8722196434253817
orientation: 0.23866673470144428 0.6550137879739446 0.8797027686415032
enu_velocity: 0.4409286347808641 0.532355602980148 0.4405560928546127
velocity: 0.3451540952219558 0.06433759064671318 0.2651915462081847
angularVelocity: 0.3643040440083828 0.44150581013706064 0.06153115269631937
acceleration: 0.5559276333969491 0.20545570764597543 0.44554343157147797
accel: 0.1238757
brake: 0.0
steer: 0.0
linkid: A219BS010677
trafficlightid: null
turn_signal_lamp: 2.0