position: 0.3244502913397136 0.9992746290855434 0.8500388279222393
orientation: 0.21464779607433065 0.6484618989801774 0.8706763113284369
enu_velocity: 0.4502840040782171 0.5370296316745238 0.4428212467376811
velocity: 0.34277195447415437 0.033379155412108064 0.2584639505266398
angularVelocity: 0.3815903888103286 0.46892040458185763 0.031044066727028585
acceleration: 0.5328555431301514 0.09256723623345758 0.46207814236666894
accel: 0.1930864
brake: 0.0
steer: 0.020555736106597333
linkid: A219BS010677
trafficlightid: null
turn_signal_lamp: 2.0