position: 0.32404843396162547 0.9996342667658213 0.8439059138136902
orientation: 0.20785135306934538 0.6479366360422456 0.8675334097019155
enu_velocity: 0.453106930122263 0.5387918430700077 0.45051104650755713
velocity: 0.3425852421028585 0.025116871034551347 0.2645171472943384
angularVelocity: 0.4038567157191429 0.4727963320473702 0.024570913110307735
acceleration: 0.5539937363782594 0.1358480010949038 0.47924669299263833
accel: 0.1964101
brake: 0.0
steer: 0.0287617809554761
linkid: A219BS010677
trafficlightid: null
turn_signal_lamp: 2.0