position: 0.3236520850162205 1.0 0.8383736647427871
orientation: 0.20403173273086897 0.6475624663781829 0.8643647510786292
enu_velocity: 0.4556099435264782 0.5405291252226518 0.4623667043025357
velocity: 0.34272010377558354 0.019737296563308804 0.2753517399300139
angularVelocity: 0.4330977876087578 0.4743194630718494 0.021348615317278163
acceleration: 0.5653124464741245 0.16627070512659214 0.4836991600148026
accel: 0.1985647
brake: 0.0
steer: 0.037780305492362665
linkid: A219BS010677
trafficlightid: null
turn_signal_lamp: 2.0