position: 0.0018112587354812693 0.0023163104831338543 0.3622827606944652
orientation: 0.4156668939230609 0.0936446177867572 0.5004395404096864
enu_velocity: 0.8827492133442454 0.9828609412096936 0.6227175886138001
velocity: 0.977773250785243 0.5026831444769967 0.009843137289097748
angularVelocity: 0.8291481331741644 0.8720224683250465 0.5126288192771467
acceleration: 0.7833043421332093 0.3723114866079895 0.23027353152079486
accel: 0.3817991
brake: 0.0
steer: 0.5571173220669484
linkid: A219BS010380
trafficlightid: null
turn_signal_lamp: 0.0