position: 0.026879120259233044 0.03407414631767658 0.6259579257131347
orientation: 0.6611232055134766 0.5120631943341731 0.49791442309067635
enu_velocity: 0.8941613684562761 0.995367860607117 0.8373421308747997
velocity: 0.9990153352915639 0.5111434466624466 0.9297381668452798
angularVelocity: 0.45033156990236045 0.41698966317947306 0.5143595241875115
acceleration: 0.590722923805036 0.508787335818143 0.4363570669426171
accel: 0.03907214
brake: 0.0
steer: 0.5636171595710108
linkid: A219BS010380
trafficlightid: null
turn_signal_lamp: 0.0