position: 0.27895769505624796 0.354931912662904 0.8644730350297922
orientation: 0.8616282480974895 0.5603755893706737 0.5002936023620591
enu_velocity: 0.8896055069908761 0.9990342983470482 0.5417854285094131
velocity: 0.9997569498504494 0.5146998241612325 0.7257382505565491
angularVelocity: 0.4344671591421548 0.4596009032932057 0.5226549366869451
acceleration: 0.5715025384111199 0.5166047410282644 0.4604568798109823
accel: 0.02415997
brake: 0.0
steer: 0.5659733506662334
linkid: A219BS010380
trafficlightid: null
turn_signal_lamp: 2.0