position: 0.28081214334673554 0.3573030831311632 0.8608267136105006
orientation: 0.8637234976052794 0.5590763297562238 0.5002977125211174
enu_velocity: 0.889454985937447 0.9987494510968971 0.5462372449323084
velocity: 0.9993451356483389 0.5148052956213091 0.7275778057009118
angularVelocity: 0.4251555895381407 0.4624991171775206 0.522440327846192
acceleration: 0.5932734670760199 0.5184008774573193 0.45999774494214224
accel: 0.03570732
brake: 0.0
steer: 0.5659733506662334
linkid: A219BS010380
trafficlightid: null
turn_signal_lamp: 2.0