position: 0.027817860471555066 0.03525668377485491 0.6333060370120602
orientation: 0.6641999482367127 0.5048223342656453 0.49786696445408407
enu_velocity: 0.8942375665433462 0.9954140410077872 0.8241003073406461
velocity: 0.9991327472099624 0.511650921620925 0.9045296516652002
angularVelocity: 0.44484978452125545 0.40144664579441297 0.5151898806601545
acceleration: 0.5909625103816409 0.509763349816217 0.4233526031048871
accel: 0.03747059
brake: 0.0
steer: 0.5640233994150147
linkid: A219BS010380
trafficlightid: null
turn_signal_lamp: 0.0