position: 0.287304347679395 0.36559913199312444 0.8463348484981186
orientation: 0.8658411523337457 0.5479356952728045 0.5003068096731662
enu_velocity: 0.8895158421277916 0.9990996865249884 0.5595637716131713
velocity: 0.9997646775987941 0.5154913653854681 0.7216545357992115
angularVelocity: 0.41041727180615445 0.45976082949820907 0.5223824795886929
acceleration: 0.571204460660908 0.5187422063292064 0.4644788772801649
accel: 0.02416899
brake: 0.0
steer: 0.5658921026974326
linkid: A219BS010380
trafficlightid: null
turn_signal_lamp: 2.0