position: 0.2919392634359646 0.3715240103868238 0.8429191590981413
orientation: 0.8593674890563145 0.5457257066960262 0.5003059876413546
enu_velocity: 0.8894674299203466 0.9990927390310822 0.5716195087253397
velocity: 0.99971905895534 0.515926056203038 0.729491218600644
angularVelocity: 0.40581935281025056 0.46818758068638955 0.5220084817351065
acceleration: 0.5905750359503569 0.5171883186844953 0.45586159272287424
accel: 0.0277359
brake: 0.0
steer: 0.5658108547286319
linkid: A219BS010380
trafficlightid: null
turn_signal_lamp: 2.0