position: 0.2928665736504691 0.37270654784400215 0.8426002154511776
orientation: 0.8583968370766795 0.5456894656914213 0.5003047271925767
enu_velocity: 0.8895032276793728 0.9991489319964992 0.5704067223203564
velocity: 0.9998050613159503 0.5158519223101111 0.7283097561124485
angularVelocity: 0.4095157264867689 0.4691451757381382 0.5219585753866067
acceleration: 0.5900325292684245 0.5151202891981979 0.4539516708340709
accel: 0.02649087
brake: 0.0
steer: 0.5658921026974326
linkid: A219BS010380
trafficlightid: null
turn_signal_lamp: 2.0