position: 0.29564850429398254 0.37626635132334485 0.8421170559676765
orientation: 0.8564118067996376 0.5462752728445189 0.5003008910441225
enu_velocity: 0.8895148193346765 0.9990994821869321 0.571826815996507
velocity: 0.9997594426724962 0.5156271638653718 0.730689423342713
angularVelocity: 0.41329707150099965 0.47269312732110613 0.521889920294338
acceleration: 0.5713114400925079 0.5149944337279447 0.45596678035784177
accel: 0.02432101
brake: 0.0
steer: 0.5657296067598311
linkid: A219BS010380
trafficlightid: null
turn_signal_lamp: 2.0