position: 0.028756919140141585 0.03643312567813073 0.6390470226574063
orientation: 0.6659204523599599 0.4960055784777038 0.49782323236170456
enu_velocity: 0.8943001273888824 0.9954616517748498 0.8065499876930888
velocity: 0.9992451734842672 0.5121685073527035 0.8724306526252639
angularVelocity: 0.43008498663752565 0.3883160551081991 0.5157669650815604
acceleration: 0.5907070949903968 0.512047167703777 0.41328725254596516
accel: 0.03590074
brake: 0.0
steer: 0.5641046473838155
linkid: A219BS010380
trafficlightid: null
turn_signal_lamp: 0.0