position: 0.30028359218907347 0.3821912297170442 0.8411587653304606
orientation: 0.850633066737708 0.5460016657320739 0.5002874097224115
enu_velocity: 0.8894935111447799 0.9990379764320574 0.5779733505552292
velocity: 0.9996759331339324 0.5158627061927293 0.7361001361180118
angularVelocity: 0.3967447122889247 0.463935100985929 0.5217262076154946
acceleration: 0.5901455919038806 0.5184348615137044 0.46018988604960465
accel: 0.02854437
brake: 0.0
steer: 0.5658921026974326
linkid: A219BS010380
trafficlightid: null
turn_signal_lamp: 2.0