position: 0.30584633457571153 0.38930474112182534 0.8377824877312525
orientation: 0.8350831208390885 0.5385150652822721 0.5002910266623826
enu_velocity: 0.8892168456071632 0.9988364991087797 0.5776037557892303
velocity: 0.9992718466801667 0.5172874136154292 0.722483364565194
angularVelocity: 0.3940139939741686 0.4562189600512521 0.5228431775410127
acceleration: 0.5648227908134563 0.5188060562782971 0.45810503941818875
accel: 0.0382768
brake: 0.0
steer: 0.566135846603835
linkid: A219BS010380
trafficlightid: null
turn_signal_lamp: 2.0