position: 0.30677287016687 0.39048727857900456 0.8369234564441215
orientation: 0.8322268165773481 0.5368492975730713 0.5002949176129579
enu_velocity: 0.8892117316415881 0.9988869706086272 0.5788081649668287
velocity: 0.9993229495321235 0.5174309625692918 0.7208129759443459
angularVelocity: 0.3901903335015038 0.4538979776284717 0.5228904042934619
acceleration: 0.5922464066771365 0.5197861730966689 0.4605072083131166
accel: 0.03638474
brake: 0.0
steer: 0.566135846603835
linkid: A219BS010380
trafficlightid: null
turn_signal_lamp: 2.0