position: 0.3086263716954902 0.39285844904726464 0.8350397183369971
orientation: 0.8257863997564046 0.5329275006008094 0.5003046175883352
enu_velocity: 0.8892497454523635 0.9991305415714535 0.5804096136814791
velocity: 0.9996123661717423 0.5178211734044438 0.7157727727352394
angularVelocity: 0.388942400410647 0.452885734269896 0.5231624865675616
acceleration: 0.5909604983796647 0.5206487887627527 0.4571555183953403
accel: 0.02935996
brake: 0.0
steer: 0.5658921026974326
linkid: A219BS010380
trafficlightid: null
turn_signal_lamp: 2.0