position: 0.3095531654944306 0.3940470820583464 0.8342551315624298
orientation: 0.8228860078023652 0.5312619467028453 0.5003087277473934
enu_velocity: 0.8892899753148882 0.9991920473263285 0.5800144029460466
velocity: 0.9997078412561299 0.5175906855803907 0.7126201714511435
angularVelocity: 0.39165854565330394 0.45531902605231545 0.5228480453961628
acceleration: 0.5904883234611001 0.5157489017207296 0.45613033041686607
accel: 0.02821984
brake: 0.0
steer: 0.5658921026974326
linkid: A219BS010380
trafficlightid: null
turn_signal_lamp: 2.0