position: 0.310479959293371 0.3952296195155247 0.8339456759415771
orientation: 0.8197427721661532 0.5303360015075116 0.5003115774576739
enu_velocity: 0.8893167384013982 0.9992410884597835 0.5822905217394271
velocity: 0.9997786374022555 0.5174747676757006 0.7132985815299803
angularVelocity: 0.38778196312668517 0.4630946217199784 0.5225973799593424
acceleration: 0.5894436650865511 0.5167463221913786 0.46302940783103036
accel: 0.02722805
brake: 0.0
steer: 0.5655671108222295
linkid: A219BS010380
trafficlightid: null
turn_signal_lamp: 2.0