position: 0.31140683916157214 0.39641825252660734 0.8342076914318743
orientation: 0.8164011419145953 0.5302826556039781 0.5003125090937269
enu_velocity: 0.889350149643156 0.9992778693098747 0.5842749021057475
velocity: 0.9998404593890129 0.5172928037900472 0.7151875786428136
angularVelocity: 0.38627995368746537 0.470640238636327 0.522150808129797
acceleration: 0.5891170676079862 0.5124342367311969 0.4619929018157669
accel: 0.02632326
brake: 0.0
steer: 0.5655671108222295
linkid: A219BS010380
trafficlightid: null
turn_signal_lamp: 2.0