position: 0.3141873926969148 0.39997196045204575 0.8357608083214367
orientation: 0.8095639358629598 0.532023114705167 0.5003035763480403
enu_velocity: 0.8893247502807993 0.9990028302864147 0.5794648980142156
velocity: 0.9995301030442022 0.5165292310529885 0.7133896175354181
angularVelocity: 0.40297508310667296 0.48007406029148736 0.5214974234805912
acceleration: 0.5659677592479391 0.5114676665846307 0.4552745246686314
accel: 0.03277273
brake: 0.0
steer: 0.5656483587910303
linkid: A219BS010380
trafficlightid: null
turn_signal_lamp: 2.0