position: 0.3160404638792316 0.4023431309203067 0.8383313335493685
orientation: 0.8071044208319116 0.5366359495941434 0.5002956300405279
enu_velocity: 0.88934316055687 0.9989159866125878 0.5767210812272298
velocity: 0.9994478399166619 0.5161902401268909 0.7185961096931546
angularVelocity: 0.4090399481948324 0.492212727772681 0.5213919247606951
acceleration: 0.5954825341024058 0.5145240452273797 0.452918674630297
accel: 0.03228839
brake: 0.0
steer: 0.5658108547286319
linkid: A219BS010380
trafficlightid: null
turn_signal_lamp: 2.0