position: 0.31696734374743274 0.40352566837748505 0.8394983607610274
orientation: 0.8069389112985264 0.5390939948405922 0.5002920679026774
enu_velocity: 0.8894098125748663 0.9990054866811435 0.5723669556471846
velocity: 0.9995904293377316 0.5160359072904099 0.7186685722607012
angularVelocity: 0.4183111718088702 0.49030793206586915 0.521484555807102
acceleration: 0.5918708451550185 0.5129106640799771 0.4465337168522001
accel: 0.02928124
brake: 0.0
steer: 0.5658108547286319
linkid: A219BS010380
trafficlightid: null
turn_signal_lamp: 2.0