position: 0.3178943957541552 0.4047143013885668 0.8403749084040557
orientation: 0.8075565003652412 0.5413912896723185 0.5002896566093633
enu_velocity: 0.889460952230618 0.9990582058996076 0.567922884230116
velocity: 0.9996834116000726 0.5158519223101111 0.7183559629891549
angularVelocity: 0.42463264574697707 0.48919647200834315 0.5216447874801593
acceleration: 0.5901777032422693 0.5130366439850568 0.4466912560211079
accel: 0.02830924
brake: 0.0
steer: 0.5658921026974326
linkid: A219BS010380
trafficlightid: null
turn_signal_lamp: 2.0