position: 0.32067624032840797 0.4082680093140061 0.8434118066077534
orientation: 0.8084830646525769 0.5501947178931781 0.5002837927824402
enu_velocity: 0.889559822231738 0.9991979731299543 0.560576448180543
velocity: 0.9998987914249051 0.5157161238302076 0.7264172710300584
angularVelocity: 0.4221529552927983 0.49637039682018996 0.5216944692316471
acceleration: 0.5894817583816288 0.5161698902088971 0.4448479100241457
accel: 0.02505545
brake: 0.0
steer: 0.5659733506662334
linkid: A219BS010380
trafficlightid: null
turn_signal_lamp: 2.0