position: 0.3216036366121731 0.4094566423250878 0.8441015131212102
orientation: 0.8094204701757242 0.5531566093186918 0.5002823679273001
enu_velocity: 0.8895180581795408 0.9990880392557926 0.5555957756863908
velocity: 0.9997514656419467 0.5156716438477896 0.7265587081955948
angularVelocity: 0.42746055230030783 0.4954587647512018 0.521802095921467
acceleration: 0.5716880262664079 0.5155760014471878 0.444474332177656
accel: 0.02421709
brake: 0.0
steer: 0.5659733506662334
linkid: A219BS010380
trafficlightid: null
turn_signal_lamp: 2.0