position: 0.3234567938637506 0.4118278127933488 0.8439934955931769
orientation: 0.8027151658264589 0.5546793016753963 0.5002751888494783
enu_velocity: 0.8892006513828419 0.9986679202125279 0.5797874746343877
velocity: 0.9990656902969068 0.5170461419087579 0.7520681479492046
angularVelocity: 0.3471703569178679 0.455645374601744 0.5215741709073193
acceleration: 0.5870305075984857 0.5329545614953538 0.5034855592805889
accel: 0.04097654
brake: 0.0
steer: 0.5662983425414365
linkid: A219BS010380
trafficlightid: null
turn_signal_lamp: 2.0