position: 0.32438281303934496 0.4130103502505271 0.8426761196600658
orientation: 0.7908378692461677 0.5508598490150571 0.5002746408282706
enu_velocity: 0.8890317200533421 0.9988906486936362 0.5981278683585991
velocity: 0.9991783658534165 0.5195066939043326 0.7631212618776262
angularVelocity: 0.29876515207440607 0.43074807060715603 0.5227145042767137
acceleration: 0.5933812260346814 0.5514524352095016 0.49367010984421816
accel: 0.03740444
brake: 0.0
steer: 0.5662170945726358
linkid: A219BS010380
trafficlightid: null
turn_signal_lamp: 2.0