position: 0.325308660076418 0.41419288770770546 0.841249266502597
orientation: 0.7768537591732213 0.5459801064323826 0.5002799566339858
enu_velocity: 0.8888893813448332 0.9991325849520143 0.6068809906426182
velocity: 0.9993361614889709 0.5216016344719598 0.7631243138509887
angularVelocity: 0.2860231998717876 0.42533827785623096 0.5234201395000301
acceleration: 0.5927342330374835 0.5429458495231584 0.4776173421264687
accel: 0.03341376
brake: 0.0
steer: 0.5662983425414365
linkid: A219BS010380
trafficlightid: null
turn_signal_lamp: 2.0