position: 0.3262341628364483 0.4153815207187872 0.839939918899272
orientation: 0.7620760706388906 0.540559777773153 0.5002856560545466
enu_velocity: 0.8887729533952384 0.9992666307167914 0.6170133577113706
velocity: 0.9993969863469097 0.5230010692014679 0.7635748723185144
angularVelocity: 0.2780076277218846 0.4195933172937485 0.5232538008706034
acceleration: 0.5861242517415655 0.5359632298923447 0.48747902183923353
accel: 0.03183423
brake: 0.0
steer: 0.5662983425414365
linkid: A219BS010380
trafficlightid: null
turn_signal_lamp: 2.0