position: 0.32715923525017526 0.41656405817596553 0.8381744161944551
orientation: 0.7441771903144977 0.5327957572438533 0.5002896566093633
enu_velocity: 0.8886299328246529 0.999343870501983 0.6374039526818563
velocity: 0.9993760466417178 0.5244497013320321 0.7699437303311216
angularVelocity: 0.2430796458552232 0.3950129940713765 0.523230664899374
acceleration: 0.584829390149488 0.5390895820278673 0.5086472086025527
accel: 0.0339625
brake: 0.0
steer: 0.5659733506662334
linkid: A219BS010380
trafficlightid: null
turn_signal_lamp: 2.0