position: 0.3290079169001977 0.4189413241981299 0.8335245535518792
orientation: 0.6977040647623626 0.5101918827561807 0.5002980961359629
enu_velocity: 0.8883096281141281 0.9996166618068267 0.6726182985008549
velocity: 0.9994450978124105 0.5280000137801908 0.7652235483288701
angularVelocity: 0.19430965521488397 0.3632834758217778 0.5238253620895513
acceleration: 0.5910830759650644 0.5427844064596865 0.4780492222833431
accel: 0.03286318
brake: 0.0
steer: 0.5657296067598311
linkid: A219BS010380
trafficlightid: null
turn_signal_lamp: 2.0