position: 0.3299318704135359 0.42012386165530824 0.8315211203461232
orientation: 0.6746989623708655 0.4982704096366719 0.5003057136307507
enu_velocity: 0.8882378621305564 0.9997670546160886 0.6782758870177078
velocity: 0.9995635068596276 0.52891016711308 0.7503435214017451
angularVelocity: 0.20954471198292848 0.36545677862468984 0.5238590109858182
acceleration: 0.5906335842182311 0.5279193284876889 0.4686795189061475
accel: 0.03070022
brake: 0.0
steer: 0.5656483587910303
linkid: A219BS010380
trafficlightid: null
turn_signal_lamp: 2.0