position: 0.33085608213465606 0.4213124946663891 0.8299767616345097
orientation: 0.6569765773654799 0.4877011856830855 0.5003160712315774
enu_velocity: 0.8882862743380014 0.9999376768929009 0.6661955989192898
velocity: 0.9997933450523309 0.5287393245480495 0.7206892402243112
angularVelocity: 0.27535322487550734 0.3821827602067723 0.5243777418312381
acceleration: 0.5960738327838327 0.5157200919129945 0.4108791751768066
accel: 0.02684085
brake: 0.0
steer: 0.5651608709782256
linkid: A219BS010380
trafficlightid: null
turn_signal_lamp: 2.0