position: 0.33178072420207966 0.4224950321235692 0.8289162922545594
orientation: 0.6493780997351775 0.47993516958224414 0.5003287853235976
enu_velocity: 0.888475831995321 0.9999903961113652 0.6409467632284933
velocity: 0.9999997507177955 0.5267801824603259 0.6831538046335931
angularVelocity: 0.3721754919176824 0.40785036221713383 0.5245298629244276
acceleration: 0.5942780582163598 0.49260430584392595 0.3908704507428094
accel: 0.02332175
brake: 0.0
steer: 0.5650796230094248
linkid: A219BS010380
trafficlightid: null
turn_signal_lamp: 2.0