position: 0.032515598181490794 0.04115717995294155 0.6517609776462105
orientation: 0.6752616225094699 0.4544915611555727 0.49769121405275446
enu_velocity: 0.8944947990117773 0.9955331700944716 0.7542921138282466
velocity: 0.9995211288848341 0.5133000518170506 0.7507703616762832
angularVelocity: 0.4750116947947358 0.3706285588501116 0.5181987865018485
acceleration: 0.5904088558537229 0.502930489263622 0.4129559594197727
accel: 0.03237159
brake: 0.0
steer: 0.5647546311342218
linkid: A219BS010380
trafficlightid: null
turn_signal_lamp: 0.0