position: 0.33363121330657625 0.4248722981457318 0.8278879361937543
orientation: 0.6572302261460108 0.4722089580066178 0.5003432530834825
enu_velocity: 0.8888472763615975 0.9991007082152685 0.6002415511842731
velocity: 0.9993331701025148 0.5192222919672618 0.6307206406702482
angularVelocity: 0.4812788807880628 0.4452947551561314 0.5227908214489452
acceleration: 0.5848802915918414 0.47476661181919116 0.41744948821477823
accel: 0.04273857
brake: 0.0
steer: 0.5644296392590186
linkid: A219BS010380
trafficlightid: null
turn_signal_lamp: 2.0