position: 0.3354839402118504 0.42723737306009024 0.8307664573462139
orientation: 0.673783600693868 0.47622265817541465 0.5003291141363222
enu_velocity: 0.889450042437391 0.9989043393433925 0.583114140452467
velocity: 0.9995532862892361 0.5132966827370781 0.6215956763129371
angularVelocity: 0.4846248351923244 0.5328903267393217 0.5196594405263641
acceleration: 0.5863703042819939 0.4875621637114291 0.4599404524778363
accel: 0.0
brake: 0.008811442
steer: 0.5638609034774131
linkid: A219BS010380
trafficlightid: null
turn_signal_lamp: 2.0