position: 0.3373351178704324 0.4296085435283503 0.84802517684221
orientation: 0.6867638123306915 0.5071082971018314 0.5002821487188169
enu_velocity: 0.8889666022250182 0.9969437156954717 0.5757501246400161
velocity: 0.9970991029842858 0.5107758123731626 0.6661814319684617
angularVelocity: 0.48864195415334466 0.622938972498601 0.5166222810746822
acceleration: 0.5346335499616707 0.49687717684229527 0.4169191838471701
accel: 0.0
brake: 0.007497651
steer: 0.5633734156646084
linkid: A219BS010380
trafficlightid: null
turn_signal_lamp: 2.0