position: 0.3382592435222919 0.43078498543162613 0.8569913615171498
orientation: 0.6960717360237136 0.5246517228766905 0.500249541456955
enu_velocity: 0.8887402240155574 0.9959567628846895 0.5598740924887268
velocity: 0.9958791158746437 0.5095394713247481 0.6801239798779035
angularVelocity: 0.5074044593600624 0.6223725679361027 0.5159717489681676
acceleration: 0.5345032075559315 0.48712793066264387 0.4172444178968898
accel: 0.0
brake: 0.01424356
steer: 0.5634546636334092
linkid: A219BS010380
trafficlightid: null
turn_signal_lamp: 2.0