position: 0.3401041381248447 0.4331439647920803 0.8789926343723453
orientation: 0.7005162813318038 0.5661641722497531 0.5001655846079257
enu_velocity: 0.8879175574200316 0.9936005407602315 0.5833641799046003
velocity: 0.9927371629670162 0.5094134444134488 0.7716721064458548
angularVelocity: 0.38272618957004084 0.6722179619689039 0.5141075858359704
acceleration: 0.5166666920418965 0.5172083936583962 0.5009242238537731
accel: 0.0
brake: 0.03534881
steer: 0.5632921676958077
linkid: A219BS010380
trafficlightid: null
turn_signal_lamp: 2.0