position: 0.3437700000754828 0.4378314457434742 0.9247716305099885
orientation: 0.6872932260128082 0.6508059828375145 0.4999776681357837
enu_velocity: 0.8846925202628101 0.9865004063262246 0.528261273121688
velocity: 0.9828286938958974 0.5133637392653639 0.8536609292474094
angularVelocity: 0.49122161741210546 0.5948690895259073 0.5141844218124254
acceleration: 0.4510469185462734 0.4915735067667383 0.34519447647591395
accel: 0.0
brake: 0.08915953
steer: 0.5627234319142023
linkid: A219BS010380
trafficlightid: null
turn_signal_lamp: 2.0