position: 0.3446800964378524 0.4389896009850416 0.9267517085745482
orientation: 0.7015527034753605 0.6612292806221165 0.4999297710822252
enu_velocity: 0.8837670629592235 0.9837024053245593 0.4841120559076675
velocity: 0.9792056263332617 0.5110834657321106 0.8256391050218913
angularVelocity: 0.5672709837894654 0.5490304727016949 0.5138986997072503
acceleration: 0.42795426673071374 0.4655271188136252 0.34126846527409693
accel: 0.0
brake: 0.09890693
steer: 0.562804679883003
linkid: A219BS010380
trafficlightid: null
turn_signal_lamp: 2.0