position: 0.3455873525146198 0.44014775622660807 0.9262743878763462
orientation: 0.71702567659972 0.6693184724070896 0.4998773254526423
enu_velocity: 0.8827432470510743 0.9804871460124143 0.4656779007551291
velocity: 0.9750543297789361 0.5081241980326481 0.8182421679823578
angularVelocity: 0.5549746386470987 0.5384655344311522 0.5134198549113218
acceleration: 0.40695065608925585 0.4682918581264995 0.4163270323708944
accel: 0.0
brake: 0.1071241
steer: 0.5619109522261945
linkid: A219BS010380
trafficlightid: null
turn_signal_lamp: 2.0