position: 0.34739170849539497 0.4424457800480326 0.9216062790297106
orientation: 0.7417509217399374 0.6832347330937316 0.4997687076492636
enu_velocity: 0.8803153066615027 0.9738114217208493 0.4083995072926752
velocity: 0.9662382153286696 0.5045260329887167 0.778880954727027
angularVelocity: 0.5173381690943009 0.5243918563076905 0.5125727642259895
acceleration: 0.40030282799324307 0.4784427019818126 0.27711480455025517
accel: 0.0
brake: 0.128222
steer: 0.5610984725381867
linkid: A219BS010380
trafficlightid: null
turn_signal_lamp: 2.0