position: 0.3482880337760567 0.4435856486278915 0.9153310445294962
orientation: 0.7464599932018223 0.6905353177676852 0.4997100145779122
enu_velocity: 0.8788118007824026 0.9703740469417643 0.3302896693220032
velocity: 0.9615522084453324 0.5047474347203214 0.7110457019931129
angularVelocity: 0.4404156806255788 0.5362715099473031 0.5125886843364853
acceleration: 0.38021158374168423 0.5075434908157586 0.2507101126304392
accel: 0.0
brake: 0.1432445
steer: 0.5611797205069874
linkid: A219BS010380
trafficlightid: null
turn_signal_lamp: 2.0