position: 0.3509466271690239 0.44696258549014267 0.8898396377617601
orientation: 0.7248447372413289 0.7170839026651428 0.4995665974278406
enu_velocity: 0.8730062565959502 0.9581008902804766 0.2764236385333608
velocity: 0.9443637018691077 0.5087223201459852 0.6864477558839865
angularVelocity: 0.3001173113179221 0.5568492863388554 0.5141470811957366
acceleration: 0.3404578351224139 0.5213955220033302 0.4467350292704284
accel: 0.0
brake: 0.1534142
steer: 0.5612609684757882
linkid: A219BS010380
trafficlightid: null
turn_signal_lamp: 2.0