position: 0.03439689147438271 0.04351615931339747 0.6542804135027751
orientation: 0.6863449792538496 0.4338426340746121 0.4976422209567804
enu_velocity: 0.8946516272894158 0.9955842546084872 0.7150291173799259
velocity: 0.9997183111087259 0.5129923984581026 0.6774705070374145
angularVelocity: 0.46380595858876056 0.38634831998434044 0.5190065900630547
acceleration: 0.5899558706989937 0.510308188701502 0.4076126968345063
accel: 0.02943009
brake: 0.0
steer: 0.5651608709782256
linkid: A219BS010380
trafficlightid: null
turn_signal_lamp: 0.0