position: 0.3552652383926156 0.45246077511063376 0.8573117648604387
orientation: 0.6556090638802474 0.7687474681186064 0.499332044350918
enu_velocity: 0.8629240734645021 0.9362722731035336 0.3573116427688773
velocity: 0.9138323652880618 0.5133797454869433 0.8177952718828669
angularVelocity: 0.3198975601005351 0.5487681534293486 0.514180341385475
acceleration: 0.32227353939542497 0.5035409103658047 0.5085099808574532
accel: 0.0
brake: 0.1613803
steer: 0.560935976600585
linkid: A219BS010380
trafficlightid: null
turn_signal_lamp: 2.0