position: 0.36188921476336733 0.4608604483889449 0.8100964275392148
orientation: 0.5636552917770454 0.7627055189241473 0.49893966116615956
enu_velocity: 0.8472606787698321 0.9014197612473287 0.4824232891642988
velocity: 0.8654711190181822 0.515977443947749 0.8824531587488303
angularVelocity: 0.20589115483372736 0.3299843798678473 0.5137579988515308
acceleration: 0.33425777833264947 0.543501126511093 0.5055690705297176
accel: 0.0
brake: 0.1424356
steer: 0.5612609684757882
linkid: A219BS010380
trafficlightid: null
turn_signal_lamp: 2.0