position: 0.3658548559489339 0.46589537591280905 0.766085853499038
orientation: 0.52039138884976 0.692280373810461 0.49859802474524006
enu_velocity: 0.83968382737366 0.8826449763182411 0.607407387126953
velocity: 0.840064526000688 0.5116103177588321 0.8781802216430254
angularVelocity: 0.409504821544891 0.35380208787068235 0.5070091422387254
acceleration: 0.4024208730550838 0.44110174380603023 0.5096546215088946
accel: 0.0
brake: 0.09446038
steer: 0.5564673383165422
linkid: A219BS010380
trafficlightid: null
turn_signal_lamp: 2.0