position: 0.36663636483585615 0.4668889511989951 0.7614140954115904
orientation: 0.5209097083338965 0.6797859578472571 0.49848721485703035
enu_velocity: 0.8387752461564713 0.879420113117461 0.6306108608536275
velocity: 0.8359820313348505 0.5083117216952673 0.8795677359328007
angularVelocity: 0.42863749808274215 0.3605253053669512 0.5044588506047113
acceleration: 0.4158145791353187 0.45507177020278433 0.5052563363070518
accel: 0.0
brake: 0.07671931
steer: 0.5519174520636985
linkid: A219BS010380
trafficlightid: null
turn_signal_lamp: 2.0