position: 0.002721423953259444 0.0034805612786037443 0.3851270081772187
orientation: 0.45472902294952294 0.1370793727177432 0.500367859235711
enu_velocity: 0.8848171305573251 0.9851158116583443 0.5378852058719137
velocity: 0.98164260916609 0.49485467110483033 0.00011231261973548845
angularVelocity: 0.7613691955855448 0.8444253479933849 0.5093550952137632
acceleration: 0.7293070202349696 0.41205056933152573 0.25816834277261114
accel: 0.2610279
brake: 0.0
steer: 0.55727981800455
linkid: A219BS010380
trafficlightid: null
turn_signal_lamp: 0.0