position: 0.3681913781684581 0.4688517195557562 0.7554037957943232
orientation: 0.5255415901968052 0.6560058721118021 0.4981973664402444
enu_velocity: 0.8377197236617562 0.8737871259259835 0.6667378570462946
velocity: 0.829238199851984 0.49950536181922545 0.8758552283355671
angularVelocity: 0.44393217822293435 0.3630417706783913 0.49642460397299715
acceleration: 0.45793819659763846 0.43349932826674414 0.48754703934598875
accel: 0.0
brake: 0.04630725
steer: 0.547692557686058
linkid: A219BS010380
trafficlightid: null
turn_signal_lamp: 2.0