position: 0.3689660875837871 0.46983310373413545 0.7530347086592108
orientation: 0.5283427848431718 0.6435175141336353 0.49802134202831094
enu_velocity: 0.8373119701398959 0.8715195865178569 0.6787755242735197
velocity: 0.8265422128085064 0.4968771614361715 0.8679377990388899
angularVelocity: 0.44643599265761963 0.3566221007123884 0.49425954827343394
acceleration: 0.47790406183842016 0.44857492204027705 0.4818492651262618
accel: 0.0
brake: 0.02671066
steer: 0.547692557686058
linkid: A219BS010380
trafficlightid: null
turn_signal_lamp: 2.0