position: 0.3697393338216846 0.47080229680471053 0.7508845759728144
orientation: 0.5303168293345917 0.6304418879589209 0.49781391600117264
enu_velocity: 0.8373499839506714 0.8695266774570782 0.6909025445234604
velocity: 0.8244597092707151 0.49194291679644486 0.8599798220961127
angularVelocity: 0.4371549385310879 0.3529724319187022 0.4885578382919362
acceleration: 0.5039486395197382 0.4183248770841683 0.48532610951470617
accel: 0.0
brake: 0.01379375
steer: 0.5478550536236595
linkid: A219BS010380
trafficlightid: null
turn_signal_lamp: 2.0