position: 0.37051197757475746 0.47177758542918813 0.7492730712302613
orientation: 0.5318718239244536 0.6173979771176363 0.49758599398086395
enu_velocity: 0.8373960096408479 0.8680023155588514 0.7019288547427209
velocity: 0.8228827500439894 0.4892781635740444 0.8513300063917041
angularVelocity: 0.43425755552589096 0.3533969395726386 0.4860340124161987
acceleration: 0.5232700398974739 0.4380344636905007 0.480839116888809
accel: 0.0
brake: 0.0
steer: 0.5440363990900228
linkid: A219BS010380
trafficlightid: null
turn_signal_lamp: 2.0