position: 0.3728317162884501 0.4746851646409107 0.7461062600536583
orientation: 0.5367242526612162 0.5782919019421757 0.49681229763974394
enu_velocity: 0.8387631431046101 0.8658044554278421 0.7168744359332364
velocity: 0.8215755141627137 0.4818513474288196 0.8104544039539622
angularVelocity: 0.4414895821659257 0.3484440634714408 0.4784897045820467
acceleration: 0.607192393216592 0.43159160888860526 0.46960871088456635
accel: 0.08367682
brake: 0.0
steer: 0.5411114722131948
linkid: A219BS010380
trafficlightid: null
turn_signal_lamp: 2.0