position: 0.3736077167426892 0.4756543577114858 0.7450238952288366
orientation: 0.5396246807527084 0.5645801873385545 0.4965227780356827
enu_velocity: 0.8396309830627164 0.8657033080900911 0.7196280960948043
velocity: 0.8221114709027485 0.4789357240668735 0.7944139295552227
angularVelocity: 0.4480870834769285 0.34671814104294585 0.475580662603824
acceleration: 0.6091653579391862 0.39704128965420316 0.4645071609219148
accel: 0.09757931
brake: 0.0
steer: 0.5414364640883979
linkid: A219BS010380
trafficlightid: null
turn_signal_lamp: 2.0