position: 0.3743856967899239 0.4766235507820591 0.7438554083208531
orientation: 0.542172226618544 0.5508845798480912 0.4962116115939148
enu_velocity: 0.8405448487109994 0.8656599884222058 0.7159540656882059
velocity: 0.8227466419602409 0.47624014208436694 0.7721731532727182
angularVelocity: 0.44368837569915365 0.34723460563737274 0.47290441815541095
acceleration: 0.6140089158407663 0.42003710643458475 0.4487701665069202
accel: 0.1110178
brake: 0.0
steer: 0.5418427039324017
linkid: A219BS010380
trafficlightid: null
turn_signal_lamp: 2.0