position: 0.3751657424994147 0.47758664829873076 0.7425986097852202
orientation: 0.5444219998740971 0.5374434077291905 0.4958914576043396
enu_velocity: 0.8413937669964777 0.8657805478752827 0.7105672112646927
velocity: 0.8235101933531371 0.475003281628762 0.7485861951396888
angularVelocity: 0.44108262243388663 0.3497504256369497 0.47179040706002107
acceleration: 0.619512605272313 0.4332737958974252 0.4452693275395204
accel: 0.1216129
brake: 0.0
steer: 0.5388365290867729
linkid: A219BS010380
trafficlightid: null
turn_signal_lamp: 2.0