position: 0.03722087555866159 0.04705158057712744 0.6602009417960688
orientation: 0.7142904328045387 0.41225721377731184 0.49758626799146777
enu_velocity: 0.8948781759643959 0.9954185364450205 0.7035723794492715
velocity: 0.9997240445994333 0.5114571650720218 0.6296740754046699
angularVelocity: 0.5151638743870034 0.42937653194347497 0.5196041063671616
acceleration: 0.5885938869548735 0.5055314962804575 0.4414715254416805
accel: 0.02999185
brake: 0.0
steer: 0.5656483587910303
linkid: A219BS010380
trafficlightid: null
turn_signal_lamp: 0.0