position: 0.37909248037915644 0.4824326136516017 0.743737172918546
orientation: 0.5563545867570256 0.4924517862788491 0.49413230952742
enu_velocity: 0.843766987954395 0.8614265125767009 0.6699155356307072
velocity: 0.8207274561024351 0.46728635713413724 0.6449662059349545
angularVelocity: 0.44701935158626555 0.4566815303499132 0.4635821448449432
acceleration: 0.44907830821312456 0.42597651419232135 0.4215885212784111
accel: 0.0
brake: 0.08135571
steer: 0.5280305492362691
linkid: A219BS010380
trafficlightid: null
turn_signal_lamp: 2.0