position: 0.3806587687849067 0.48434661757713915 0.7541849493631343
orientation: 0.5600821288660118 0.4993593858999186 0.49334984484697586
enu_velocity: 0.8428420420473659 0.8547334195503704 0.6397240971834857
velocity: 0.8130146646900267 0.4609002633959796 0.6217451358084546
angularVelocity: 0.4274447552431504 0.5216684251414936 0.45535265251054335
acceleration: 0.3849784221732819 0.3596889160023494 0.4160193712332543
accel: 0.0
brake: 0.1392721
steer: 0.5283555411114723
linkid: A219BS010380
trafficlightid: null
turn_signal_lamp: 2.0