position: 0.3814376955940087 0.4852914284321015 0.7617709911629986
orientation: 0.5634457668262665 0.5096249622623167 0.4929130171422678
enu_velocity: 0.8419805093134689 0.8503399470069686 0.6135591910364753
velocity: 0.8077665264351646 0.45744970362873055 0.6080228531765375
angularVelocity: 0.4659812477839177 0.5687672284823448 0.4522255878169854
acceleration: 0.35717145865195105 0.381156792791311 0.3759521616033621
accel: 0.0
brake: 0.1506043
steer: 0.5157621059473514
linkid: A219BS010380
trafficlightid: null
turn_signal_lamp: 2.0