position: 0.3822131796326838 0.4862301437331604 0.7709678078572535
orientation: 0.5714412505119773 0.5257531001916602 0.4924464866880991
enu_velocity: 0.8413034202713163 0.8454141738275236 0.5742982520236386
velocity: 0.8021008404874845 0.4504607795453915 0.5895086235687335
angularVelocity: 0.4958910821596145 0.6213742704839015 0.44452015517719906
acceleration: 0.34411986142079465 0.27115131213532623 0.3369194637415163
accel: 0.0
brake: 0.1599647
steer: 0.5289242768930777
linkid: A219BS010380
trafficlightid: null
turn_signal_lamp: 2.0