position: 0.03816274869207216 0.04823411803430577 0.6640508908526668
orientation: 0.7245798497130072 0.4093426459055005 0.49757114260613355
enu_velocity: 0.8949151669820563 0.9954177190927962 0.6955983806941457
velocity: 0.9997539584639933 0.5114551439773765 0.6169871965357486
angularVelocity: 0.5122699147150162 0.4474739195417999 0.520023321400109
acceleration: 0.5876215152514013 0.5122043759938676 0.43544500895105304
accel: 0.02954594
brake: 0.0
steer: 0.5658108547286319
linkid: A219BS010380
trafficlightid: null
turn_signal_lamp: 0.0