position: 0.3837522701520609 0.4880831921196682 0.7909583490250689
orientation: 0.5770987855575369 0.5718914625743385 0.49144327906516794
enu_velocity: 0.8383223192720304 0.8353633978639725 0.5005466746115513
velocity: 0.7893620212645723 0.45103481282525887 0.5729140852058643
angularVelocity: 0.3797552871373323 0.6763484239512517 0.44387363309415645
acceleration: 0.3012610220482834 0.4471945700385488 0.395992580891454
accel: 0.0
brake: 0.1690212
steer: 0.5158433539161522
linkid: A219BS010380
trafficlightid: null
turn_signal_lamp: 2.0