position: 0.38602346580273333 0.490807904714301 0.81332819520227
orientation: 0.48424070983786494 0.6371174311178591 0.4898215199050346
enu_velocity: 0.8339030006874875 0.819799989823965 0.46924591757942175
velocity: 0.7697676921311027 0.4499226454291549 0.6140702075952281
angularVelocity: 0.044746904752160255 0.6400788140888788 0.4329092135247263
acceleration: 0.31755770517586174 0.4164497777357711 0.4286914605348177
accel: 0.0
brake: 0.1811935
steer: 0.5009749756256094
linkid: A219BS010380
trafficlightid: null
turn_signal_lamp: 2.0