position: 0.38677089126242853 0.49169785558413626 0.8185115768515516
orientation: 0.44299493909429855 0.6559235547857083 0.4892303146260997
enu_velocity: 0.8326972980703815 0.814231369120147 0.4632014378350177
velocity: 0.7630445510712237 0.4459674656762832 0.6270361240287095
angularVelocity: 0.04029083414964213 0.6283529597766361 0.42451777335811397
acceleration: 0.29574777123012264 0.2764809892430619 0.42912017597720903
accel: 0.0
brake: 0.1839024
steer: 0.5007312317192071
linkid: A219BS010380
trafficlightid: null
turn_signal_lamp: 2.0