position: 0.38898218270767165 0.49431894376241914 0.8284331327710583
orientation: 0.3310138376811146 0.7021548894211045 0.4870457376855936
enu_velocity: 0.8300586622991128 0.7958476872303633 0.47170523520383423
velocity: 0.7419049215510212 0.4236882185905727 0.675322528184974
angularVelocity: 0.12184920427583878 0.582334695299871 0.3923357781850161
acceleration: 0.286041136800148 0.2218309318895007 0.46339975735068556
accel: 0.0
brake: 0.1798331
steer: 0.501137471563211
linkid: A219BS010380
trafficlightid: null
turn_signal_lamp: 2.0