position: 0.3897107589992793 0.4951723213088375 0.8303840169091223
orientation: 0.30311229836295167 0.7138286265877978 0.4862064980080252
enu_velocity: 0.8289027356136052 0.78999442361445 0.482095284397368
velocity: 0.7349526901450528 0.4213444201445895 0.6933780025967933
angularVelocity: 0.1986559114079615 0.5679728495788803 0.3918089420151994
acceleration: 0.2932071524652924 0.40256369498093436 0.4673581376975224
accel: 0.0
brake: 0.1790953
steer: 0.485619109522262
linkid: A219BS010380
trafficlightid: null
turn_signal_lamp: 2.0