position: 0.39043649500528466 0.496013507747449 0.8319334845578727
orientation: 0.285933442328709 0.7238463957269681 0.48540857912952207
enu_velocity: 0.8273946271654875 0.7845500404487182 0.49354151971233245
velocity: 0.7281609964788902 0.4230732510773724 0.7105125658463253
angularVelocity: 0.2948416679703383 0.553610752903276 0.39746015981192945
acceleration: 0.2973735875829865 0.3735754897454042 0.47023667134376484
accel: 0.0
brake: 0.1820177
steer: 0.4857003574910628
linkid: A219BS010380
trafficlightid: null
turn_signal_lamp: 2.0