position: 0.39259330460852093 0.4984943981859624 0.835073291352467
orientation: 0.26908259149768127 0.7444677767936125 0.48281123261532877
enu_velocity: 0.8250498739492719 0.7660171917780088 0.5376542291160873
velocity: 0.7072345032436782 0.40097258113043144 0.7587770829936196
angularVelocity: 0.4353877144794755 0.5131988861917243 0.3816974159642762
acceleration: 0.2911244297234278 0.2901609950367229 0.48409993373183297
accel: 0.0
brake: 0.1802373
steer: 0.4646571335716608
linkid: A219BS010380
trafficlightid: null
turn_signal_lamp: 2.0