position: 0.3933056998791218 0.49929901130115617 0.836009686544811
orientation: 0.270890472367822 0.7483199425731526 0.48188984455871664
enu_velocity: 0.8245522850988078 0.7596179368762965 0.5563331580503627
velocity: 0.7002770369114117 0.3904673940369581 0.7749705048574335
angularVelocity: 0.44584110914466013 0.500836227377786 0.37202883686810023
acceleration: 0.2864402637907396 0.1265637207578158 0.4867889709541233
accel: 0.0
brake: 0.18098
steer: 0.4644946376340592
linkid: A219BS010380
trafficlightid: null
turn_signal_lamp: 2.0