position: 0.394014566310035 0.5000914333085449 0.837238750850273
orientation: 0.2724474328351111 0.7511532978102592 0.4808815403385533
enu_velocity: 0.8242236275778435 0.7529618290381135 0.5749240256938862
velocity: 0.6932093878446824 0.3783592350863444 0.789666018194993
angularVelocity: 0.45174670317712096 0.49316662418363566 0.36062129185623126
acceleration: 0.2850384092166895 0.19410620811640356 0.4848118354596557
accel: 0.0
brake: 0.1776279
steer: 0.4646571335716608
linkid: A219BS010380
trafficlightid: null
turn_signal_lamp: 2.0