position: 0.3961245542354645 0.5024260304533863 0.8259567579560749
orientation: 0.30263808463984077 0.7360318544532746 0.4776223486117445
enu_velocity: 0.822396237212316 0.7344353148471419 0.5131722908323296
velocity: 0.673046196720162 0.3579269045681156 0.694108906617463
angularVelocity: 0.5608512204087268 0.352631528001695 0.34728449321741806
acceleration: 0.2965875898378294 0.30993232341148436 0.3426174287982975
accel: 0.0
brake: 0.1822439
steer: 0.46644458888527796
linkid: A219BS010380
trafficlightid: null
turn_signal_lamp: 2.0