position: 0.3975152613494392 0.5039316322674239 0.8068704986614585
orientation: 0.30063093824174375 0.7100847918348053 0.4754220982646964
enu_velocity: 0.8194014989714963 0.7228685548456625 0.5430493689364225
velocity: 0.6590078693643188 0.36201587583977457 0.6808266313451615
angularVelocity: 0.31552024528660566 0.3728013238931378 0.34985640169408616
acceleration: 0.2875552767663634 0.3687513310383726 0.5114878976706271
accel: 0.0
brake: 0.178698
steer: 0.467907052323692
linkid: A219BS010380
trafficlightid: null
turn_signal_lamp: 2.0