position: 0.398204417919658 0.5046691942896855 0.8014345895479902
orientation: 0.27770055003371263 0.7011150541070714 0.4743403592026928
enu_velocity: 0.8176378627101393 0.7174905815481509 0.5726940825031629
velocity: 0.6521800297784794 0.36738329547608706 0.6927573184141248
angularVelocity: 0.19322945015148726 0.3966673227337275 0.35192209924530443
acceleration: 0.2953804647777853 0.39606262738842757 0.513615651310168
accel: 0.0
brake: 0.1796459
steer: 0.4417452063698408
linkid: A219BS010813
trafficlightid: null
turn_signal_lamp: 2.0