position: 0.4022482960631774 0.5089056042522584 0.8116604921512129
orientation: 0.14632629185430734 0.6900378502905123 0.46696119883804166
enu_velocity: 0.8129100015358943 0.6793968594466812 0.6613755087260579
velocity: 0.6104379738891325 0.3261923089221965 0.7248376568169312
angularVelocity: 0.3323897428522141 0.47744867709275535 0.29963789805358176
acceleration: 0.29211497719654966 0.18773839779497198 0.4547218526079554
accel: 0.0
brake: 0.1716888
steer: 0.3902339941501463
linkid: A219BS010813
trafficlightid: null
turn_signal_lamp: 0.0