position: 0.4029105129548052 0.5095761151815861 0.8159045592155008
orientation: 0.13824263278399826 0.690588414224776 0.46553491884271736
enu_velocity: 0.8122148431487095 0.6731404368461567 0.6655466898717621
velocity: 0.6037360218166501 0.32039544200756886 0.7231738081390024
angularVelocity: 0.37459917358058853 0.4809505551295302 0.2964609163022625
acceleration: 0.29812266436868584 0.21923022867162528 0.44877731494491097
accel: 0.0
brake: 0.1730619
steer: 0.4161520961975951
linkid: A219BS010813
trafficlightid: null
turn_signal_lamp: 0.0