position: 0.40356988956083073 0.5102405305570121 0.820494574308761
orientation: 0.13279950124533274 0.6915430813962271 0.4640581112920373
enu_velocity: 0.8116758311770866 0.6665887457546216 0.6677971490694593
velocity: 0.596898958789238 0.3120605466248338 0.7199371467885828
angularVelocity: 0.40262199019205475 0.484883526586311 0.2902437933632128
acceleration: 0.29469091828135596 0.27330138022925476 0.4438299008903662
accel: 0.0
brake: 0.1703169
steer: 0.4170458238544037
linkid: A219BS010813
trafficlightid: null
turn_signal_lamp: 0.0