position: 0.4042272005046 0.5108927548246305 0.8248203843672364
orientation: 0.13357902223761514 0.6922714650089359 0.462607334748726
enu_velocity: 0.8105691690266197 0.6608088395008349 0.6629812329927194
velocity: 0.5903675157447482 0.31164360751967346 0.7104528343676616
angularVelocity: 0.45973196257206694 0.4811027734428356 0.2941043829735037
acceleration: 0.30640102861031787 0.2785552610308175 0.4277380704179189
accel: 0.0
brake: 0.1741475
steer: 0.4179395515112123
linkid: A219BS010813
trafficlightid: null
turn_signal_lamp: 0.0