position: 0.040989478385766547 0.05176953929803574 0.6792426803527793
orientation: 0.7618664734132061 0.40721721967280033 0.49754143985667276
enu_velocity: 0.8950435275179931 0.9952462794637598 0.7057435483868072
velocity: 0.9996627211770851 0.5104418759503694 0.6234079380955163
angularVelocity: 0.5423152671863758 0.47455995287789376 0.5205763060167506
acceleration: 0.587725845509003 0.5071738656791257 0.4589586371817057
accel: 0.03132612
brake: 0.0
steer: 0.566135846603835
linkid: A219BS010380
trafficlightid: null
turn_signal_lamp: 0.0