position: 0.40488218757833117 0.5115327879844438 0.8286294619267407
orientation: 0.139488073953996 0.6925918255117856 0.46118050673219396
enu_velocity: 0.809390399961543 0.6550973864958292 0.6559469221142178
velocity: 0.5838542703011991 0.3114616383339467 0.6986720427904104
angularVelocity: 0.503448463152886 0.4775607964439014 0.2978970481011438
acceleration: 0.3036558601175228 0.28847552454419423 0.4224714925222886
accel: 0.0
brake: 0.1773454
steer: 0.3912902177445564
linkid: A219BS010813
trafficlightid: null
turn_signal_lamp: 0.0