position: 0.4112483004441028 0.5174271886086279 0.8467369948355945
orientation: 0.18583251403705142 0.6986986307813489 0.4461525047665515
enu_velocity: 0.7976480531388754 0.5957831572722586 0.5704382355533828
velocity: 0.5175205249214158 0.28295996377576516 0.5659459940233641
angularVelocity: 0.44409751947953097 0.4728859386186526 0.2804720880452018
acceleration: 0.31546721761365754 0.21244477149715202 0.429246398785513
accel: 0.0
brake: 0.1372264
steer: 0.3700032499187521
linkid: A219BS010813
trafficlightid: null
turn_signal_lamp: 2.0