position: 0.4118654170431372 0.5179696929059947 0.8462925173047
orientation: 0.1845012464168812 0.6985888743465571 0.4445962889428666
enu_velocity: 0.7967914639050344 0.5903316222745646 0.5684517842866865
velocity: 0.5117319428468347 0.2782508485859139 0.558718397905823
angularVelocity: 0.4249828622967085 0.4726981349411637 0.27545499735292833
acceleration: 0.3412336320251641 0.25039570581704435 0.439198344424942
accel: 0.0
brake: 0.1233721
steer: 0.37097822554436144
linkid: A219BS010813
trafficlightid: null
turn_signal_lamp: 2.0