position: 0.41309242042330946 0.5190242237312104 0.8445708054896259
orientation: 0.18034916151352612 0.6968227935321815 0.44144609863428186
enu_velocity: 0.7952407390771236 0.580964152770487 0.5703909055606592
velocity: 0.5018075197146172 0.275183166118963 0.5501942363047055
angularVelocity: 0.42537490853580406 0.4605746681394117 0.2733815653350724
acceleration: 0.3816000401943641 0.2959262707542255 0.4500056281027919
accel: 0.0
brake: 0.106144
steer: 0.3479038024049399
linkid: A219BS010813
trafficlightid: null
turn_signal_lamp: 2.0