position: 0.41673926106733855 0.5220354273592838 0.8269946020429908
orientation: 0.18524903872568932 0.6665656527357717 0.4320302722530999
enu_velocity: 0.7921708255423489 0.5582687335597263 0.5765109813374802
velocity: 0.4788999807989136 0.2757239502718849 0.5120144855375702
angularVelocity: 0.448835971084883 0.4127226460367634 0.2750321798434048
acceleration: 0.4284390351221094 0.24458439995409265 0.45172904732393176
accel: 0.0
brake: 0.06656787
steer: 0.35838479038024057
linkid: A219BS010813
trafficlightid: null
turn_signal_lamp: 2.0