position: 0.04287467061616701 0.054128518658490776 0.6928689455445691
orientation: 0.7847613565739555 0.4112880430769774 0.497523738771662
enu_velocity: 0.8950735294493675 0.9952855123705238 0.7006446631182787
velocity: 0.9997247924460474 0.5108570218640394 0.6254646193448024
angularVelocity: 0.5133078157948388 0.4908914947537938 0.5207946946318537
acceleration: 0.5878232270136577 0.5190426097987747 0.4460529839997443
accel: 0.03004167
brake: 0.0
steer: 0.5663795905102373
linkid: A219BS010380
trafficlightid: null
turn_signal_lamp: 0.0