position: 0.41734346727727184 0.5225169761176192 0.823237343703016
orientation: 0.1847153246867009 0.6595954064223764 0.43044473729479965
enu_velocity: 0.7920407603512203 0.554595552663945 0.5790845184083924
velocity: 0.4755977394336849 0.2726903649436187 0.5060782229492701
angularVelocity: 0.43125259188398457 0.4127757767134912 0.27099577985685086
acceleration: 0.4445413693641297 0.2830979760851914 0.4556762745171942
accel: 0.0
brake: 0.05854873
steer: 0.3604972375690608
linkid: A219BS010813
trafficlightid: null
turn_signal_lamp: 2.0