position: 0.4179472431409018 0.522992429322052 0.8195275254935963
orientation: 0.18340161986854492 0.6524288101233633 0.4288486255271896
enu_velocity: 0.7919072858497085 0.5513480079389422 0.5828799419968362
velocity: 0.47269509744253796 0.2720071854861377 0.5015792654161714
angularVelocity: 0.4271257005880101 0.41063212240562225 0.2700209395810239
acceleration: 0.4591788169611082 0.3084918867265632 0.46031329401135834
accel: 0.0
brake: 0.05535116
steer: 0.32101072473188175
linkid: A219BS010813
trafficlightid: null
turn_signal_lamp: 2.0