position: 0.4185508468660104 0.5234617869725815 0.8158943413412274
orientation: 0.18237069061779937 0.6450369993217906 0.42725563748046375
enu_velocity: 0.7917349452098251 0.5483450558670463 0.5874771029513068
velocity: 0.46998814198205496 0.2727974264257065 0.49795761942589767
angularVelocity: 0.4311166568684113 0.4091446427105393 0.27087956453762907
acceleration: 0.46441360000669907 0.3266969626855092 0.46233078677187517
accel: 0.0
brake: 0.05284478
steer: 0.3228794280142997
linkid: A219BS010813
trafficlightid: null
turn_signal_lamp: 2.0