position: 0.41915358989851226 0.5239250490692084 0.8126669527671462
orientation: 0.17773804986838376 0.6379634109107017 0.42557863778258787
enu_velocity: 0.7924616397180568 0.5439152111496652 0.5927012565975727
velocity: 0.4669075124967756 0.25904885943304407 0.49435847083926654
angularVelocity: 0.38899984355940975 0.41377264013933 0.2537144032328484
acceleration: 0.44684006068739973 0.15648009318956385 0.46152613982599167
accel: 0.0
brake: 0.04220096
steer: 0.3248293792655184
linkid: A219BS010813
trafficlightid: null
turn_signal_lamp: 2.0