position: 0.42035898989425524 0.5248454777085589 0.8069507819593211
orientation: 0.1638283106731027 0.6242698702621924 0.4220579303354345
enu_velocity: 0.7934247699013806 0.5367699180052683 0.5982153093666636
velocity: 0.4619069114711481 0.2463974076281129 0.4838588104803021
angularVelocity: 0.3774968052077504 0.41416287456320455 0.24076948423700822
acceleration: 0.48577949280498045 0.24916976960991605 0.4547375378235066
accel: 0.0
brake: 0.0315727
steer: 0.33035424114397144
linkid: A219BS010813
trafficlightid: null
turn_signal_lamp: 2.0