position: 0.4221741906018754 0.5261864995672161 0.7984108286112157
orientation: 0.14765658376325455 0.6031064777107487 0.416623861643497
enu_velocity: 0.7951035143341898 0.5267992425596939 0.6000437788518971
velocity: 0.45550858512395065 0.23023660057534062 0.46285059544000295
angularVelocity: 0.37483104225005176 0.4192971549992489 0.22403636230581903
acceleration: 0.47120781780381954 0.1327977367898086 0.44954104324574395
accel: 0.0
brake: 0.02069449
steer: 0.29338641533961657
linkid: A219BS010813
trafficlightid: null
turn_signal_lamp: 2.0