position: 0.42338819752368584 0.527058163775342 0.7937295824976571
orientation: 0.1328155101368807 0.5907909504821727 0.412725293573591
enu_velocity: 0.796661569179425 0.5199075329428706 0.6002967303113209
velocity: 0.451641968847355 0.21662406879919244 0.4493429101350803
angularVelocity: 0.37914195587457367 0.42423027738730434 0.21088172027230478
acceleration: 0.506705379117353 0.2242763600833944 0.4528762897205462
accel: 0.0
brake: 0.01224595
steer: 0.3002924926876829
linkid: A219BS010813
trafficlightid: null
turn_signal_lamp: 2.0