position: 0.4239979121663023 0.5274848525485512 0.7915495260366034
orientation: 0.12803279054638453 0.584787130958242 0.4107496223174842
enu_velocity: 0.7973059288418964 0.5170500695668913 0.6025211394314691
velocity: 0.4501210981166794 0.214412524850719 0.4454271411119124
angularVelocity: 0.404082326764996 0.4264948559681847 0.21012879969308046
acceleration: 0.5119802271133823 0.25596228474002486 0.4603995762145149
accel: 0.0
brake: 0.01348054
steer: 0.26039974000649985
linkid: A219BS010813
trafficlightid: null
turn_signal_lamp: 2.0