position: 0.42460943426339287 0.5279115413217594 0.7898584678443497
orientation: 0.1250575579277946 0.5793876845297876 0.4087489064921826
enu_velocity: 0.7982109302831825 0.5135385200734555 0.6061416603576167
velocity: 0.44833823178889826 0.20638097033389935 0.44307904000613885
angularVelocity: 0.40740287582939333 0.43393929551303906 0.20162534858398273
acceleration: 0.4854628099362295 0.08429623283152293 0.4588727684588334
accel: 0.0
brake: 0.01414358
steer: 0.2639746506337342
linkid: A219BS010813
trafficlightid: null
turn_signal_lamp: 2.0