position: 0.4258363515743045 0.5287466322064676 0.7881134008880792
orientation: 0.11690209373896226 0.5709332318822771 0.40453330815358557
enu_velocity: 0.8002967463757752 0.5063599198259203 0.6096558176142689
velocity: 0.4450654057238203 0.18899231295025226 0.4365622048850757
angularVelocity: 0.40740281463014044 0.44294234604561855 0.18460872870257594
acceleration: 0.5318849482002745 0.1910514942305816 0.4523971853442868
accel: 0.02118074
brake: 0.0
steer: 0.31784205394865134
linkid: A219BS010813
trafficlightid: null
turn_signal_lamp: 2.0