position: 0.42645415672742437 0.5291611298718717 0.7871565699471883
orientation: 0.11534290720458662 0.5664841764005419 0.40241274009014627
enu_velocity: 0.8010249750736795 0.5043422858603583 0.6102427791824153
velocity: 0.4444641370461626 0.1923151056154454 0.43339347174177867
angularVelocity: 0.44029485035061433 0.43966186016880643 0.1913562575652752
acceleration: 0.5605651799573239 0.39066184904935475 0.45798581571788055
accel: 0.008949196
brake: 0.0
steer: 0.32336691582710436
linkid: A219BS010813
trafficlightid: null
turn_signal_lamp: 2.0