position: 0.4270754907202318 0.5295695319833715 0.7862851312412966
orientation: 0.11859314583825553 0.5621324050314629 0.40037179950819485
enu_velocity: 0.801309482025178 0.5027445666000048 0.610814534399298
velocity: 0.4437379779839666 0.20057509329454148 0.4308001663761478
angularVelocity: 0.4782244260753187 0.4418113868146295 0.2023989935674027
acceleration: 0.5427969720245703 0.3660995803891941 0.4554818707183918
accel: 0.0
brake: 0.0
steer: 0.2816867078323042
linkid: A219BS010813
trafficlightid: null
turn_signal_lamp: 2.0