position: 0.04476059443528319 0.05648140246504241 0.7118114247511951
orientation: 0.8148241034785839 0.4221769148292916 0.49752379357378285
enu_velocity: 0.8951410337949597 0.9951347108851496 0.7349417176641967
velocity: 0.9995949164174155 0.5100142607307494 0.6775625022344804
angularVelocity: 0.5784721300514724 0.532811276036093 0.5222790396251599
acceleration: 0.5874384169815098 0.5020612145698299 0.49871673213172785
accel: 0.03382917
brake: 0.0
steer: 0.5663795905102373
linkid: A219BS010380
trafficlightid: null
turn_signal_lamp: 0.0