position: 0.4295813972447629 0.5311604715520497 0.7871222670835558
orientation: 0.13021881733536733 0.5529103700445326 0.3922716624426106
enu_velocity: 0.8033734785313168 0.4926316718674108 0.6072626754452974
velocity: 0.43887622714633884 0.20169464545954197 0.41832387366923063
angularVelocity: 0.4613232196467962 0.4711397268681689 0.20243379866727207
acceleration: 0.5238241131166848 0.2933065417428977 0.4501454591833733
accel: 0.0
brake: 0.007827649
steer: 0.2989112772180696
linkid: A219BS010813
trafficlightid: null
turn_signal_lamp: 2.0