position: 0.4314780194729809 0.5323125312397128 0.791815920615875
orientation: 0.13620874467090016 0.554672530986237 0.38615355367914317
enu_velocity: 0.8049240328937084 0.48379437788359314 0.6031465926372894
velocity: 0.43443800677444094 0.19337759365715484 0.41304465734623064
angularVelocity: 0.43900335104159216 0.49386974523446153 0.19257929489230696
acceleration: 0.5007406268341533 0.20985327430836642 0.44763172328881584
accel: 0.0
brake: 0.003449829
steer: 0.2691745206369841
linkid: A219BS010813
trafficlightid: null
turn_signal_lamp: 2.0