position: 0.43274891817609706 0.5330561888158778 0.7956235384790549
orientation: 0.13512241670515907 0.558193645701097 0.3819421203017252
enu_velocity: 0.80599677240586 0.4782118213243518 0.5946362872373829
velocity: 0.4319035545995877 0.19017617267215037 0.4055962727557314
angularVelocity: 0.4361457399008802 0.4922404224068053 0.18941956695117934
acceleration: 0.5236987797813213 0.2687902725414226 0.4409983990361457
accel: 0.0
brake: 0.004148151
steer: 0.2777868053298668
linkid: A219BS010813
trafficlightid: null
turn_signal_lamp: 2.0