position: 0.4333871217439967 0.533428017603959 0.7969722978831484
orientation: 0.13501418503430995 0.5595146427912685 0.37983766406179403
enu_velocity: 0.806429925290077 0.475663112751083 0.5901711046651182
velocity: 0.43073940670379113 0.19066854948828676 0.40151334279154416
angularVelocity: 0.4406208166963802 0.48955425083057014 0.19016971105520042
acceleration: 0.5241023981875996 0.2788500073955101 0.44234972734951034
accel: 0.0
brake: 0.00781107
steer: 0.2141696457588561
linkid: A219BS010813
trafficlightid: null
turn_signal_lamp: 2.0