position: 0.43530594984146864 0.5345008350908849 0.8007178786525251
orientation: 0.11707602329882758 0.5655263020605417 0.3731315285423968
enu_velocity: 0.8087530293853576 0.46399195643676117 0.5736395683622436
velocity: 0.42558400142906516 0.1611478474900354 0.38390842684725046
angularVelocity: 0.35590635902312223 0.501801979601692 0.15426651524299761
acceleration: 0.5206207060353207 0.16109630304283817 0.4398725717376366
accel: 0.02755306
brake: 0.0
steer: 0.22481312967175826
linkid: A219BS010813
trafficlightid: null
turn_signal_lamp: 2.0