position: 89.67326 1138.687 -0.3389065
orientation: -0.5953418 1.163615 35.44464
enu_velocity: 11.55404 9.819091 -0.04662836
velocity: 15.10488 1.296231 0.2736514
angularVelocity: -0.01153862 -0.0155192 0.2240802
acceleration: -0.4483147 0.4175965 -0.08251092
accel: 0
brake: 0.005244765
steer: 0.2351
linkid: A219BS010395
trafficlightid: C119BS010046
turn_signal_lamp: 1