position: 89.87601 1138.835 -0.3406972
orientation: -0.5864644 1.127415 36.22076
enu_velocity: 11.30995 9.949325 -0.04661484
velocity: 15.00131 1.340934 0.2623355
angularVelocity: 0.009897303 -0.009883113 0.2397889
acceleration: -0.6328738 1.700698 0.1024903
accel: 0.03716709
brake: 0
steer: 0.2609
linkid: A219BS010395
trafficlightid: C119BS010046
turn_signal_lamp: 1