position: 89.94296 1138.884 -0.3411244
orientation: -0.573598 1.119853 36.49658
enu_velocity: 11.25578 10.00768 -0.03859975
velocity: 14.99865 1.347827 0.2680871
angularVelocity: 0.004543284 -0.008867735 0.2400023
acceleration: -0.064888 0.9517022 0.1205758
accel: 0.03250328
brake: 0
steer: 0.2548
linkid: A219BS010395
trafficlightid: C119BS010046
turn_signal_lamp: 1