position: 90.14227 1139.035 -0.3421071
orientation: -0.5731993 1.099888 37.3287
enu_velocity: 11.05346 10.2363 -0.02392715
velocity: 14.99424 1.434211 0.2783048
angularVelocity: 0.000757223 -0.007863527 0.254914
acceleration: -0.1164124 1.860181 -0.008530242
accel: 0.08188443
brake: 0
steer: 0.276
linkid: A219BS010395
trafficlightid: C119BS010046
turn_signal_lamp: 1