position: 91.56625 1140.262 -0.3481779
orientation: -0.7609211 0.9058701 43.61656
enu_velocity: 10.51045 12.10328 0.01977304
velocity: 15.95616 1.508282 0.2921261
angularVelocity: -0.01100276 -0.01068327 0.2647538
acceleration: 1.014404 0.9293857 -0.03351828
accel: 0.2300749
brake: 0
steer: 0.2948
linkid: A219BS010395
trafficlightid: C119BS010046
turn_signal_lamp: 1