position: 92.01286 1140.709 -0.3497839
orientation: -0.8128954 0.8244026 45.80002
enu_velocity: 10.38906 12.91354 0.05286384
velocity: 16.49827 1.550563 0.3123014
angularVelocity: 0.002182547 -0.02087021 0.2717372
acceleration: 0.8867409 1.669225 1.04192
accel: 0.2620758
brake: 0
steer: 0.2679
linkid: A219BS010395
trafficlightid: C119BS010046
turn_signal_lamp: 1