position: 92.07658 1140.775 -0.3499499
orientation: -0.8018556 0.8058342 46.11638
enu_velocity: 10.38094 13.03121 0.05931425
velocity: 16.58578 1.546878 0.3142842
angularVelocity: 0.007331995 -0.01942487 0.2754302
acceleration: 1.215783 1.030741 0.03672555
accel: 0.2659096
brake: 0
steer: 0.2595
linkid: A219BS010395
trafficlightid: C119BS010046
turn_signal_lamp: 1