position: 92.396 1141.117 -0.3507977
orientation: -0.6305128 0.7478681 47.63202
enu_velocity: 10.43175 13.57852 -0.005686439
velocity: 17.06071 1.440637 0.2328824
angularVelocity: 0.04009672 -0.01041839 0.2653862
acceleration: 1.184014 1.130714 -0.2959387
accel: 0.2561753
brake: 0
steer: 0.2473
linkid: A219BS010395
trafficlightid: C119BS010046
turn_signal_lamp: 1