position: 5.5293280000000005 9.84699999999998 -0.2779414
orientation: 1.531555 0.6951101 60.58803
enu_velocity: 19.72377 34.81641 0.1501453
velocity: 40.01026 -0.0667305 0.6375942
angularVelocity: 0.02623979 0.01557607 1.477226e-05
acceleration: -0.02721822 0.04922403 0.07185537
accel: 0.02804408
brake: 0.0
steer: 0.0009
linkid: A219BS010380
trafficlightid: null
turn_signal_lamp: 0.0