position: 52.587329000000004 88.91000000000008 -0.2664311
orientation: -0.8068278 1.271816 24.19031
enu_velocity: 15.57062 3.785515 -0.03614248
velocity: 15.75146 -2.931372 0.2722965
angularVelocity: 0.001241455 0.01767465 -0.5241882
acceleration: -1.293568 -2.727935 -0.1072634
accel: 0.05931633
brake: 0.0
steer: -0.6198
linkid: A219BS010813
trafficlightid: null
turn_signal_lamp: 2.0