position: 5.858270000000001 10.427000000000135 -0.2738877
orientation: 1.663544 0.7518053 60.59215
enu_velocity: 19.73585 34.81399 0.1363583
velocity: 40.0136 -0.07909775 0.6640139
angularVelocity: 0.03486416 0.01344462 0.0006445006
acceleration: 0.02969154 -0.04023467 -0.2364103
accel: 0.02719069
brake: 0.0
steer: 0.0009
linkid: A219BS010380
trafficlightid: null
turn_signal_lamp: 0.0