position: 54.853059 89.5440000000001 -0.2695769
orientation: -0.1208949 1.291461 8.472137
enu_velocity: 14.87266 -0.320812 -0.08259203
velocity: 14.66124 -2.508997 0.2426175
angularVelocity: -0.02915773 0.006302756 -0.4529122
acceleration: -1.21829 -2.684177 -0.2836813
accel: 0.02828488
brake: 0.0
steer: -0.6029
linkid: A219BS010813
trafficlightid: null
turn_signal_lamp: 2.0