position: 55.174279 89.58500000000004 -0.2709014
orientation: -0.3216557 1.343354 6.335724
enu_velocity: 14.74087 -0.9690452 -0.1527146
velocity: 14.54349 -2.590861 0.1737496
angularVelocity: -0.02725964 0.01422227 -0.4675369
acceleration: -0.4524622 -1.856638 -0.251363
accel: 0.08494245
brake: 0.0
steer: -0.568
linkid: A219BS010813
trafficlightid: null
turn_signal_lamp: 2.0