position: 57.037099 89.5630000000001 -0.2846866
orientation: -0.2143738 1.338653 -6.746094
enu_velocity: 14.59259 -4.61481 0.1371898
velocity: 15.02635 -2.870481 0.4776285
angularVelocity: 0.056706 0.007373432 -0.4947096
acceleration: 0.6324968 -1.857609 -0.02250081
accel: 0.2790111
brake: 0.0
steer: -0.5633
linkid: A219BS010813
trafficlightid: null
turn_signal_lamp: 2.0