position: 6.625942 11.779999999999973 -0.2666121
orientation: 1.865051 0.8579759 60.60535
enu_velocity: 19.71971 34.82669 0.08815327
velocity: 40.01616 -0.06484222 0.6899058
angularVelocity: 0.01120039 0.01135254 0.001701638
acceleration: -0.001899451 0.1015798 -0.0773523
accel: 0.02643508
brake: 0.0
steer: 0.0014
linkid: A219BS010380
trafficlightid: null
turn_signal_lamp: 0.0