position: 7.064066 12.554000000000087 -0.2645014
orientation: 1.865692 0.8883906 60.61627
enu_velocity: 19.68354 34.82981 0.03839491
velocity: 40.00152 -0.04036713 0.6603507
angularVelocity: -0.002664754 0.006636937 0.002801995
acceleration: -0.3027863 0.1040337 -0.06659527
accel: 0.03333563
brake: 0.0
steer: 0.0018
linkid: A219BS010380
trafficlightid: null
turn_signal_lamp: 0.0