position: 7.1734571 12.748000000000047 -0.2640806
orientation: 1.864288 0.8967105 60.62012
enu_velocity: 19.67278 34.82189 0.03457416
velocity: 39.9893 -0.03751945 0.662055
angularVelocity: -0.001232431 0.007212496 0.003182985
acceleration: -0.02238162 0.06485258 -0.07093272
accel: 0.0443815
brake: 0.0
steer: 0.0027
linkid: A219BS010380
trafficlightid: null
turn_signal_lamp: 0.0