position: 65.89919900000001 85.57799999999997 -0.3152132
orientation: 0.01977539 0.8876569 -30.12872
enu_velocity: 20.90347 -12.22473 -0.02958542
velocity: 24.2131 -0.08067226 0.3455912
angularVelocity: 0.001858728 -0.003576908 -0.01347831
acceleration: 1.316314 0.03454697 0.009185789
accel: 0.2688374
brake: 0.0
steer: -0.0082
linkid: A219BS010398
trafficlightid: null
turn_signal_lamp: 1.0