position: 66.250519 85.37400000000002 -0.315973
orientation: 0.02163696 0.8783262 -30.16772
enu_velocity: 21.15262 -12.35959 -0.03128167
velocity: 24.49637 -0.0555706 0.3442866
angularVelocity: 0.0005648995 -0.002095476 -0.009194706
acceleration: 1.30819 0.08876586 0.01590192
accel: 0.2675441
brake: 0.0
steer: -0.0043
linkid: A219BS010398
trafficlightid: null
turn_signal_lamp: 1.0