position: 66.605809 85.16700000000014 -0.3166109
orientation: 0.0206604 0.8740662 -30.19147
enu_velocity: 21.40266 -12.48911 -0.03154346
velocity: 24.77765 -0.03162289 0.3464849
angularVelocity: -0.0004403467 -0.0007159678 -0.005108068
acceleration: 1.299328 0.1479198 0.01882067
accel: 0.2660978
brake: 0.0
steer: -0.0008
linkid: A219BS010398
trafficlightid: null
turn_signal_lamp: 1.0