position: 66.84487899999999 85.02800000000002 -0.3169913
orientation: 0.02041626 0.8729584 -30.19821
enu_velocity: 21.57187 -12.56866 -0.03160152
velocity: 24.96389 -0.01234341 0.3487785
angularVelocity: 0.0002527747 -0.0004333191 -0.001482948
acceleration: 1.290935 0.166729 0.01881584
accel: 0.2646005
brake: 0.0
steer: 0.0042
linkid: A219BS010398
trafficlightid: null
turn_signal_lamp: 1.0