position: 7.2828365 12.941000000000031 -0.2637828
orientation: 1.859344 0.9023373 60.62402
enu_velocity: 19.67146 34.83026 0.02410754
velocity: 39.99604 -0.03526497 0.6555397
angularVelocity: -0.005392698 0.004293959 0.003298217
acceleration: 0.1066975 0.07150535 -0.1401573
accel: 0.03360346
brake: 0.0
steer: 0.0027
linkid: A219BS010380
trafficlightid: null
turn_signal_lamp: 0.0