position: 67.20680899999999 84.81700000000001 -0.3175527
orientation: 0.02334595 0.8715858 -30.19165
enu_velocity: 21.82704 -12.68021 -0.03118445
velocity: 25.24052 0.01671791 0.3527946
angularVelocity: 0.0008730876 -0.0003049514 0.004042907
acceleration: 1.271077 0.1219962 0.0243293
accel: 0.2611091
brake: 0.0
steer: 0.0043
linkid: A219BS010398
trafficlightid: null
turn_signal_lamp: 1.0