position: 67.328349 84.7460000000001 -0.3177321
orientation: 0.02383423 0.8712941 -30.18634
enu_velocity: 21.90958 -12.71981 -0.03079444
velocity: 25.33177 0.02165222 0.3544416
angularVelocity: 0.0001586245 -0.0002372299 0.004794541
acceleration: 1.266094 0.0958367 0.02480458
accel: 0.2583143
brake: 0.0
steer: 0.0064
linkid: A219BS010398
trafficlightid: null
turn_signal_lamp: 1.0