position: 67.45032900000001 84.67499999999995 -0.3179069
orientation: 0.02337646 0.871109 -30.18045
enu_velocity: 21.99101 -12.76013 -0.03053542
velocity: 25.42241 0.02512741 0.3559958
angularVelocity: -0.0006613808 -0.0001164292 0.00522673
acceleration: 1.254874 0.08142453 0.02160184
accel: 0.2543429
brake: 0.0
steer: 0.0064
linkid: A219BS010398
trafficlightid: null
turn_signal_lamp: 1.0