position: 67.695599 84.53300000000013 -0.3182208
orientation: 0.02209473 0.8718286 -30.16452
enu_velocity: 22.15436 -12.8313 -0.02955193
velocity: 25.59937 0.03859711 0.359987
angularVelocity: -0.0007935547 0.0006150618 0.007630588
acceleration: 1.215254 0.1174544 0.02656015
accel: 0.2488025
brake: 0.0
steer: 0.0063
linkid: A219BS010398
trafficlightid: null
turn_signal_lamp: 1.0