position: 67.818889 84.46100000000001 -0.3183552
orientation: 0.02099609 0.8728607 -30.15536
enu_velocity: 22.23302 -12.86865 -0.0290238
velocity: 25.68613 0.04172039 0.3622978
angularVelocity: -0.001190669 0.0009946644 0.00805059
acceleration: 1.202085 0.09309846 0.02528241
accel: 0.2425046
brake: 0.0
steer: 0.0081
linkid: A219BS010398
trafficlightid: null
turn_signal_lamp: 1.0