position: 68.066719 84.31700000000001 -0.3185863
orientation: 0.01794434 0.875926 -30.13443
enu_velocity: 22.38788 -12.93564 -0.027612
velocity: 25.85365 0.05213642 0.3676444
angularVelocity: -0.00164656 0.001535213 0.009890788
acceleration: 1.141653 0.1368141 0.02767517
accel: 0.2332787
brake: 0.0
steer: 0.0079
linkid: A219BS010398
trafficlightid: null
turn_signal_lamp: 1.0