position: 68.191259 84.24500000000012 -0.3186848
orientation: 0.01580811 0.8778797 -30.12265
enu_velocity: 22.46235 -12.96879 -0.0269298
velocity: 25.93467 0.05550671 0.370451
angularVelocity: -0.002178927 0.001761225 0.01036954
acceleration: 1.120055 0.1150629 0.02647414
accel: 0.227671
brake: 0.0
steer: 0.0096
linkid: A219BS010398
trafficlightid: null
turn_signal_lamp: 1.0