position: 68.441509 84.10000000000014 -0.3188559
orientation: 0.01080322 0.8825516 -30.09735
enu_velocity: 22.60752 -13.0302 -0.02662513
velocity: 26.09103 0.06367779 0.3752829
angularVelocity: -0.002010934 0.002231413 0.01177739
acceleration: 1.058484 0.1564934 0.01558842
accel: 0.2155319
brake: 0.0
steer: 0.0093
linkid: A219BS010398
trafficlightid: null
turn_signal_lamp: 1.0