position: 68.819709 83.88100000000009 -0.319051
orientation: 0.005859375 0.8918471 -30.05429
enu_velocity: 22.80944 -13.1155 -0.02644656
velocity: 26.30847 0.0713253 0.383085
angularVelocity: -0.00137362 0.002918669 0.01320802
acceleration: 0.9638681 0.1758595 0.01777899
accel: 0.1967596
brake: 0.0
steer: 0.0105
linkid: A219BS010398
trafficlightid: null
turn_signal_lamp: 1.0