position: 69.20103900000001 83.66000000000008 -0.3192084
orientation: 0.001915545 0.902289 -30.00549
enu_velocity: 22.99452 -13.1864 -0.0260764
velocity: 26.50416 0.08005238 0.3913374
angularVelocity: -0.001329949 0.003118367 0.01490676
acceleration: 0.8610833 0.1889258 0.01246426
accel: 0.1758195
brake: 0.0
steer: 0.0115
linkid: A219BS010398
trafficlightid: null
turn_signal_lamp: 1.0