position: 69.456849 83.51300000000015 -0.3192897
orientation: 0.000277805 0.9099784 -29.9697
enu_velocity: 23.10693 -13.22643 -0.02543172
velocity: 26.6215 0.08496094 0.397406
angularVelocity: -0.0008339589 0.003524219 0.01582674
acceleration: 0.7915893 0.1320427 0.01866201
accel: 0.1636172
brake: 0.0
steer: 0.0125
linkid: A219BS010398
trafficlightid: null
turn_signal_lamp: 1.0