position: 69.713829 83.36400000000003 -0.3193394
orientation: -0.0007018921 0.9187058 -29.93259
enu_velocity: 23.21132 -13.262 -0.02575435
velocity: 26.7297 0.08896351 0.4028758
angularVelocity: -0.0004836507 0.003997474 0.01668082
acceleration: 0.7227609 0.1653348 0.003306813
accel: 0.1496368
brake: 0.0
steer: 0.0121
linkid: A219BS010398
trafficlightid: null
turn_signal_lamp: 1.0