position: 69.84272899999999 83.28999999999996 -0.3193581
orientation: -0.001001873 0.9234841 -29.91321
enu_velocity: 23.26006 -13.27795 -0.02648977
velocity: 26.77989 0.09041023 0.4051797
angularVelocity: -0.0005757014 0.00422482 0.01694684
acceleration: 0.6896267 0.1387089 0.0004357192
accel: 0.1442557
brake: 0.0
steer: 0.0118
linkid: A219BS010398
trafficlightid: null
turn_signal_lamp: 1.0