position: 70.101299 83.14200000000005 -0.3194014
orientation: -0.002001458 0.9334276 -29.87411
enu_velocity: 23.35156 -13.30685 -0.02873769
velocity: 26.87364 0.09264374 0.4091093
angularVelocity: -0.0004990551 0.004304115 0.01734441
acceleration: 0.6244461 0.1833486 -0.01074678
accel: 0.1300588
brake: 0.0
steer: 0.0126
linkid: A219BS010398
trafficlightid: null
turn_signal_lamp: 1.0