position: 70.490899 82.91800000000012 -0.3195483
orientation: -0.00166618 0.947603 -29.81317
enu_velocity: 23.47349 -13.34158 -0.03335189
velocity: 26.99674 0.09454918 0.4131805
angularVelocity: -0.000302178 0.004060446 0.01771387
acceleration: 0.5334426 0.1269122 -0.00803579
accel: 0.113334
brake: 0.0
steer: 0.013
linkid: A219BS010398
trafficlightid: null
turn_signal_lamp: 1.0