position: 70.621189 82.84300000000007 -0.3196104
orientation: -0.001558832 0.9523812 -29.79242
enu_velocity: 23.51139 -13.34938 -0.03433812
velocity: 27.03351 0.09682846 0.4150572
angularVelocity: -0.0002049397 0.004202512 0.01821569
acceleration: 0.503984 0.1619444 -0.005133423
accel: 0.1082699
brake: 0.0
steer: 0.0137
linkid: A219BS010398
trafficlightid: null
turn_signal_lamp: 1.0