position: 7.6109146 13.522000000000162 -0.2633493
orientation: 1.837891 0.9144663 60.64133
enu_velocity: 19.65194 34.85564 -0.003221949
velocity: 40.00887 -0.01873589 0.6363194
angularVelocity: -0.00509557 0.00503243 0.005975005
acceleration: 0.04370868 0.1329832 -0.08746344
accel: 0.02845239
brake: 0.0
steer: 0.0035
linkid: A219BS010380
trafficlightid: null
turn_signal_lamp: 0.0