position: 71.01321899999999 82.61900000000014 -0.3198169
orientation: -0.00064848 0.9670995 -29.72723
enu_velocity: 23.6161 -13.3667 -0.037217
velocity: 27.13305 0.102951 0.420803
angularVelocity: 0.0001347999 0.004160006 0.01943178
acceleration: 0.4319594 0.1653884 -0.007954659
accel: 0.09516142
brake: 0.0
steer: 0.0134
linkid: A219BS010398
trafficlightid: null
turn_signal_lamp: 1.0