position: 71.144259 82.54500000000007 -0.3199049
orientation: -0.0001524205 0.9717115 -29.7049
enu_velocity: 23.64751 -13.37209 -0.0382066
velocity: 27.16302 0.1032591 0.4225053
angularVelocity: 6.995467e-05 0.003978383 0.01945862
acceleration: 0.4109776 0.14538 -0.006287855
accel: 0.09184883
brake: 0.0
steer: 0.0131
linkid: A219BS010398
trafficlightid: null
turn_signal_lamp: 1.0