position: 71.40683899999999 82.39499999999998 -0.3201035
orientation: 0.0002503257 0.9804763 -29.6608
enu_velocity: 23.70566 -13.38284 -0.03884928
velocity: 27.21888 0.1017971 0.4269742
angularVelocity: -0.0002764842 0.003832383 0.01908751
acceleration: 0.3743299 0.1344861 0.01169218
accel: 0.08597348
brake: 0.0
steer: 0.0126
linkid: A219BS010398
trafficlightid: null
turn_signal_lamp: 1.0