position: 71.538369 82.31999999999994 -0.320199
orientation: 0.0002014937 0.984903 -29.63913
enu_velocity: 23.73301 -13.38773 -0.03828304
velocity: 27.24506 0.1007729 0.4300943
angularVelocity: -0.000402536 0.003870293 0.01884766
acceleration: 0.3603129 0.1252206 0.01489064
accel: 0.08325168
brake: 0.0
steer: 0.0124
linkid: A219BS010398
trafficlightid: null
turn_signal_lamp: 1.0