position: 71.670049 82.24500000000012 -0.3202905
orientation: -2.060036e-05 0.9893265 -29.61783
enu_velocity: 23.75911 -13.39274 -0.03743997
velocity: 27.27021 0.0991869 0.4334762
angularVelocity: -0.0005473393 0.003843614 0.01848626
acceleration: 0.3454198 0.1184214 0.01933128
accel: 0.08193097
brake: 0.0
steer: 0.0121
linkid: A219BS010398
trafficlightid: null
turn_signal_lamp: 1.0