position: 72.33060900000001 81.87000000000012 -0.3207925
orientation: -0.001354801 1.006427 -29.5174
enu_velocity: 23.88281 -13.41837 -0.03291624
velocity: 27.39038 0.0900116 0.4482551
angularVelocity: -0.0002149438 0.001922191 0.01666148
acceleration: 0.340501 0.09490585 0.007371988
accel: 0.08366853
brake: 0.0
steer: 0.0107
linkid: A219BS010398
trafficlightid: null
turn_signal_lamp: 1.0