position: 72.59584899999999 81.72000000000003 -0.3210852
orientation: -0.0006237249 1.009065 -29.48035
enu_velocity: 23.93254 -13.43139 -0.0322712
velocity: 27.4401 0.08543491 0.4510362
angularVelocity: 0.0002375962 0.0007095957 0.01589089
acceleration: 0.3460196 0.0900402 0.01771764
accel: 0.08987856
brake: 0.0
steer: 0.01
linkid: A219BS010398
trafficlightid: null
turn_signal_lamp: 1.0