position: 72.728679 81.64499999999998 -0.321252
orientation: 0.0001937299 1.009386 -29.46246
enu_velocity: 23.95829 -13.43895 -0.03133156
velocity: 27.46624 0.0829525 0.4525892
angularVelocity: 0.0004811587 0.0001330998 0.01548206
acceleration: 0.3686436 0.07944086 0.01987089
accel: 0.09441222
brake: 0.0
steer: 0.0098
linkid: A219BS010398
trafficlightid: null
turn_signal_lamp: 1.0