position: 72.994809 81.49500000000012 -0.3216221
orientation: 0.002531324 1.008034 -29.42822
enu_velocity: 24.01354 -13.45714 -0.02936022
velocity: 27.52331 0.07787132 0.4549136
angularVelocity: 0.0009662274 -0.0009909919 0.01464784
acceleration: 0.4101271 0.08005404 0.01889003
accel: 0.1061914
brake: 0.0
steer: 0.0092
linkid: A219BS010398
trafficlightid: null
turn_signal_lamp: 1.0