position: 7.8295574000000006 13.909000000000106 -0.2631012
orientation: 1.828156 0.9294705 60.65665
enu_velocity: 19.64148 34.86858 -0.02059071
velocity: 40.01513 -0.01429939 0.6293781
angularVelocity: -0.00351132 0.007138581 0.00674511
acceleration: 0.03991966 0.1151647 -0.1367971
accel: 0.02594095
brake: 0.0
steer: 0.0039
linkid: A219BS010380
trafficlightid: null
turn_signal_lamp: 0.0