position: 73.79767899999999 81.04300000000012 -0.3230647
orientation: 0.01065063 0.9890437 -29.33716
enu_velocity: 24.22594 -13.54327 -0.02616416
velocity: 27.75082 0.06315422 0.4529043
angularVelocity: 0.0008515618 -0.004177087 0.01198715
acceleration: 0.6323708 0.06061567 0.02523699
accel: 0.1527517
brake: 0.0
steer: 0.007
linkid: A219BS010398
trafficlightid: null
turn_signal_lamp: 1.0