position: 74.609519 80.58699999999999 -0.3248252
orientation: 0.01733398 0.9506463 -29.26532
enu_velocity: 24.53389 -13.69381 -0.01848976
velocity: 28.09324 0.04763603 0.4476565
angularVelocity: 0.001169907 -0.006069139 0.009093848
acceleration: 0.9147382 0.03241327 0.03336384
accel: 0.2041625
brake: 0.0
steer: 0.0055
linkid: A219BS010398
trafficlightid: null
turn_signal_lamp: 1.0