position: 7.938849800000001 14.103000000000065 -0.2630663
orientation: 1.826141 0.9366097 60.66499
enu_velocity: 19.6361 34.87422 -0.03035917
velocity: 40.01748 -0.01285553 0.6245844
angularVelocity: -0.001397965 0.006240319 0.007199956
acceleration: 0.03164546 0.09550377 -0.1351919
accel: 0.02507581
brake: 0.0
steer: 0.0042
linkid: A219BS010380
trafficlightid: null
turn_signal_lamp: 0.0