position: 74.882699 80.43399999999997 -0.3253929
orientation: 0.02166748 0.9363764 -29.24384
enu_velocity: 24.66283 -13.74515 -0.01612037
velocity: 28.23089 0.05532551 0.4452709
angularVelocity: 0.003151762 -0.0063223 0.01121462
acceleration: 0.9729554 0.3805863 0.02836217
accel: 0.2131332
brake: 0.0
steer: 0.0121
linkid: A219BS010398
trafficlightid: null
turn_signal_lamp: 1.0