position: 76.130719 79.73800000000006 -0.3274886
orientation: 0.08087158 0.8789126 -29.0036
enu_velocity: 25.36397 -13.8756 -0.009631332
velocity: 28.90759 0.1632566 0.4336122
angularVelocity: 0.003590228 -0.004317214 0.03343293
acceleration: 1.067598 0.3541813 0.02029942
accel: 0.2229578
brake: 0.0
steer: 0.0275
linkid: A219BS010398
trafficlightid: null
turn_signal_lamp: 1.0