position: 8.04811565 14.29600000000005 -0.2630667
orientation: 1.827118 0.9438578 60.67386
enu_velocity: 19.6271 34.87164 -0.03601841
velocity: 40.01084 -0.0124855 0.623867
angularVelocity: 0.001407454 0.007144075 0.007704584
acceleration: -0.204733 0.09604361 -0.0714563
accel: 0.02463816
brake: 0.0
steer: 0.0042
linkid: A219BS010380
trafficlightid: null
turn_signal_lamp: 0.0