position: 76.271459 79.66000000000008 -0.327663
orientation: 0.08624268 0.87434 -28.96158
enu_velocity: 25.45008 -13.87611 -0.009410555
velocity: 28.98331 0.1833391 0.4326358
angularVelocity: 0.004105495 -0.003810009 0.03749294
acceleration: 1.046831 0.5393557 0.01771831
accel: 0.2206967
brake: 0.0
steer: 0.0272
linkid: A219BS010398
trafficlightid: null
turn_signal_lamp: 1.0