position: 76.69612900000001 79.42499999999995 -0.3280445
orientation: 0.09616089 0.8657361 -28.82138
enu_velocity: 25.68435 -13.88334 -0.008862285
velocity: 29.19245 0.2190886 0.4318995
angularVelocity: 0.001679546 -0.0009920627 0.04381772
acceleration: 0.8257813 0.5645391 0.01280965
accel: 0.1561717
brake: 0.0
steer: 0.0305
linkid: A219BS010398
trafficlightid: null
turn_signal_lamp: 1.0