position: 76.83842899999999 79.34699999999998 -0.3280941
orientation: 0.09823608 0.8657449 -28.76968
enu_velocity: 25.74867 -13.87746 -0.009153491
velocity: 29.24617 0.2288752 0.4323998
angularVelocity: 0.0009602496 0.0004051716 0.04545065
acceleration: 0.7204615 0.4840824 0.0005336049
accel: 0.1404781
brake: 0.0
steer: 0.03
linkid: A219BS010398
trafficlightid: null
turn_signal_lamp: 1.0