position: 76.981029 79.26800000000003 -0.3281115
orientation: 0.09927368 0.8671634 -28.71701
enu_velocity: 25.80543 -13.87233 -0.01021862
velocity: 29.29368 0.2337656 0.4327652
angularVelocity: -5.315966e-05 0.001613425 0.04606223
acceleration: 0.637585 0.4311475 -0.007031432
accel: 0.08012608
brake: 0.0
steer: 0.0337
linkid: A219BS010398
trafficlightid: null
turn_signal_lamp: 1.0