position: 77.83618899999999 78.80200000000013 -0.3261035
orientation: 0.1243591 0.9633148 -28.32675
enu_velocity: 25.63193 -13.40469 -0.02477217
velocity: 28.9195 0.3637695 0.4607056
angularVelocity: 0.008511146 0.03005086 0.07404994
acceleration: -2.192565 0.9089718 -0.09364766
accel: 0.0
brake: 0.1206156
steer: 0.0738
linkid: A219BS010398
trafficlightid: null
turn_signal_lamp: 1.0