position: 77.97694899999999 78.72600000000011 -0.3252324
orientation: 0.1367188 1.001842 -28.23511
enu_velocity: 25.51378 -13.23778 -0.02922878
velocity: 28.73678 0.4087877 0.472319
angularVelocity: 0.0112081 0.03506747 0.08408219
acceleration: -2.685043 1.690384 -0.115106
accel: 0.0
brake: 0.1428415
steer: 0.0739
linkid: A219BS010398
trafficlightid: null
turn_signal_lamp: 1.0