position: 78.66558900000001 78.35900000000015 -0.3201949
orientation: 0.1853943 1.22921 -27.61652
enu_velocity: 24.66156 -12.19303 -0.01878662
velocity: 27.49804 0.6298733 0.5692012
angularVelocity: -0.01648883 0.03281362 0.1253726
acceleration: -3.734467 1.520433 0.2128728
accel: 0.0
brake: 0.1679702
steer: 0.0919
linkid: A219BS010398
trafficlightid: null
turn_signal_lamp: 1.0