position: 8.2664796 14.682999999999993 -0.2628742
orientation: 1.834045 0.9675446 60.69287
enu_velocity: 19.60876 34.86209 -0.04197036
velocity: 39.99336 -0.01403427 0.6342231
angularVelocity: 0.003501097 0.01169281 0.008043206
acceleration: 0.09217191 0.07592518 -0.04575489
accel: 0.03649309
brake: 0.0
steer: 0.0045
linkid: A219BS010380
trafficlightid: null
turn_signal_lamp: 0.0