position: 79.06593900000001 78.15100000000007 -0.3182582
orientation: 0.02471924 1.293401 -27.17456
enu_velocity: 24.11486 -11.59879 0.02580196
velocity: 26.74286 0.6950998 0.6293074
angularVelocity: -0.0591457 0.012793 0.1317273
acceleration: -3.739823 1.268137 0.0136893
accel: 0.0
brake: 0.187048
steer: 0.1087
linkid: A219BS010398
trafficlightid: null
turn_signal_lamp: 1.0