position: 79.58403899999999 77.88900000000012 -0.3165292
orientation: -0.186469 1.330681 -26.5351
enu_velocity: 23.2998 -10.73689 0.03405914
velocity: 25.63437 0.8011694 0.6321384
angularVelocity: -0.03851853 0.004928701 0.1452301
acceleration: -3.857559 1.172788 -0.1019553
accel: 0.0
brake: 0.1852037
steer: 0.1312
linkid: A219BS010398
trafficlightid: null
turn_signal_lamp: 1.0