position: 79.96009900000001 77.70399999999995 -0.3157187
orientation: -0.2608075 1.343218 -26.00598
enu_velocity: 22.66387 -10.12522 0.02437788
velocity: 24.80128 0.8345308 0.6097268
angularVelocity: -0.02231651 0.001314873 0.1508727
acceleration: -3.78398 0.5049227 -0.1313753
accel: 0.0
brake: 0.1846352
steer: 0.1299
linkid: A219BS010398
trafficlightid: null
turn_signal_lamp: 1.0