position: 80.56287900000001 77.41599999999994 -0.3153611
orientation: -0.2856969 1.343775 -25.11932
enu_velocity: 21.5782 -9.159504 0.003115718
velocity: 23.4192 0.8640404 0.5567899
angularVelocity: 0.001781166 -0.00154799 0.1592736
acceleration: -3.843865 0.9907206 -0.132294
accel: 0.0
brake: 0.1855466
steer: 0.127
linkid: A219BS010398
trafficlightid: null
turn_signal_lamp: 1.0