position: 8.484783 15.07100000000014 -0.2628139
orientation: 1.84729 0.989028 60.71321
enu_velocity: 19.60134 34.87912 -0.04813284
velocity: 40.00443 -0.01298904 0.6432297
angularVelocity: 0.006487746 0.008277558 0.008837895
acceleration: 0.05134002 0.09417608 -0.03192294
accel: 0.02955843
brake: 0.0
steer: 0.0047
linkid: A219BS010380
trafficlightid: null
turn_signal_lamp: 0.0