position: 81.987539 76.78800000000001 -0.3087383
orientation: -0.464882 1.449833 -22.53796
enu_velocity: 18.7559 -6.579353 0.08091643
velocity: 19.83687 1.10742 0.5920134
angularVelocity: -0.01628536 0.0007630247 0.1883453
acceleration: -3.788692 1.111565 -0.2260139
accel: 0.0
brake: 0.173268
steer: 0.1835
linkid: A219BS010663
trafficlightid: null
turn_signal_lamp: 1.0