position: 8.5939052 15.264000000000124 -0.2628335
orientation: 1.852814 0.9978052 60.72377
enu_velocity: 19.59606 34.88482 -0.04419426
velocity: 40.00664 -0.01257896 0.6533327
angularVelocity: 0.003727285 0.007982455 0.00898236
acceleration: 0.03138777 0.1088588 0.07769601
accel: 0.02912833
brake: 0.0
steer: 0.0047
linkid: A219BS010380
trafficlightid: null
turn_signal_lamp: 0.0