position: 82.48247900000001 76.59100000000012 -0.308733
orientation: -0.5135686 1.399672 -21.46927
enu_velocity: 17.78662 -5.840525 0.02103226
velocity: 18.68403 1.070341 0.4871726
angularVelocity: -0.01278482 -0.01895864 0.1787861
acceleration: -2.849401 0.7013347 -0.2154769
accel: 0.0
brake: 0.1088935
steer: 0.2121
linkid: A219BS010663
trafficlightid: null
turn_signal_lamp: 1.0