position: 82.76876899999999 76.48199999999997 -0.3107407
orientation: -0.5145165 1.322146 -20.80847
enu_velocity: 17.42627 -5.404462 -0.005982176
velocity: 18.20481 1.134881 0.4243895
angularVelocity: 0.0001827441 -0.02735717 0.2016887
acceleration: -1.911878 1.274078 -0.1186583
accel: 0.0
brake: 0.06206499
steer: 0.2072
linkid: A219BS010663
trafficlightid: null
turn_signal_lamp: 1.0