position: 82.95678899999999 76.41100000000006 -0.3125634
orientation: -0.4976368 1.258635 -20.33438
enu_velocity: 17.27174 -5.151456 -0.01436777
velocity: 17.98147 1.168127 0.3908573
angularVelocity: 0.003670365 -0.03055637 0.2091391
acceleration: -1.44337 1.296479 -0.06364832
accel: 0.0
brake: 0.03479016
steer: 0.2336
linkid: A219BS010663
trafficlightid: null
turn_signal_lamp: 1.0