position: 83.05026900000001 76.37699999999995 -0.3135552
orientation: -0.4839506 1.224796 -20.08661
enu_velocity: 17.22811 -5.009558 -0.01666577
velocity: 17.89695 1.208841 0.3761908
angularVelocity: 0.00828721 -0.03151822 0.2177854
acceleration: -1.247205 1.585374 -0.04008358
accel: 0.0
brake: 0.02562708
steer: 0.2304
linkid: A219BS010663
trafficlightid: null
turn_signal_lamp: 1.0