position: 83.14347900000001 76.34400000000005 -0.3145657
orientation: -0.466824 1.190536 -19.83142
enu_velocity: 17.19135 -4.880885 -0.01770344
velocity: 17.82419 1.237889 0.3628086
angularVelocity: 0.01072872 -0.03177594 0.2237469
acceleration: -1.045522 1.479359 -0.02022587
accel: 0.0
brake: 0.01607218
steer: 0.1934
linkid: A219BS010663
trafficlightid: null
turn_signal_lamp: 1.0