position: 83.236559 76.30999999999995 -0.3155811
orientation: -0.4528724 1.156032 -19.57828
enu_velocity: 17.15497 -4.817287 -0.01667593
velocity: 17.77411 1.207018 0.3515411
angularVelocity: 0.003991995 -0.03197692 0.215137
acceleration: -0.6144344 -0.1235363 0.01737623
accel: 0.0
brake: 0.01022783
steer: 0.1888
linkid: A219BS010663
trafficlightid: null
turn_signal_lamp: 1.0