position: 8.702993900000001 15.458000000000084 -0.2628198
orientation: 1.854706 1.006262 60.73439
enu_velocity: 19.5894 34.89073 -0.03588118
velocity: 40.0083 -0.01083183 0.6675349
angularVelocity: 0.000844866 0.007507675 0.009043522
acceleration: 0.02391732 0.1265253 0.1199871
accel: 0.02853518
brake: 0.0
steer: 0.0049
linkid: A219BS010380
trafficlightid: null
turn_signal_lamp: 0.0