position: 83.422559 76.2460000000001 -0.3175014
orientation: -0.4498714 1.088755 -19.10779
enu_velocity: 17.09949 -4.714938 -0.006563889
velocity: 17.69773 1.139671 0.338733
angularVelocity: -0.005650241 -0.02982773 0.2005269
acceleration: -0.4357461 0.61777 0.1143387
accel: 0.02204539
brake: 0.0
steer: 0.2146
linkid: A219BS010663
trafficlightid: null
turn_signal_lamp: 1.0