position: 83.79460900000001 76.12200000000007 -0.3199989
orientation: -0.4267455 0.9862886 -18.1228
enu_velocity: 17.14608 -4.325324 0.02234682
velocity: 17.63791 1.220148 0.3350958
angularVelocity: -0.001147843 -0.01944748 0.2169409
acceleration: -0.06238115 0.9834509 0.09065463
accel: 0.03129575
brake: 0.0
steer: 0.2428
linkid: A219BS010663
trafficlightid: null
turn_signal_lamp: 1.0