position: 83.88783900000001 76.0920000000001 -0.3203201
orientation: -0.4254011 0.9687372 -17.87335
enu_velocity: 17.15875 -4.232816 0.02760374
velocity: 17.62675 1.235281 0.3348438
angularVelocity: -0.001312577 -0.01614818 0.2201252
acceleration: -0.1977663 1.683073 0.07584044
accel: 0.03370333
brake: 0.0
steer: 0.2386
linkid: A219BS010663
trafficlightid: null
turn_signal_lamp: 1.0