position: 83.98113900000001 76.06200000000013 -0.320523
orientation: -0.4185748 0.9545876 -17.61438
enu_velocity: 17.1804 -4.119788 0.03256056
velocity: 17.61859 1.269907 0.3354164
angularVelocity: 0.003106495 -0.01334337 0.2275142
acceleration: -0.1656023 1.551038 0.0751592
accel: 0.04004712
brake: 0.0
steer: 0.2341
linkid: A219BS010663
trafficlightid: null
turn_signal_lamp: 1.0