position: 84.16809900000001 76.00400000000013 -0.320704
orientation: -0.3913068 0.933035 -17.07602
enu_velocity: 17.23103 -3.906253 0.03641786
velocity: 17.61552 1.323435 0.3323548
angularVelocity: 0.01100253 -0.009991582 0.2388726
acceleration: -0.09857178 1.510525 0.03380908
accel: 0.04399556
brake: 0.0
steer: 0.2243
linkid: A219BS010663
trafficlightid: null
turn_signal_lamp: 1.0