position: 85.20795899999999 75.71800000000007 -0.3193574
orientation: -0.2267244 0.8949922 -13.87982
enu_velocity: 17.56396 -2.795932 0.03128406
velocity: 17.71917 1.49783 0.3140232
angularVelocity: 0.00584609 -0.005152729 0.2697096
acceleration: 0.1921731 1.484786 0.02152388
accel: 0.1097836
brake: 0.0
steer: 0.2952
linkid: A219BS010663
trafficlightid: null
turn_signal_lamp: 1.0