position: 85.39973900000001 75.67200000000003 -0.3192683
orientation: -0.2134905 0.8845396 -13.25562
enu_velocity: 17.64154 -2.575654 0.03433007
velocity: 17.75945 1.536941 0.3142577
angularVelocity: 2.980046e-05 -0.005689011 0.2750807
acceleration: 0.1702155 1.706609 0.03410736
accel: 0.1295349
brake: 0.0
steer: 0.2839
linkid: A219BS010663
trafficlightid: null
turn_signal_lamp: 1.0