position: 85.98168899999999 75.54700000000003 -0.3193286
orientation: -0.2622298 0.8414844 -11.3125
enu_velocity: 17.91323 -1.839286 0.02023227
velocity: 17.92377 1.708996 0.2913187
angularVelocity: -0.00761516 -0.007404341 0.3045068
acceleration: 0.105639 2.625671 -0.08985982
accel: 0.1747802
brake: 0.0
steer: 0.3423
linkid: A219BS010663
trafficlightid: null
turn_signal_lamp: 1.0