position: 9.030019900000001 16.038999999999987 -0.2629309
orientation: 1.856598 1.016286 60.76634
enu_velocity: 19.56832 34.90881 -0.01643064
velocity: 40.01329 -0.005033493 0.6939058
angularVelocity: 0.001244619 -0.000598641 0.009429327
acceleration: 0.0354542 0.1254422 0.01891516
accel: 0.02674628
brake: 0.0
steer: 0.005
linkid: A219BS010380
trafficlightid: null
turn_signal_lamp: 0.0