position: 86.77437900000001 75.41300000000001 -0.3196719
orientation: -0.2775563 0.8355446 -8.282349
enu_velocity: 18.36417 -0.7504954 -0.03225205
velocity: 18.27927 1.901553 0.2435445
angularVelocity: -0.008795607 0.0001507764 0.3377569
acceleration: 0.6516305 1.52219 -0.1163711
accel: 0.195978
brake: 0.0
steer: 0.3614
linkid: A219BS010663
trafficlightid: null
turn_signal_lamp: 1.0