position: 86.97621900000001 75.38599999999997 -0.3200063
orientation: -0.2679787 0.840897 -7.487244
enu_velocity: 18.46795 -0.458757 -0.04723335
velocity: 18.36899 1.950569 0.2314974
angularVelocity: 0.001929299 0.001198891 0.349482
acceleration: 0.5363468 1.900116 -0.03016823
accel: 0.2080412
brake: 0.0
steer: 0.3462
linkid: A219BS010663
trafficlightid: null
turn_signal_lamp: 1.0