position: 9.138962000000001 16.232999999999947 -0.2631207
orientation: 1.860199 1.01258 60.77725
enu_velocity: 19.56262 34.91452 -0.01630164
velocity: 40.01552 -0.004920959 0.6914819
angularVelocity: 0.003543588 -0.003681345 0.009684016
acceleration: 0.02770543 0.1039702 0.00216691
accel: 0.02548998
brake: 0.0
steer: 0.0051
linkid: A219BS010380
trafficlightid: null
turn_signal_lamp: 0.0