position: 87.28190900000001 75.35000000000014 -0.3204557
orientation: -0.2386827 0.8552486 -6.294739
enu_velocity: 18.64284 -0.1315953 -0.05046908
velocity: 18.54356 1.912301 0.234312
angularVelocity: 0.003274088 0.003533059 0.3425911
acceleration: 0.6607588 1.449001 0.01889092
accel: 0.1968135
brake: 0.0
steer: 0.3523
linkid: A219BS010663
trafficlightid: null
turn_signal_lamp: 1.0