position: 87.38454899999999 75.33899999999994 -0.3205416
orientation: -0.222766 0.8624591 -5.896423
enu_velocity: 18.68897 0.0142509 -0.04987374
velocity: 18.58727 1.933196 0.2374493
angularVelocity: 0.01023368 0.005237464 0.3485613
acceleration: 0.4677622 2.0241 0.02503548
accel: 0.2059557
brake: 0.0
steer: 0.3447
linkid: A219BS010663
trafficlightid: null
turn_signal_lamp: 1.0