position: 87.48751899999999 75.32899999999995 -0.3205904
orientation: -0.202374 0.8708408 -5.49585
enu_velocity: 18.74017 0.142018 -0.04870117
velocity: 18.63901 1.935339 0.2414473
angularVelocity: 0.01297301 0.006198542 0.3495907
acceleration: 0.5774372 1.781931 0.03174595
accel: 0.2044206
brake: 0.0
steer: 0.3371
linkid: A219BS010663
trafficlightid: null
turn_signal_lamp: 1.0