position: 87.69462899999999 75.31100000000015 -0.3206621
orientation: -0.16047 0.8878185 -4.701172
enu_velocity: 18.85038 0.3632648 -0.04695067
velocity: 18.75566 1.90631 0.2490327
angularVelocity: 0.01238555 0.005807231 0.3440216
acceleration: 0.6420304 1.501718 0.01147074
accel: 0.1947494
brake: 0.0
steer: 0.3634
linkid: A219BS010663
trafficlightid: null
turn_signal_lamp: 1.0