position: 87.79872900000001 75.30300000000011 -0.320718
orientation: -0.1388764 0.8953631 -4.306213
enu_velocity: 18.89544 0.5019233 -0.04554536
velocity: 18.80283 1.918694 0.2529568
angularVelocity: 0.01549431 0.006068417 0.3476555
acceleration: 0.3072255 2.483208 0.05052929
accel: 0.1901809
brake: 0.0
steer: 0.3562
linkid: A219BS010663
trafficlightid: null
turn_signal_lamp: 1.0