position: 9.247877 16.427000000000135 -0.2633955
orientation: 1.866394 1.005558 60.7883
enu_velocity: 19.55753 34.91934 -0.01560718
velocity: 40.01733 -0.005901337 0.6873351
angularVelocity: 0.005760867 -0.00648831 0.009868307
acceleration: 0.02271365 0.092226 0.006795777
accel: 0.02494714
brake: 0.0
steer: 0.005
linkid: A219BS010380
trafficlightid: null
turn_signal_lamp: 0.0