position: 88.74921900000001 75.2650000000001 -0.3176529
orientation: -0.05705675 1.007573 -0.6207581
enu_velocity: 19.26575 1.816031 0.04035519
velocity: 19.24126 2.024273 0.3807786
angularVelocity: -0.009989113 0.01042441 0.3610367
acceleration: 0.5696906 1.77767 0.1138957
accel: 0.200721
brake: 0.0
steer: 0.3737
linkid: A219BS010663
trafficlightid: null
turn_signal_lamp: 1.0