position: 89.28708900000001 75.27200000000016 -0.3159004
orientation: -0.08920061 1.034238 1.516357
enu_velocity: 19.42941 2.601199 0.02176427
velocity: 19.48787 2.085552 0.376826
angularVelocity: -0.01648252 -0.00367435 0.3703092
acceleration: 0.5836713 1.753602 -0.1403395
accel: 0.1907487
brake: 0.0
steer: 0.3715
linkid: A219BS010663
trafficlightid: null
turn_signal_lamp: 1.0