position: 89.72183899999999 75.29099999999994 -0.3169068
orientation: -0.09517679 1.003485 3.254303
enu_velocity: 19.52489 3.225895 -0.03324024
velocity: 19.67409 2.111791 0.3148727
angularVelocity: -0.008036481 -0.009159885 0.3773973
acceleration: 0.4875724 1.842455 -0.1576893
accel: 0.1770847
brake: 0.0
steer: 0.3711
linkid: A219BS010663
trafficlightid: null
turn_signal_lamp: 1.0