position: 89.94047900000001 75.30600000000004 -0.3178499
orientation: -0.08731613 0.9874279 4.124573
enu_velocity: 19.54995 3.542321 -0.05397205
velocity: 19.7521 2.126577 0.2896999
angularVelocity: 0.0005714102 -0.00637782 0.3824634
acceleration: 0.2831299 2.190238 -0.1298335
accel: 0.1743234
brake: 0.0
steer: 0.3572
linkid: A219BS010663
trafficlightid: null
turn_signal_lamp: 1.0