position: 90.489689 75.35799999999995 -0.3202201
orientation: -0.04342512 0.9757766 6.298218
enu_velocity: 19.59086 4.274868 -0.08579348
velocity: 19.94016 2.099688 0.2554095
angularVelocity: 0.002180799 0.001436851 0.3785832
acceleration: 0.2374346 2.02242 -0.05143901
accel: 0.1433029
brake: 0.0
steer: 0.3452
linkid: A219BS010663
trafficlightid: null
turn_signal_lamp: 1.0