position: 90.93064899999999 75.41499999999996 -0.3216597
orientation: -0.02296144 0.9964809 8.006409
enu_velocity: 19.56952 4.833384 -0.08657535
velocity: 20.05046 2.060436 0.2629874
angularVelocity: -0.004322984 0.00770164 0.3703203
acceleration: 0.04677415 2.002727 0.06125218
accel: 0.1092818
brake: 0.0
steer: 0.3361
linkid: A219BS010663
trafficlightid: null
turn_signal_lamp: 1.0