position: 9.574300000000001 17.008000000000038 -0.2641571
orientation: 1.882721 0.9812211 60.82184
enu_velocity: 19.52715 34.90948 -0.003161016
velocity: 39.99394 -0.007585526 0.6824409
angularVelocity: 0.005813427 -0.007744996 0.01011623
acceleration: 0.08804531 0.1059761 -0.002899986
accel: 0.03595435
brake: 0.0
steer: 0.0051
linkid: A219BS010380
trafficlightid: null
turn_signal_lamp: 0.0