position: 91.69862900000001 75.54500000000007 -0.3214357
orientation: -0.01436135 1.108977 10.94913
enu_velocity: 19.22235 5.783862 -0.06028635
velocity: 19.96843 2.027448 0.3267537
angularVelocity: -0.009234336 0.015891 0.3627975
acceleration: -0.2613782 1.650919 0.06021259
accel: 0.01940246
brake: 0.0
steer: 0.3513
linkid: A219BS010663
trafficlightid: null
turn_signal_lamp: 1.0