position: 92.13148899999999 75.63699999999994 -0.3206872
orientation: -0.01883583 1.17914 12.61572
enu_velocity: 18.9608 6.31834 -0.04460019
velocity: 19.87973 2.024421 0.3652362
angularVelocity: -0.007493788 0.01304419 0.362458
acceleration: -0.3464735 1.830166 0.01983265
accel: 0.01193932
brake: 0.0
steer: 0.3557
linkid: A219BS010663
trafficlightid: null
turn_signal_lamp: 1.0