position: 9.683037 17.201999999999998 -0.2644764
orientation: 1.891968 0.9698296 60.83328
enu_velocity: 19.52457 34.91896 -0.002641578
velocity: 40.00109 -0.00881958 0.675169
angularVelocity: 0.00859436 -0.01022997 0.01034779
acceleration: 0.08489712 0.09210441 0.00854317
accel: 0.03026103
brake: 0.0
steer: 0.0051
linkid: A219BS010380
trafficlightid: null
turn_signal_lamp: 0.0