position: 93.08349899999999 75.88599999999997 -0.3206299
orientation: -0.004649428 1.28281 16.33612
enu_velocity: 18.13608 7.396978 -0.07429062
velocity: 19.48124 1.997154 0.362096
angularVelocity: -0.01070128 0.00747423 0.3564651
acceleration: -0.8754283 1.727346 -0.08974993
accel: 0.0
brake: 0.01286862
steer: 0.3492
linkid: A219BS010663
trafficlightid: null
turn_signal_lamp: 1.0