position: 93.28979899999999 75.94900000000007 -0.3210691
orientation: -0.01387579 1.299829 17.14682
enu_velocity: 17.9182 7.605952 -0.08390674
velocity: 19.3611 1.985133 0.3558594
angularVelocity: -0.0108897 0.007744782 0.3541553
acceleration: -1.174747 1.947986 -0.08945107
accel: 0.0
brake: 0.02024787
steer: 0.3386
linkid: A219BS010663
trafficlightid: null
turn_signal_lamp: 1.0