position: 93.992449 76.1880000000001 -0.3230033
orientation: -0.07654128 1.340436 19.94284
enu_velocity: 17.03626 8.258152 -0.07708203
velocity: 18.82802 1.951674 0.3660668
angularVelocity: -0.01367236 0.004954214 0.3465047
acceleration: -1.254961 1.612045 -0.03894176
accel: 0.0
brake: 0.03164448
steer: 0.3324
linkid: A219BS010663
trafficlightid: null
turn_signal_lamp: 1.0