position: 9.900452000000001 17.590000000000146 -0.2651511
orientation: 1.910858 0.942734 60.8562
enu_velocity: 19.51627 34.93042 0.01138049
velocity: 40.00712 -0.01194382 0.670482
angularVelocity: 0.006085673 -0.01148605 0.01030806
acceleration: 0.03334126 0.1079245 0.1356401
accel: 0.02927714
brake: 0.0
steer: 0.005
linkid: A219BS010380
trafficlightid: null
turn_signal_lamp: 0.0