position: 95.20606900000001 76.69499999999994 -0.3270094
orientation: -0.3571615 1.334059 24.75751
enu_velocity: 15.26066 8.936021 -0.04510844
velocity: 17.59652 1.721551 0.3754046
angularVelocity: -0.01027078 -0.00287854 0.3037956
acceleration: -1.67317 1.226493 -0.08757637
accel: 0.0
brake: 0.05813349
steer: 0.3026
linkid: A219BS010663
trafficlightid: null
turn_signal_lamp: 1.0