position: 10.00911 17.784000000000106 -0.2653945
orientation: 1.915222 0.9299183 60.86751
enu_velocity: 19.5099 34.937 0.01962245
velocity: 40.00977 -0.01104164 0.6697891
angularVelocity: 0.002944378 -0.01057893 0.01022646
acceleration: 0.03647706 0.1306533 0.1040754
accel: 0.02823705
brake: 0.0
steer: 0.005
linkid: A219BS010380
trafficlightid: null
turn_signal_lamp: 0.0