position: 95.55376899999999 76.86200000000008 -0.3284362
orientation: -0.3269101 1.329842 26.1264
enu_velocity: 14.69123 9.05189 -0.07175771
velocity: 17.17321 1.65579 0.3363399
angularVelocity: 0.006082635 -0.002441065 0.2966738
acceleration: -1.596018 1.471547 -0.1354728
accel: 0.0
brake: 0.05731896
steer: 0.3149
linkid: A219BS010663
trafficlightid: null
turn_signal_lamp: 1.0