position: 95.88901899999999 77.03300000000013 -0.330304
orientation: -0.2819748 1.32508 27.48203
enu_velocity: 14.09518 9.196761 -0.07154109
velocity: 16.74583 1.65288 0.323928
angularVelocity: -0.008104021 -0.002460317 0.2942122
acceleration: -1.537544 1.464854 0.09606303
accel: 0.0
brake: 0.04647743
steer: 0.3212
linkid: A219BS010663
trafficlightid: null
turn_signal_lamp: 1.0