position: 96.132419 77.16300000000001 -0.3314553
orientation: -0.3078541 1.321258 28.49927
enu_velocity: 13.65908 9.340166 -0.062548
velocity: 16.45762 1.689231 0.3261015
angularVelocity: -0.0139534 -0.003375466 0.2977861
acceleration: -1.434382 1.532814 -0.02583586
accel: 0.0
brake: 0.04034064
steer: 0.305
linkid: A219BS010663
trafficlightid: null
turn_signal_lamp: 1.0