position: 96.75165899999999 77.52300000000014 -0.3346781
orientation: -0.4335668 1.288277 31.07776
enu_velocity: 12.78637 9.449772 -0.02181759
velocity: 15.82559 1.490513 0.3453586
angularVelocity: -0.03436471 -0.004451687 0.2553327
acceleration: -1.113851 0.6720371 0.1484497
accel: 0.0
brake: 0.03383956
steer: 0.295
linkid: A219BS010663
trafficlightid: null
turn_signal_lamp: 1.0