position: 96.973769 77.66100000000006 -0.3347124
orientation: -0.4910354 1.289064 31.98657
enu_velocity: 12.40777 9.582381 0.007554758
velocity: 15.59579 1.551729 0.3718085
angularVelocity: -0.01493089 -0.0004854584 0.2714816
acceleration: -0.9557729 1.239142 0.09149658
accel: 0.0
brake: 0.01850967
steer: 0.2788
linkid: A219BS010663
trafficlightid: null
turn_signal_lamp: 1.0