position: 10.226309 18.172000000000025 -0.2655951
orientation: 1.918365 0.909589 60.89015
enu_velocity: 19.49512 34.94988 0.03835526
velocity: 40.01376 -0.007486343 0.6742733
angularVelocity: 0.001131211 -0.006950709 0.01017418
acceleration: 0.02114493 0.1355592 0.1366918
accel: 0.02680268
brake: 0.0
steer: 0.0049
linkid: A219BS010380
trafficlightid: null
turn_signal_lamp: 0.0