position: 97.26263900000001 77.84799999999996 -0.3348145
orientation: -0.5366981 1.279705 33.17621
enu_velocity: 12.07638 9.656005 0.0005535525
velocity: 15.38789 1.470324 0.3580886
angularVelocity: -0.01144673 -0.008238038 0.2569229
acceleration: -1.059011 1.828021 -0.058948
accel: 0.0
brake: 0.01878089
steer: 0.2854
linkid: A219BS010663
trafficlightid: null
turn_signal_lamp: 1.0