position: 97.40414899999999 77.94299999999998 -0.3353746
orientation: -0.534584 1.260795 33.78154
enu_velocity: 11.87524 9.748827 -0.008626195
velocity: 15.28737 1.496784 0.341805
angularVelocity: -0.006159205 -0.01274506 0.2625941
acceleration: -0.5852391 0.866881 -0.07156198
accel: 0.0
brake: 0.007909791
steer: 0.2727
linkid: A219BS010663
trafficlightid: null
turn_signal_lamp: 1.0