position: 97.47426899999999 77.99099999999999 -0.3358183
orientation: -0.539848 1.246677 34.07751
enu_velocity: 11.81271 9.770167 -0.01328119
velocity: 15.25528 1.470543 0.332572
angularVelocity: -0.01164968 -0.01531337 0.2564968
acceleration: -0.5692284 0.7049766 -0.06964435
accel: 0.0
brake: 0.01044198
steer: 0.2659
linkid: A219BS010663
trafficlightid: null
turn_signal_lamp: 1.0