position: 10.33485 18.365999999999985 -0.2654746
orientation: 1.918243 0.9041223 60.90155
enu_velocity: 19.48806 34.95499 0.05108437
velocity: 40.01465 -0.006496429 0.683171
angularVelocity: -0.0006675813 -0.00360008 0.01006579
acceleration: 0.009674177 0.1293509 0.1713016
accel: 0.02654248
brake: 0.0
steer: 0.0049
linkid: A219BS010380
trafficlightid: null
turn_signal_lamp: 0.0