position: 98.616139 78.84100000000012 -0.3441807
orientation: -0.5985695 1.053284 38.73834
enu_velocity: 10.92064 10.54139 -0.03325709
velocity: 15.11272 1.386023 0.2590834
angularVelocity: -0.01121725 -0.01204367 0.2425934
acceleration: 0.01532912 2.013326 0.02468165
accel: 0.1000003
brake: 0.0
steer: 0.2756
linkid: A219BS010395
trafficlightid: C119BS010046
turn_signal_lamp: 1.0