position: 98.746309 78.94700000000012 -0.3450926
orientation: -0.6040479 1.031749 39.31628
enu_velocity: 10.82231 10.71817 -0.02604489
velocity: 15.16185 1.432511 0.2621227
angularVelocity: -0.01164445 -0.01192575 0.251086
acceleration: 0.4306697 0.8927157 0.116427
accel: 0.1298753
brake: 0.0
steer: 0.261
linkid: A219BS010395
trafficlightid: C119BS010046
turn_signal_lamp: 1.0