position: 10.551801000000001 18.754000000000133 -0.2648793
orientation: 1.90976 0.9009899 60.92406
enu_velocity: 19.47264 34.96675 0.06385459
velocity: 40.01726 -0.002775192 0.6936729
angularVelocity: -0.005927834 -0.0004701416 0.009748628
acceleration: 0.02631971 0.1388125 0.03097495
accel: 0.02551026
brake: 0.0
steer: 0.0048
linkid: A219BS010380
trafficlightid: null
turn_signal_lamp: 0.0