position: 99.51981900000001 79.62699999999995 -0.3480194
orientation: -0.7469777 0.9257672 42.70534
enu_velocity: 10.60773 11.74595 0.01764768
velocity: 15.7592 1.433399 0.2910161
angularVelocity: -0.01076198 -0.009628447 0.2520958
acceleration: 0.8793485 0.9082342 0.1065754
accel: 0.2086412
brake: 0.0
steer: 0.2838
linkid: A219BS010395
trafficlightid: C119BS010046
turn_signal_lamp: 1.0