position: 99.64796899999999 79.74700000000007 -0.3480901
orientation: -0.7546197 0.9135166 43.3116
enu_velocity: 10.51097 12.00068 0.02397735
velocity: 15.87779 1.518159 0.2971755
angularVelocity: -0.006988206 -0.008795995 0.2683609
acceleration: 0.8549315 1.467397 0.01332857
accel: 0.2311075
brake: 0.0
steer: 0.3031
linkid: A219BS010395
trafficlightid: C119BS010046
turn_signal_lamp: 1.0