position: 99.839789 79.93200000000002 -0.3485188
orientation: -0.7608975 0.8872089 44.24985
enu_velocity: 10.42226 12.36484 0.01155595
velocity: 16.09144 1.580853 0.2817668
angularVelocity: -0.001914944 -0.01249734 0.2805747
acceleration: 0.9107113 1.522605 0.0002278313
accel: 0.2512189
brake: 0.0
steer: 0.2778
linkid: A219BS010395
trafficlightid: C119BS010046
turn_signal_lamp: 1.0