position: 100.28603899999999 80.38800000000015 -0.3500449
orientation: -0.7827136 0.7911249 46.42795
enu_velocity: 10.40603 13.13682 0.0505548
velocity: 16.68798 1.511529 0.3016738
angularVelocity: 0.01497286 -0.01577945 0.270152
acceleration: 1.327395 0.6894344 -0.134845
accel: 0.2527591
brake: 0.0
steer: 0.2509
linkid: A219BS010395
trafficlightid: C119BS010046
turn_signal_lamp: 1.0