position: 10.768538 19.142000000000053 -0.2641216
orientation: 1.896484 0.9008225 60.94633
enu_velocity: 19.44879 34.96059 0.07123958
velocity: 40.00016 -0.0003986359 0.7005923
angularVelocity: -0.005541021 0.001027265 0.009563374
acceleration: -0.2858718 0.09656473 0.03503627
accel: 0.03385339
brake: 0.0
steer: 0.0047
linkid: A219BS010380
trafficlightid: null
turn_signal_lamp: 0.0