position: 100.413779 80.52400000000011 -0.3502876
orientation: -0.7130601 0.7716554 47.02658
enu_velocity: 10.47966 13.32012 0.007011478
velocity: 16.88786 1.409101 0.2520261
angularVelocity: 0.03353674 -0.009248255 0.255458
acceleration: 1.271091 0.4460043 -0.3285228
accel: 0.244452
brake: 0.0
steer: 0.2625
linkid: A219BS010395
trafficlightid: C119BS010046
turn_signal_lamp: 1.0