position: 101.180249 81.40000000000009 -0.352188
orientation: -0.1200817 0.9236997 50.49446
enu_velocity: 10.44934 14.70935 -0.1969274
velocity: 17.99741 1.294875 0.09593315
angularVelocity: 0.04031161 0.02483775 0.2412544
acceleration: 1.1828 1.257328 -0.1718456
accel: 0.2641304
brake: 0.0
steer: 0.2389
linkid: A219BS010395
trafficlightid: C119BS010046
turn_signal_lamp: 1.0