position: 101.24394899999999 81.47800000000007 -0.3524923
orientation: -0.07218894 0.9542935 50.77078
enu_velocity: 10.43819 14.83015 -0.2025197
velocity: 18.08999 1.29317 0.1004085
angularVelocity: 0.0366462 0.02683797 0.2407583
acceleration: 1.217887 1.112615 -0.03113883
accel: 0.2665945
brake: 0.0
steer: 0.2324
linkid: A219BS010395
trafficlightid: C119BS010046
turn_signal_lamp: 1.0