position: 101.371159 81.63499999999999 -0.3529552
orientation: 0.01312256 1.021625 51.32347
enu_velocity: 10.40452 15.07804 -0.2021477
velocity: 18.27394 1.299975 0.1233943
angularVelocity: 0.03063532 0.03031811 0.2410475
acceleration: 1.243943 1.244306 0.05448337
accel: 0.2739927
brake: 0.0
steer: 0.2325
linkid: A219BS010395
trafficlightid: C119BS010046
turn_signal_lamp: 1.0