position: 101.81468899999999 82.20900000000006 -0.3537535
orientation: 0.3037109 1.261157 53.21834
enu_velocity: 10.37933 15.93083 -0.1682175
velocity: 18.97329 1.227119 0.2429358
angularVelocity: 0.04002827 0.03196105 0.228631
acceleration: 1.307593 0.9026681 0.1345033
accel: 0.2843155
brake: 0.0
steer: 0.1974
linkid: A219BS010395
trafficlightid: C119BS010046
turn_signal_lamp: 1.0