position: 102.00413900000001 82.46600000000012 -0.3534931
orientation: 0.413208 1.350472 53.97336
enu_velocity: 10.40346 16.27267 -0.09539135
velocity: 19.27622 1.159784 0.3506556
angularVelocity: 0.01665313 0.02384539 0.2122524
acceleration: 1.351973 0.8449093 0.393569
accel: 0.2915478
brake: 0.0
steer: 0.1866
linkid: A219BS010395
trafficlightid: C119BS010046
turn_signal_lamp: 1.0