position: 102.193379 82.72900000000004 -0.3534891
orientation: 0.5975647 1.391253 54.6907
enu_velocity: 10.45922 16.62345 -0.03816938
velocity: 19.60594 1.077516 0.4267685
angularVelocity: 0.06999683 0.008109536 0.204794
acceleration: 1.477339 0.5635902 -0.0130694
accel: 0.2848143
brake: 0.0
steer: 0.1705
linkid: A219BS010395
trafficlightid: C119BS010046
turn_signal_lamp: 1.0