position: 102.25655900000001 82.81899999999996 -0.3528213
orientation: 0.6369324 1.410881 54.91997
enu_velocity: 10.47024 16.74494 0.02786408
velocity: 19.71401 1.060975 0.5016555
angularVelocity: 0.03174519 0.01693922 0.1975731
acceleration: 1.445131 1.171261 0.123252
accel: 0.2869911
brake: 0.0
steer: 0.1694
linkid: A219BS010395
trafficlightid: C119BS010046
turn_signal_lamp: 1.0