position: 11.093203 19.725000000000136 -0.2629192
orientation: 1.88089 0.9010868 60.97945
enu_velocity: 19.4287 34.97289 0.06959835
velocity: 40.00118 -0.0002288818 0.6991385
angularVelocity: -0.00444834 -0.0004414641 0.009469128
acceleration: 0.05932113 0.08639346 -0.02156697
accel: 0.03070762
brake: 0.0
steer: 0.0044
linkid: A219BS010380
trafficlightid: null
turn_signal_lamp: 0.0