position: 102.44575900000001 83.09100000000012 -0.3523589
orientation: 0.7618713 1.409253 55.57956
enu_velocity: 10.49897 17.09626 0.02717332
velocity: 20.03085 1.00995 0.5065771
angularVelocity: 0.03052674 -0.008349587 0.187545
acceleration: 1.436799 0.7578251 -0.04354484
accel: 0.2918987
brake: 0.0
steer: 0.1553
linkid: A219BS010395
trafficlightid: C119BS010046
turn_signal_lamp: 1.0