position: 102.508779 83.18299999999999 -0.3527381
orientation: 0.8010864 1.390537 55.79045
enu_velocity: 10.51215 17.21187 0.01934605
velocity: 20.13774 0.9904833 0.4943799
angularVelocity: 0.0293788 -0.01557506 0.1830526
acceleration: 1.431933 0.7371545 -0.09750246
accel: 0.2920087
brake: 0.0
steer: 0.1529
linkid: A219BS010395
trafficlightid: C119BS010046
turn_signal_lamp: 1.0