position: 102.57176899999999 83.27600000000007 -0.3533734
orientation: 0.838623 1.364308 55.99573
enu_velocity: 10.52754 17.32644 0.008650118
velocity: 20.24518 0.9696865 0.4766736
angularVelocity: 0.02809793 -0.02180476 0.1782147
acceleration: 1.439856 0.6994584 -0.1326877
accel: 0.2914346
brake: 0.0
steer: 0.1485
linkid: A219BS010395
trafficlightid: C119BS010046
turn_signal_lamp: 1.0