position: 102.634739 83.37000000000012 -0.3542418
orientation: 0.8745728 1.331886 56.19594
enu_velocity: 10.54297 17.4398 -0.004067163
velocity: 20.35175 0.9491367 0.4546752
angularVelocity: 0.02698297 -0.02687962 0.1740286
acceleration: 1.429002 0.6855433 -0.1598054
accel: 0.2916207
brake: 0.0
steer: 0.1455
linkid: A219BS010395
trafficlightid: C119BS010046
turn_signal_lamp: 1.0