position: 102.82363900000001 83.65599999999995 -0.3580701
orientation: 0.9755554 1.207359 56.76624
enu_velocity: 10.6014 17.77671 -0.05066108
velocity: 20.67582 0.8816118 0.3701243
angularVelocity: 0.02499472 -0.03734435 0.1609974
acceleration: 1.441584 0.5862697 -0.2064545
accel: 0.2886195
brake: 0.0
steer: 0.1335
linkid: A219BS010395
trafficlightid: C119BS010046
turn_signal_lamp: 1.0