position: 103.012689 83.94700000000012 -0.3629587
orientation: 1.059387 1.067989 57.29146
enu_velocity: 10.66828 18.1004 -0.08294382
velocity: 20.9929 0.8097849 0.2934713
angularVelocity: 0.01971215 -0.03742304 0.1480912
acceleration: 1.415721 0.5251324 -0.106384
accel: 0.2876871
brake: 0.0
steer: 0.1224
linkid: A219BS010395
trafficlightid: C119BS010046
turn_signal_lamp: 1.0