position: 103.138859 84.14499999999998 -0.3663384
orientation: 1.111084 0.9794917 57.61757
enu_velocity: 10.71582 18.3107 -0.09654251
velocity: 21.20084 0.7622108 0.2511817
angularVelocity: 0.02034301 -0.03494089 0.1399497
acceleration: 1.407113 0.4948473 -0.06542437
accel: 0.2871165
brake: 0.0
steer: 0.1155
linkid: A219BS010395
trafficlightid: C119BS010046
turn_signal_lamp: 1.0