position: 103.201999 84.24500000000012 -0.3680154
orientation: 1.137756 0.9374743 57.77376
enu_velocity: 10.74056 18.41632 -0.1013844
velocity: 21.30564 0.7395573 0.2325971
angularVelocity: 0.02123161 -0.03365467 0.1360236
acceleration: 1.420355 0.4919562 -0.04950715
accel: 0.2861668
brake: 0.0
steer: 0.1123
linkid: A219BS010395
trafficlightid: C119BS010046
turn_signal_lamp: 1.0