position: 103.328449 84.44700000000012 -0.3713005
orientation: 1.196381 0.8580018 58.07492
enu_velocity: 10.78967 18.62444 -0.1070104
velocity: 21.51219 0.695507 0.2006677
angularVelocity: 0.02600645 -0.0313636 0.1302585
acceleration: 1.427957 0.4330335 -0.04490672
accel: 0.2867095
brake: 0.0
steer: 0.1057
linkid: A219BS010395
trafficlightid: C119BS010046
turn_signal_lamp: 1.0