position: 103.391819 84.54899999999998 -0.37304
orientation: 1.236969 0.8169112 58.22156
enu_velocity: 10.81677 18.72769 -0.1188937
velocity: 21.61624 0.6713715 0.1748625
angularVelocity: 0.03594518 -0.03371838 0.1281482
acceleration: 1.417882 0.4253012 -0.1541144
accel: 0.2846649
brake: 0.0
steer: 0.1028
linkid: A219BS010395
trafficlightid: C119BS010046
turn_signal_lamp: 1.0