position: 103.455289 84.65100000000007 -0.374746
orientation: 1.278809 0.7771685 58.36501
enu_velocity: 10.84586 18.82376 -0.1122109
velocity: 21.71492 0.6428499 0.1680363
angularVelocity: 0.03225406 -0.03038946 0.125189
acceleration: 1.349627 0.3638354 0.2418416
accel: 0.286584
brake: 0.0
steer: 0.1
linkid: A219BS010395
trafficlightid: C119BS010046
turn_signal_lamp: 1.0