position: 103.51881900000001 84.75400000000013 -0.3761738
orientation: 1.310272 0.7441104 58.50522
enu_velocity: 10.87054 18.92321 -0.09368544
velocity: 21.81397 0.6208744 0.1754732
angularVelocity: 0.02375444 -0.02469832 0.1222036
acceleration: 1.345092 0.4557963 0.2684904
accel: 0.2869117
brake: 0.0
steer: 0.0975
linkid: A219BS010395
trafficlightid: C119BS010046
turn_signal_lamp: 1.0