position: 103.70965899999999 85.06700000000001 -0.378876
orientation: 1.360535 0.6778671 58.90515
enu_velocity: 10.92705 19.22772 -0.02747801
velocity: 22.10707 0.5786934 0.2204033
angularVelocity: 0.00770613 -0.01192555 0.1127364
acceleration: 1.339943 0.4846136 0.3356549
accel: 0.2909271
brake: 0.0
steer: 0.0887
linkid: A219BS010395
trafficlightid: C119BS010046
turn_signal_lamp: 1.0