position: 103.900799 85.38499999999999 -0.3796426
orientation: 1.384247 0.6405996 59.27415
enu_velocity: 10.98874 19.53047 0.0423126
velocity: 22.40144 0.5394726 0.2798359
angularVelocity: 0.006280346 -0.006408656 0.1043321
acceleration: 1.349432 0.4686676 0.3149208
accel: 0.2925724
brake: 0.0
steer: 0.0802
linkid: A219BS010395
trafficlightid: C119BS010046
turn_signal_lamp: 1.0