position: 103.964629 85.49299999999994 -0.3795694
orientation: 1.392975 0.6310214 59.39113
enu_velocity: 11.01307 19.62916 0.06473824
velocity: 22.49959 0.5235786 0.2999097
angularVelocity: 0.006229468 -0.005718403 0.1013138
acceleration: 1.353953 0.3701994 0.3163181
accel: 0.2931511
brake: 0.0
steer: 0.0781
linkid: A219BS010395
trafficlightid: C119BS010046
turn_signal_lamp: 1.0