position: 104.092479 85.70900000000006 -0.3790452
orientation: 1.407837 0.6131126 59.61392
enu_velocity: 11.06707 19.82407 0.1045294
velocity: 22.69655 0.489027 0.3355029
angularVelocity: 0.004759699 -0.005552129 0.09477409
acceleration: 1.35483 0.3085397 0.2681312
accel: 0.2931176
brake: 0.0
steer: 0.072
linkid: A219BS010395
trafficlightid: C119BS010046
turn_signal_lamp: 1.0