position: 104.156509 85.81799999999998 -0.3786443
orientation: 1.413544 0.6035997 59.71945
enu_velocity: 11.09586 19.92041 0.1220267
velocity: 22.79497 0.4713326 0.3506624
angularVelocity: 0.003813824 -0.006215599 0.09146749
acceleration: 1.354518 0.3413884 0.2413156
accel: 0.2927403
brake: 0.0
steer: 0.068
linkid: A219BS010395
trafficlightid: C119BS010046
turn_signal_lamp: 1.0