position: 11.417638 20.307000000000016 -0.2616997
orientation: 1.873047 0.9030722 61.01083
enu_velocity: 19.41814 34.98899 0.06941134
velocity: 40.0101 -0.005167007 0.7006377
angularVelocity: -0.002751781 0.001914838 0.008737246
acceleration: 0.04977264 0.07935949 -0.05032798
accel: 0.02823091
brake: 0.0
steer: 0.004
linkid: A219BS010380
trafficlightid: null
turn_signal_lamp: 0.0