position: 104.34908899999999 86.14900000000011 -0.3771251
orientation: 1.426453 0.56912 60.01381
enu_velocity: 11.18532 20.20762 0.1611946
velocity: 23.09034 0.4210606 0.3802027
angularVelocity: 0.002981098 -0.008966473 0.08221823
acceleration: 1.354333 0.3246731 0.1595411
accel: 0.2919006
brake: 0.0
steer: 0.0627
linkid: A219BS010395
trafficlightid: C119BS010046
turn_signal_lamp: 1.0