position: 104.413479 86.25999999999999 -0.3765377
orientation: 1.431641 0.5561048 60.1058
enu_velocity: 11.21388 20.30421 0.1702819
velocity: 23.18893 0.407526 0.385304
angularVelocity: 0.004023158 -0.009464283 0.08000512
acceleration: 1.363207 0.331344 0.1208607
accel: 0.2910725
brake: 0.0
steer: 0.0582
linkid: A219BS010395
trafficlightid: C119BS010046
turn_signal_lamp: 1.0