position: 104.607279 86.59799999999996 -0.3745442
orientation: 1.451691 0.5189261 60.3627
enu_velocity: 11.31207 20.58638 0.182767
velocity: 23.48442 0.3578863 0.3865353
angularVelocity: 0.006192895 -0.00832654 0.07157111
acceleration: 1.355501 0.2607934 0.02755404
accel: 0.2884
brake: 0.0
steer: 0.0506
linkid: A219BS010395
trafficlightid: C119BS010046
turn_signal_lamp: 1.0