position: 104.672109 86.71199999999999 -0.3738247
orientation: 1.460907 0.5076787 60.4426
enu_velocity: 11.3436 20.67989 0.1837503
velocity: 23.58184 0.343833 0.3840727
angularVelocity: 0.007963114 -0.007989958 0.06943724
acceleration: 1.344389 0.2638891 0.01958023
accel: 0.2878809
brake: 0.0
steer: 0.0492
linkid: A219BS010395
trafficlightid: C119BS010046
turn_signal_lamp: 1.0