position: 104.80212900000001 86.94100000000003 -0.3723736
orientation: 1.484253 0.485981 60.59161
enu_velocity: 11.41783 20.86024 0.1813322
velocity: 23.77636 0.3063002 0.3752059
angularVelocity: 0.01100343 -0.007681807 0.06321426
acceleration: 1.341034 0.1909716 -0.02361958
accel: 0.2866694
brake: 0.0
steer: 0.0466
linkid: A219BS010395
trafficlightid: C119BS010046
turn_signal_lamp: 1.0