position: 104.86732900000001 87.05600000000004 -0.371635
orientation: 1.496674 0.4771029 60.66173
enu_velocity: 11.45311 20.95345 0.1733148
velocity: 23.87537 0.2919207 0.3646356
angularVelocity: 0.00994212 -0.005569615 0.06079914
acceleration: 1.369229 0.2113956 -0.1178761
accel: 0.2845418
brake: 0.0
steer: 0.0422
linkid: A219BS010395
trafficlightid: C119BS010046
turn_signal_lamp: 1.0