position: 105.26142899999999 87.75999999999999 -0.3670279
orientation: 1.531128 0.4899613 61.0257
enu_velocity: 11.66933 21.50111 0.08742528
velocity: 24.46116 0.2145958 0.2909814
angularVelocity: 0.002661483 0.01113292 0.0462059
acceleration: 1.331582 0.1294609 -0.1879831
accel: 0.2761774
brake: 0.0
steer: 0.0329
linkid: A219BS010395
trafficlightid: C119BS010046
turn_signal_lamp: 1.0