position: 105.393979 87.99900000000002 -0.3654803
orientation: 1.542267 0.5191469 61.12767
enu_velocity: 11.74146 21.67876 0.0590525
velocity: 24.65198 0.1933641 0.2773243
angularVelocity: 0.005662795 0.01556538 0.04309898
acceleration: 1.313989 0.1645741 -0.1722623
accel: 0.2743437
brake: 0.0
steer: 0.0281
linkid: A219BS010395
trafficlightid: C119BS010046
turn_signal_lamp: 1.0