position: 105.460489 88.11900000000014 -0.3647028
orientation: 1.549194 0.5377201 61.17596
enu_velocity: 11.78029 21.76517 0.04816535
velocity: 24.74656 0.1802006 0.2756493
angularVelocity: 0.005365742 0.01789787 0.04086892
acceleration: 1.313507 0.03588331 -0.1370522
accel: 0.2736225
brake: 0.0
steer: 0.0273
linkid: A219BS010395
trafficlightid: C119BS010046
turn_signal_lamp: 1.0