position: 11.633805 20.69600000000014 -0.2609062
orientation: 1.869781 0.9082191 61.03
enu_velocity: 19.41246 34.99865 0.05232268
velocity: 40.01598 -0.009368896 0.687364
angularVelocity: -0.0004812262 0.002999791 0.008090002
acceleration: 0.0356344 0.06327435 -0.1302631
accel: 0.02570613
brake: 0.0
steer: 0.0036
linkid: A219BS010380
trafficlightid: null
turn_signal_lamp: 0.0