position: 105.594029 88.36000000000013 -0.363128
orientation: 1.557404 0.5816138 61.26468
enu_velocity: 11.85848 21.93659 0.03012959
velocity: 24.93464 0.155859 0.2791204
angularVelocity: 0.001654077 0.02149599 0.03689641
acceleration: 1.302528 0.134104 -0.1023609
accel: 0.2722701
brake: 0.0
steer: 0.02
linkid: A219BS010395
trafficlightid: C119BS010046
turn_signal_lamp: 1.0