position: 105.66102900000001 88.48199999999997 -0.362328
orientation: 1.556976 0.6065327 61.30486
enu_velocity: 11.90119 22.01993 0.02269748
velocity: 25.0283 0.1410522 0.2839302
angularVelocity: -0.001429467 0.02307161 0.03377467
acceleration: 1.299856 0.05348545 -0.08363567
accel: 0.2712156
brake: 0.0
steer: 0.0193
linkid: A219BS010395
trafficlightid: C119BS010046
turn_signal_lamp: 1.0