position: 105.72818900000001 88.60400000000004 -0.3615183
orientation: 1.552917 0.6331224 61.34093
enu_velocity: 11.94726 22.10115 0.01678165
velocity: 25.12167 0.1239872 0.2911369
angularVelocity: -0.004524888 0.02435124 0.02999729
acceleration: 1.295129 -0.001409411 -0.06210897
accel: 0.2704187
brake: 0.0
steer: 0.0186
linkid: A219BS010395
trafficlightid: C119BS010046
turn_signal_lamp: 1.0