position: 106.134839 89.34799999999996 -0.3569263
orientation: 1.516327 0.7992815 61.50859
enu_velocity: 12.19528 22.59632 0.000168855
velocity: 25.67463 0.07022476 0.3566221
angularVelocity: -0.001107451 0.02392582 0.02001002
acceleration: 1.261213 0.04151392 0.05074006
accel: 0.2664503
brake: 0.0
steer: 0.0106
linkid: A219BS010395
trafficlightid: C119BS010046
turn_signal_lamp: 1.0