position: 11.741854 20.8900000000001 -0.2605635
orientation: 1.870758 0.9116905 61.03912
enu_velocity: 19.40998 35.00231 0.04252761
velocity: 40.0181 -0.01203346 0.68011
angularVelocity: 0.001013764 0.003285464 0.007729079
acceleration: 0.02894692 0.03459081 -0.1390172
accel: 0.02495172
brake: 0.0
steer: 0.0036
linkid: A219BS010380
trafficlightid: null
turn_signal_lamp: 0.0