position: 106.618359 90.23700000000008 -0.3538838
orientation: 1.479889 0.930296 61.62387
enu_velocity: 12.49959 23.16162 -0.03967124
velocity: 26.31638 0.02002239 0.3872651
angularVelocity: -0.01204021 0.007700677 0.009786219
acceleration: 1.265739 0.05821204 -0.1054251
accel: 0.2576574
brake: 0.0
steer: 0.0041
linkid: A219BS010395
trafficlightid: C119BS010046
turn_signal_lamp: 1.0