position: 106.96967900000001 90.88599999999997 -0.3548255
orientation: 1.381927 0.9548652 61.65991
enu_velocity: 12.71275 23.55389 -0.0671828
velocity: 26.76305 0.001196861 0.3789512
angularVelocity: -0.02112034 0.002759644 0.003611539
acceleration: 1.227431 -0.02133644 -0.01854439
accel: 0.0
brake: 0.1695889
steer: 0.0014
linkid: A219BS010395
trafficlightid: C119BS010046
turn_signal_lamp: 1.0