position: 107.378739 91.64200000000005 -0.3479589
orientation: 1.228821 1.321833 61.68094
enu_velocity: 11.68806 21.62223 -0.1181633
velocity: 24.57525 -0.02241421 0.4494492
angularVelocity: -0.01955587 0.0862432 0.0006696605
acceleration: -6.686015 -0.09088659 -0.3541902
accel: 0.0
brake: 0.3520157
steer: -0.002
linkid: A219BS010395
trafficlightid: C119BS010046
turn_signal_lamp: 1.0