position: 107.44280900000001 91.76099999999997 -0.3459962
orientation: 1.208557 1.422369 61.68341
enu_velocity: 11.45949 21.18702 -0.1327373
velocity: 24.08338 -0.02850533 0.4659199
angularVelocity: -0.01712504 0.08798093 0.0002127084
acceleration: -6.857924 -0.07317781 -0.374501
accel: 0.0
brake: 0.3596922
steer: -0.0005
linkid: A219BS010395
trafficlightid: C119BS010046
turn_signal_lamp: 1.0