position: 107.50557900000001 91.87699999999995 -0.3441243
orientation: 1.19162 1.522347 61.68576
enu_velocity: 11.22364 20.74436 -0.1458638
velocity: 23.58151 -0.03163719 0.4815541
angularVelocity: -0.01402109 0.08679484 0.0004025183
acceleration: -6.992234 -0.0110364 -0.3624215
accel: 0.0
brake: 0.3660372
steer: -0.0022
linkid: A219BS010395
trafficlightid: C119BS010046
turn_signal_lamp: 1.0