position: 11.957813 21.27800000000002 -0.259997
orientation: 1.875763 0.9207536 61.05608
enu_velocity: 19.39164 34.98212 0.02060406
velocity: 39.9918 -0.01805687 0.6642843
angularVelocity: 0.002421576 0.005245327 0.006966596
acceleration: -0.2786471 0.02960972 -0.1720024
accel: 0.03844015
brake: 0.0
steer: 0.0033
linkid: A219BS010380
trafficlightid: null
turn_signal_lamp: 0.0