position: 107.56702899999999 91.99000000000001 -0.3424165
orientation: 1.177979 1.618658 61.68867
enu_velocity: 10.98275 20.29523 -0.1573149
velocity: 23.07153 -0.03359699 0.4953827
angularVelocity: -0.01134833 0.08298932 0.0009200125
acceleration: -7.095546 -0.02259135 -0.3516499
accel: 0.0
brake: 0.3707054
steer: -0.0023
linkid: A219BS010395
trafficlightid: C119BS010046
turn_signal_lamp: 1.0