position: 107.627139 92.10100000000011 -0.3409246
orientation: 1.16629 1.708886 61.69115
enu_velocity: 10.74292 19.83866 -0.1663564
velocity: 22.55552 -0.03982162 0.5074185
angularVelocity: -0.009929296 0.07721783 0.0004558968
acceleration: -7.173215 -0.07689309 -0.3288082
accel: 0.0
brake: 0.3742576
steer: -0.0024
linkid: A219BS010395
trafficlightid: C119BS010046
turn_signal_lamp: 1.0