position: 107.85391899999999 92.519 -0.3375677
orientation: 1.137878 1.978623 61.6994
enu_velocity: 9.759765 17.98709 -0.1681475
velocity: 20.45782 -0.05486679 0.539709
angularVelocity: -0.00293567 0.04303487 0.0008869478
acceleration: -7.32531 -0.06210852 -0.1654045
accel: 0.0
brake: 0.3822526
steer: -0.0026
linkid: A219BS010395
trafficlightid: C119BS010046
turn_signal_lamp: 1.0