position: 107.95901900000001 92.71199999999999 -0.337352
orientation: 1.135986 2.051821 61.70241
enu_velocity: 9.264458 17.0538 -0.1475718
velocity: 19.40049 -0.06208992 0.548721
angularVelocity: 0.0001364164 0.02548044 0.0005469316
acceleration: -7.341158 -0.03573537 -0.09502027
accel: 0.0
brake: 0.3846662
steer: -0.0002
linkid: A219BS010395
trafficlightid: C119BS010046
turn_signal_lamp: 1.0