position: 108.009489 92.80500000000006 -0.3375203
orientation: 1.137482 2.074094 61.70433
enu_velocity: 9.011304 16.58957 -0.1334125
velocity: 18.87135 -0.05982971 0.5512333
angularVelocity: 0.001547752 0.01753416 0.001505169
acceleration: -7.351364 0.03179121 -0.06216614
accel: 0.0
brake: 0.3858958
steer: -0.0027
linkid: A219BS010395
trafficlightid: C119BS010046
turn_signal_lamp: 1.0