position: 12.065721 21.472999999999956 -0.2597701
orientation: 1.879578 0.9267334 61.06395
enu_velocity: 19.39019 34.98594 0.009762961
velocity: 39.99454 -0.0206089 0.6577439
angularVelocity: 0.003762099 0.005528894 0.006644382
acceleration: 0.08467634 0.04367362 -0.1320884
accel: 0.03588663
brake: 0.0
steer: 0.0032
linkid: A219BS010380
trafficlightid: null
turn_signal_lamp: 0.0