position: 108.19739899999999 93.15000000000009 -0.3391225
orientation: 1.144531 2.091677 61.7095
enu_velocity: 8.007759 14.72086 -0.0576164
velocity: 16.7487 -0.06336021 0.5554321
angularVelocity: 0.0005098809 -0.004152168 0.0008962958
acceleration: -7.382837 0.08625627 0.03303632
accel: 0.0
brake: 0.3886734
steer: -0.0027
linkid: A219BS010395
trafficlightid: C119BS010046
turn_signal_lamp: 1.0