position: 108.24079900000001 93.23000000000002 -0.3395563
orientation: 1.144592 2.084058 61.71098
enu_velocity: 7.751797 14.2561 -0.03620945
velocity: 16.21778 -0.05866528 0.5552098
angularVelocity: -0.0002089916 -0.007391689 0.001599754
acceleration: -7.368752 0.06767654 0.02701092
accel: 0.0
brake: 0.3895022
steer: -0.0027
linkid: A219BS010395
trafficlightid: C119BS010046
turn_signal_lamp: 1.0