position: 108.400499 93.52300000000014 -0.3408284
orientation: 1.129578 2.029916 61.71436
enu_velocity: 6.737791 12.39166 0.03817552
velocity: 14.09466 -0.05065823 0.5388677
angularVelocity: -0.004573056 -0.01384962 0.001857897
acceleration: -7.375027 0.07849193 -0.04790683
accel: 0.0
brake: 0.3925962
steer: 0.0019
linkid: A219BS010395
trafficlightid: C119BS010046
turn_signal_lamp: 1.0