position: 108.43689900000001 93.59000000000015 -0.3409882
orientation: 1.124207 2.013751 61.7166
enu_velocity: 6.481555 11.9264 0.05219872
velocity: 13.56352 -0.04623795 0.5301478
angularVelocity: -0.004764337 -0.01407859 0.002323376
acceleration: -7.379259 0.06575298 -0.07020004
accel: 0.0
brake: 0.3932607
steer: -0.0024
linkid: A219BS010395
trafficlightid: C119BS010046
turn_signal_lamp: 1.0