position: 12.173628 21.667000000000144 -0.2595721
orientation: 1.886383 0.9333334 61.07161
enu_velocity: 19.39086 34.99284 0.002243255
velocity: 40.00094 -0.02321053 0.6550251
angularVelocity: 0.006410089 0.006145178 0.006426971
acceleration: 0.07137498 0.03140573 -0.09616916
accel: 0.03026677
brake: 0.0
steer: 0.0032
linkid: A219BS010380
trafficlightid: null
turn_signal_lamp: 0.0