position: 108.50549900000001 93.71600000000012 -0.3410934
orientation: 1.11264 1.98231 61.72072
enu_velocity: 5.975818 10.98968 0.07279004
velocity: 12.49921 -0.04619026 0.5064442
angularVelocity: -0.005520126 -0.01326801 0.001276086
acceleration: -7.40989 -0.0320127 -0.1416135
accel: 0.0
brake: 0.3942106
steer: 0.0028
linkid: A219BS010395
trafficlightid: C119BS010046
turn_signal_lamp: 1.0