position: 108.537699 93.77500000000009 -0.3410493
orientation: 1.106842 1.967767 61.72258
enu_velocity: 5.71835 10.52189 0.07907219
velocity: 11.96549 -0.04181337 0.4911228
angularVelocity: -0.005001076 -0.01244456 0.002033699
acceleration: -7.413008 0.06099606 -0.1787202
accel: 0.0
brake: 0.3941037
steer: 0.0032
linkid: A219BS010395
trafficlightid: C119BS010046
turn_signal_lamp: 1.0