position: 108.568399 93.83200000000011 -0.3409556
orientation: 1.101501 1.954213 61.72502
enu_velocity: 5.462526 10.05437 0.08259516
velocity: 11.43288 -0.03886986 0.4735754
angularVelocity: -0.004636372 -0.01155552 0.002440401
acceleration: -7.39802 0.04634619 -0.2135974
accel: 0.0
brake: 0.3945437
steer: 0.0037
linkid: A219BS010395
trafficlightid: C119BS010046
turn_signal_lamp: 1.0