position: 108.59779900000001 93.88499999999999 -0.3408236
orientation: 1.096588 1.941771 61.72778
enu_velocity: 5.207042 9.585919 0.08350638
velocity: 10.89967 -0.03672028 0.4538747
angularVelocity: -0.004272651 -0.01053692 0.002615498
acceleration: -7.416748 0.03642297 -0.248446
accel: 0.0
brake: 0.3949568
steer: 0.014
linkid: A219BS010395
trafficlightid: C119BS010046
turn_signal_lamp: 1.0