position: 108.701099 94.07500000000005 -0.3401271
orientation: 1.094025 1.904357 61.76991
enu_velocity: 4.164687 7.730664 0.06539952
velocity: 8.774075 -0.005787849 0.3573452
angularVelocity: -0.002763602 -0.006861498 0.008022448
acceleration: -7.286283 -0.5305519 -0.3510215
accel: 0.0
brake: 0.3982191
steer: 0.0043
linkid: A219BS010395
trafficlightid: C119BS010046
turn_signal_lamp: 1.0