position: 108.781799 94.22299999999996 -0.3397115
orientation: 1.079681 1.883498 61.79581
enu_velocity: 3.163356 5.849026 0.02538357
velocity: 6.645189 -0.01882744 0.244323
angularVelocity: -0.002470603 -0.002463283 0.00518922
acceleration: -7.412902 -0.01049209 -0.394786
accel: 0.0
brake: 0.3990453
steer: 0.0041
linkid: A219BS010395
trafficlightid: C119BS010046
turn_signal_lamp: 1.0