position: 108.81369900000001 94.28099999999995 -0.3396645
orientation: 1.076141 1.880262 61.80721
enu_velocity: 2.659095 4.908004 0.004129625
velocity: 5.578854 -0.0213697 0.187712
angularVelocity: -0.001249381 -0.0006881442 0.004909728
acceleration: -7.403881 -0.006784439 -0.3868588
accel: 0.0
brake: 0.3996596
steer: 0.0043
linkid: A219BS010395
trafficlightid: C119BS010046
turn_signal_lamp: 1.0