position: 108.850999 94.34900000000016 -0.3398324
orientation: 1.075256 1.881603 61.82321
enu_velocity: 1.903223 3.497215 -0.02275122
velocity: 3.980067 -0.02428734 0.1084645
angularVelocity: 7.764762e-05 0.001156813 0.004364627
acceleration: -7.398354 -0.005407095 -0.3507548
accel: 0.0
brake: 0.400634
steer: 0.0044
linkid: A219BS010395
trafficlightid: C119BS010046
turn_signal_lamp: 1.0