position: 108.868899 94.38100000000009 -0.3400796
orientation: 1.076355 1.885205 61.83307
enu_velocity: 1.3983 2.556987 -0.03512339
velocity: 2.913813 -0.02455676 0.06123756
angularVelocity: 0.000460488 0.001911877 0.004297968
acceleration: -7.406565 0.01209974 -0.3162974
accel: 0.0
brake: 0.4011758
steer: 0.0045
linkid: A219BS010395
trafficlightid: C119BS010046
turn_signal_lamp: 1.0