position: 108.875699 94.39300000000003 -0.3402373
orientation: 1.077332 1.887288 61.83798
enu_velocity: 1.147436 2.09232 -0.0393674
velocity: 2.386178 -0.02335203 0.03968495
angularVelocity: 0.0008014347 0.00179229 0.004152151
acceleration: -7.267981 0.01830101 -0.2946389
accel: 0.0
brake: 0.4017748
steer: 0.0046
linkid: A219BS010395
trafficlightid: C119BS010046
turn_signal_lamp: 1.0