position: 12.389417000000002 22.055000000000064 -0.2592059
orientation: 1.901978 0.9480748 61.08627
enu_velocity: 19.3891 35.00142 -0.005410118
velocity: 40.00754 -0.02749252 0.6579301
angularVelocity: 0.00623681 0.006736188 0.006077987
acceleration: 0.05234193 0.04602446 -0.07269976
accel: 0.02890587
brake: 0.0
steer: 0.0032
linkid: A219BS010380
trafficlightid: null
turn_signal_lamp: 0.0