position: 108.885299 94.41000000000008 -0.3406262
orientation: 1.079803 1.890345 61.84744
enu_velocity: 0.6484455 1.167857 -0.04338101
velocity: 1.336348 -0.02069461 0.001091314
angularVelocity: 0.0008740198 0.001432004 0.004018588
acceleration: -7.357906 0.009864807 -0.2561742
accel: 0.0
brake: 0.2864178
steer: 0.0047
linkid: A219BS010395
trafficlightid: C119BS010046
turn_signal_lamp: 1.0