position: 108.890399 94.4190000000001 -0.3422504
orientation: 1.089813 1.854826 61.85143
enu_velocity: 0.0992355 0.1767714 -0.03541591
velocity: 0.2037196 -0.004652828 -0.0287539
angularVelocity: 0.002505966 -0.02107986 0.000239437
acceleration: -4.556087 0.02190197 -0.06413341
accel: 0.0
brake: 1.0
steer: 0.0048
linkid: A219BS010395
trafficlightid: C119BS010046
turn_signal_lamp: 1.0