position: 12.497296 22.25 -0.2590682
orientation: 1.909424 0.9554641 61.09346
enu_velocity: 19.38718 35.00621 -0.01236265
velocity: 40.01083 -0.02848625 0.6562313
angularVelocity: 0.006434894 0.006637659 0.006020583
acceleration: 0.04531027 0.05060888 -0.09472634
accel: 0.02738166
brake: 0.0
steer: 0.0032
linkid: A219BS010380
trafficlightid: null
turn_signal_lamp: 0.0