position: 108.889399 94.41800000000012 -0.3532549
orientation: 1.085724 1.433331 61.84453
enu_velocity: -0.04488093 -0.08121587 0.05500907
velocity: -0.09413038 0.00224502 0.05263791
angularVelocity: -0.001868717 -0.07671142 9.711523e-05
acceleration: -0.05202537 0.005920428 0.2590002
accel: 0.0
brake: 1.0
steer: 0.0051
linkid: A219BS010395
trafficlightid: C119BS010046
turn_signal_lamp: 1.0