position: 108.888799 94.41599999999994 -0.3568403
orientation: 1.081512 1.266901 61.84151
enu_velocity: -0.04308656 -0.07868665 0.08841154
velocity: -0.09163965 0.002484664 0.08637502
angularVelocity: -0.001712449 -0.06915857 3.038684e-05
acceleration: 0.05072468 -0.0005140863 0.2098287
accel: 0.0
brake: 1.0
steer: 0.0053
linkid: A219BS010395
trafficlightid: C119BS010046
turn_signal_lamp: 1.0