position: 108.887799 94.41499999999996 -0.3609552
orientation: 1.076263 1.020541 61.83681
enu_velocity: -0.02719983 -0.05272848 0.1190949
velocity: -0.06143546 0.001309501 0.1180156
angularVelocity: -0.0006066635 -0.04073014 -4.641736e-05
acceleration: 0.1258337 -0.005482893 0.02054798
accel: 0.0
brake: 1.0
steer: 0.0055
linkid: A219BS010395
trafficlightid: C119BS010046
turn_signal_lamp: 1.0