position: 108.88749899999999 94.41499999999996 -0.3615975
orientation: 1.075623 0.9479982 61.8353
enu_velocity: -0.01809403 -0.03716214 0.1127562
velocity: -0.04316235 0.0005146302 0.1120675
angularVelocity: -8.046813e-05 -0.02642914 -7.750223e-05
acceleration: 0.1236928 -0.005126629 -0.07826535
accel: 0.0
brake: 1.0
steer: 0.0055
linkid: A219BS010395
trafficlightid: C119BS010046
turn_signal_lamp: 1.0