position: 12.605160000000001 22.44399999999996 -0.2589648
orientation: 1.91748 0.9628206 61.1006
enu_velocity: 19.38473 35.01054 -0.01800229
velocity: 40.01345 -0.02915955 0.6558027
angularVelocity: 0.00714726 0.006631244 0.00602938
acceleration: 0.03579341 0.05844704 -0.07464857
accel: 0.02642108
brake: 0.0
steer: 0.003
linkid: A219BS010380
trafficlightid: null
turn_signal_lamp: 0.0