position: 108.88729900000001 94.41399999999999 -0.3614605
orientation: 1.076385 0.8931258 61.83394
enu_velocity: -0.00684935 -0.01683084 0.08091868
velocity: -0.01932999 -0.0003914069 0.08064876
angularVelocity: 0.0003834269 -0.00934347 -0.0001083152
acceleration: 0.09751709 -0.003124148 -0.1851865
accel: 0.0
brake: 1.0
steer: 0.0057
linkid: A219BS010395
trafficlightid: C119BS010046
turn_signal_lamp: 1.0