position: 108.88729900000001 94.41399999999999 -0.3610252
orientation: 1.077423 0.8835145 61.8335
enu_velocity: -0.001636228 -0.006561851 0.05047984
velocity: -0.007334752 -0.0007074764 0.05039494
angularVelocity: 0.0004813736 -0.001456774 -0.0001191353
acceleration: 0.0744798 -0.001611447 -0.2207955
accel: 0.0
brake: 1.0
steer: 0.0057
linkid: A219BS010395
trafficlightid: C119BS010046
turn_signal_lamp: 1.0