position: 108.88729900000001 94.41399999999999 -0.3607886
orientation: 1.077972 0.8844237 61.83337
enu_velocity: 0.000285537 -0.002496555 0.0341245
velocity: -0.002592607 -0.0007886201 0.03410942
angularVelocity: 0.0004808649 0.001486838 -0.0001224584
acceleration: 0.06307745 -0.0009559095 -0.2270666
accel: 0.0
brake: 1.0
steer: 0.0056
linkid: A219BS010395
trafficlightid: C119BS010046
turn_signal_lamp: 1.0