position: 108.88729900000001 94.41399999999999 -0.3605669
orientation: 1.078491 0.88818 61.8333
enu_velocity: 0.00183512 0.0009732725 0.01782311
velocity: 0.001447779 -0.0008222397 0.01786633
angularVelocity: 0.0004370299 0.003824915 -0.0001370521
acceleration: 0.05375407 -0.0002666712 -0.2247879
accel: 0.0
brake: 1.0
steer: 0.0057
linkid: A219BS010395
trafficlightid: C119BS010046
turn_signal_lamp: 1.0