position: 108.88729900000001 94.41399999999999 -0.3602242
orientation: 1.079376 0.9017394 61.83324
enu_velocity: 0.003731347 0.005857315 -0.01292183
velocity: 0.007127522 -0.0007658242 -0.01279909
angularVelocity: 0.0003255671 0.006932186 -0.0001315651
acceleration: 0.03207689 0.000723212 -0.2022343
accel: 0.0
brake: 1.0
steer: 0.0057
linkid: A219BS010395
trafficlightid: C119BS010046
turn_signal_lamp: 1.0