position: 108.88739899999999 94.41399999999999 -0.3600655
orientation: 1.079926 0.9199539 61.8333
enu_velocity: 0.004466868 0.008580766 -0.03849902
velocity: 0.01029003 -0.0006100265 -0.03833406
angularVelocity: 0.0001863847 0.008376449 -0.0001244144
acceleration: 0.0163708 0.001292174 -0.1599134
accel: 0.0
brake: 1.0
steer: 0.0058
linkid: A219BS010395
trafficlightid: C119BS010046
turn_signal_lamp: 1.0