position: 12.713009 22.639000000000124 -0.2588884
orientation: 1.925659 0.9699703 61.10762
enu_velocity: 19.38247 35.01382 -0.02114075
velocity: 40.01518 -0.0303421 0.6577361
angularVelocity: 0.006800718 0.006337458 0.005847661
acceleration: 0.02433989 0.04184201 -0.03297842
accel: 0.02584663
brake: 0.0
steer: 0.003
linkid: A219BS010380
trafficlightid: null
turn_signal_lamp: 0.0