position: 108.88749899999999 94.41399999999999 -0.3605981
orientation: 1.079956 0.9758303 61.83356
enu_velocity: 0.003332802 0.008807957 -0.06796327
velocity: 0.01049422 -5.844282e-05 -0.06780532
angularVelocity: -0.0001087985 0.0070282 -0.0001077121
acceleration: -0.008828384 0.001127679 0.01001788
accel: 0.0
brake: 1.0
steer: 0.006
linkid: A219BS010395
trafficlightid: C119BS010046
turn_signal_lamp: 1.0