position: 108.887599 94.41399999999999 -0.3609391
orientation: 1.079651 0.9900878 61.83359
enu_velocity: 0.002608189 0.007503038 -0.06222116
velocity: 0.00891966 7.247063e-05 -0.06208869
angularVelocity: -0.0001319838 0.005714378 -0.0001028535
acceleration: -0.01215029 0.0009103818 0.0564204
accel: 0.0
brake: 1.0
steer: 0.006
linkid: A219BS010395
trafficlightid: C119BS010046
turn_signal_lamp: 1.0