position: 12.820838 22.833000000000084 -0.2588343
orientation: 1.932709 0.9766206 61.1144
enu_velocity: 19.37985 35.01707 -0.0224185
velocity: 40.0167 -0.0310154 0.6611608
angularVelocity: 0.005777953 0.005875216 0.005666997
acceleration: 0.0230111 0.05634457 -0.01563187
accel: 0.02532287
brake: 0.0
steer: 0.0028
linkid: A219BS010380
trafficlightid: null
turn_signal_lamp: 0.0