position: 108.887599 94.41399999999999 -0.3613989
orientation: 1.079224 1.005489 61.83354
enu_velocity: 0.00160096 0.00510944 -0.04379333
velocity: 0.006027773 0.0001773043 -0.04370537
angularVelocity: -0.0001159571 0.003592906 -9.705369e-05
acceleration: -0.01396372 0.0004268144 0.1011795
accel: 0.0
brake: 1.0
steer: 0.0061
linkid: A219BS010395
trafficlightid: C119BS010046
turn_signal_lamp: 1.0