position: 108.887599 94.41399999999999 -0.3615161
orientation: 1.079102 1.00901 61.8335
enu_velocity: 0.001303015 0.004282972 -0.03602938
velocity: 0.005024634 0.0001958833 -0.03595654
angularVelocity: -0.0001164204 0.002900784 -9.546992e-05
acceleration: -0.01394716 0.0002931478 0.1091547
accel: 0.0
brake: 1.0
steer: 0.0061
linkid: A219BS010395
trafficlightid: C119BS010046
turn_signal_lamp: 1.0