position: 108.887599 94.41399999999999 -0.3616093
orientation: 1.078949 1.011758 61.83344
enu_velocity: 0.001016238 0.003475194 -0.02791385
velocity: 0.004035699 0.0002200244 -0.02785601
angularVelocity: -0.0001054772 0.002230979 -9.452928e-05
acceleration: -0.01368068 0.0003377704 0.1131204
accel: 0.0
brake: 1.0
steer: 0.0061
linkid: A219BS010395
trafficlightid: C119BS010046
turn_signal_lamp: 1.0