position: 108.887599 94.41399999999999 -0.3616765
orientation: 1.078857 1.013766 61.83337
enu_velocity: 0.0007594162 0.00268643 -0.01967627
velocity: 0.00307447 0.0002289998 -0.01963274
angularVelocity: -9.913999e-05 0.001592715 -9.341318e-05
acceleration: -0.01322235 0.0001440423 0.1142525
accel: 0.0
brake: 1.0
steer: 0.0061
linkid: A219BS010395
trafficlightid: C119BS010046
turn_signal_lamp: 1.0