position: 108.887599 94.41399999999999 -0.3617316
orientation: 1.078674 1.015722 61.83319
enu_velocity: 0.0003096146 0.001210084 -0.003795268
velocity: 0.00128002 0.000227176 -0.003778116
angularVelocity: -6.859936e-05 0.0004290647 -9.185438e-05
acceleration: -0.01192194 -9.019766e-05 0.1065859
accel: 0.0
brake: 1.0
steer: 0.0061
linkid: A219BS010395
trafficlightid: C119BS010046
turn_signal_lamp: 1.0