position: 108.887599 94.41399999999999 -0.3615605
orientation: 1.078491 1.012935 61.83272
enu_velocity: -0.0003404036 -0.001109077 0.02075583
velocity: -0.001505165 0.0001668257 0.020733
angularVelocity: -1.334015e-05 -0.001286858 -9.133706e-05
acceleration: -0.007799541 -0.0002792445 0.06502748
accel: 0.0
brake: 1.0
steer: 0.0062
linkid: A219BS010395
trafficlightid: C119BS010046
turn_signal_lamp: 1.0