position: 108.887599 94.41399999999999 -0.3611664
orientation: 1.078522 1.004663 61.83214
enu_velocity: -0.0006792794 -0.002325961 0.0307581
velocity: -0.002910094 7.901207e-05 0.03071575
angularVelocity: 2.273417e-05 -0.00207417 -9.064225e-05
acceleration: -0.002731482 -0.0003677328 0.01129165
accel: 0.0
brake: 1.0
steer: 0.0062
linkid: A219BS010395
trafficlightid: C119BS010046
turn_signal_lamp: 1.0