position: 108.887599 94.41399999999999 -0.3610591
orientation: 1.078522 1.002242 61.83205
enu_velocity: -0.000744262 -0.002518431 0.0308887
velocity: -0.003111399 4.784373e-05 0.03084356
angularVelocity: -1.814566e-06 -0.00212162 -9.246758e-06
acceleration: -0.003452819 -0.00049169 -0.001611359
accel: 0.0
brake: 1.0
steer: 0.0062
linkid: A219BS010395
trafficlightid: C119BS010046
turn_signal_lamp: 1.0