position: 108.887599 94.41399999999999 -0.3609552
orientation: 1.078552 0.9998021 61.832
enu_velocity: -0.0007440951 -0.002534884 0.03019221
velocity: -0.003112356 2.682337e-05 0.03014733
angularVelocity: 1.109182e-05 -0.002126966 -1.07198e-06
acceleration: 0.0002849578 -0.0002078744 -0.01237275
accel: 0.0
brake: 1.0
steer: 0.0062
linkid: A219BS010395
trafficlightid: C119BS010046
turn_signal_lamp: 1.0