position: 108.887599 94.41399999999999 -0.3608572
orientation: 1.078552 0.9973991 61.83195
enu_velocity: -0.0007308327 -0.002483851 0.02875488
velocity: -0.00303483 1.219672e-05 0.02871126
angularVelocity: 2.093706e-05 -0.002082007 -7.36743e-07
acceleration: 0.001392021 -0.0001321926 -0.02226631
accel: 0.0
brake: 1.0
steer: 0.0062
linkid: A219BS010395
trafficlightid: C119BS010046
turn_signal_lamp: 1.0