position: 108.887599 94.41399999999999 -0.3607676
orientation: 1.078583 0.9950855 61.83191
enu_velocity: -0.000701728 -0.002381203 0.02668011
velocity: -0.002893423 -4.006841e-06 0.02663867
angularVelocity: 3.154785e-05 -0.00199375 -4.348694e-07
acceleration: 0.002205462 -0.0001332571 -0.03070733
accel: 0.0
brake: 1.0
steer: 0.0062
linkid: A219BS010395
trafficlightid: C119BS010046
turn_signal_lamp: 1.0