position: 108.887599 94.41399999999999 -0.3606204
orientation: 1.078705 0.9909081 61.83183
enu_velocity: -0.0006027268 -0.002036717 0.02099848
velocity: -0.002442855 -3.546214e-05 0.02096375
angularVelocity: 5.069817e-05 -0.001701322 1.36818e-07
acceleration: 0.003691087 -0.0003061215 -0.04425672
accel: 0.0
brake: 1.0
steer: 0.0062
linkid: A219BS010395
trafficlightid: C119BS010046
turn_signal_lamp: 1.0