position: 13.036394000000001 23.22199999999998 -0.2588932
orientation: 1.942688 0.9850457 61.12727
enu_velocity: 19.36473 35.00757 -0.02751577
velocity: 40.00106 -0.03121376 0.6616961
angularVelocity: 0.003444963 0.002760501 0.005383318
acceleration: -0.2701657 0.06017656 -0.03949497
accel: 0.03295078
brake: 0.0
steer: 0.0025
linkid: A219BS010380
trafficlightid: null
turn_signal_lamp: 0.0