position: 108.887599 94.41399999999999 -0.3605652
orientation: 1.078735 0.9891219 61.8318
enu_velocity: -0.0005474476 -0.001803599 0.01765612
velocity: -0.002152934 -3.697939e-05 0.0176254
angularVelocity: 4.773994e-05 -0.001509454 2.020411e-07
acceleration: 0.00411969 -5.252188e-05 -0.04747618
accel: 0.0
brake: 1.0
steer: 0.0062
linkid: A219BS010395
trafficlightid: C119BS010046
turn_signal_lamp: 1.0