position: 108.887599 94.41399999999999 -0.360523
orientation: 1.078796 0.987578 61.83176
enu_velocity: -0.0004876483 -0.001537232 0.01411728
velocity: -0.001828456 -3.048536e-05 0.01409093
angularVelocity: 3.82507e-05 -0.001292204 1.364861e-07
acceleration: 0.004560741 9.840302e-05 -0.04955494
accel: 0.0
brake: 1.0
steer: 0.0062
linkid: A219BS010395
trafficlightid: C119BS010046
turn_signal_lamp: 1.0