position: 108.887599 94.41399999999999 -0.3604776
orientation: 1.078888 0.9852784 61.83173
enu_velocity: -0.0003419432 -0.0009733475 0.006903112
velocity: -0.00113804 -2.838008e-05 0.006886316
angularVelocity: 2.84749e-05 -0.0008263984 1.356211e-07
acceleration: 0.004905114 0.0002273496 -0.04942238
accel: 0.0
brake: 1.0
steer: 0.0062
linkid: A219BS010395
trafficlightid: C119BS010046
turn_signal_lamp: 1.0