position: 108.887599 94.41399999999999 -0.3604738
orientation: 1.078888 0.9845313 61.83171
enu_velocity: -0.0002696521 -0.0006909047 0.003408794
velocity: -0.0007948332 -2.448162e-05 0.003396701
angularVelocity: 2.164149e-05 -0.0005938805 9.008897e-08
acceleration: 0.004768747 0.0001633605 -0.04778168
accel: 0.0
brake: 1.0
steer: 0.0062
linkid: A219BS010395
trafficlightid: C119BS010046
turn_signal_lamp: 1.0