position: 108.887599 94.41399999999999 -0.3604814
orientation: 1.078918 0.9840522 61.83171
enu_velocity: -0.0001922674 -0.0004106963 0.0001160628
velocity: -0.0004547443 -2.233543e-05 0.0001087088
angularVelocity: 1.664102e-05 -0.000361371 4.520302e-08
acceleration: 0.00463566 1.762179e-05 -0.04489132
accel: 0.0
brake: 1.0
steer: 0.0062
linkid: A219BS010395
trafficlightid: C119BS010046
turn_signal_lamp: 1.0