position: 108.887599 94.41399999999999 -0.360647
orientation: 1.078979 0.98512 61.83173
enu_velocity: 0.000142374 0.0006919749 -0.01136765
velocity: 0.0008725715 -1.269819e-05 -0.01135611
angularVelocity: -2.553337e-06 0.0005621605 -3.143757e-07
acceleration: 0.002636792 2.978661e-05 -0.01949701
accel: 0.0
brake: 1.0
steer: 0.0062
linkid: A219BS010395
trafficlightid: C119BS010046
turn_signal_lamp: 1.0