position: 108.887599 94.41399999999999 -0.360695
orientation: 1.078949 0.9858654 61.83173
enu_velocity: 0.0001869989 0.0008295444 -0.01245131
velocity: 0.001033685 -7.45579e-06 -0.01243743
angularVelocity: -7.746508e-06 0.0006779827 -4.524481e-07
acceleration: 0.002133648 4.411908e-05 -0.01350044
accel: 0.0
brake: 1.0
steer: 0.0062
linkid: A219BS010395
trafficlightid: C119BS010046
turn_signal_lamp: 1.0