position: 108.887599 94.41399999999999 -0.3608412
orientation: 1.078918 0.988645 61.83179
enu_velocity: 0.0002817888 0.001046647 -0.01329125
velocity: 0.001284883 -4.267989e-06 -0.01327333
angularVelocity: -1.04499e-05 0.0008686668 -7.011161e-07
acceleration: 0.0005004298 6.841244e-05 0.002477067
accel: 0.0
brake: 1.0
steer: 0.0062
linkid: A219BS010395
trafficlightid: C119BS010046
turn_signal_lamp: 1.0