position: 108.887599 94.41399999999999 -0.3608864
orientation: 1.078918 0.9896546 61.8318
enu_velocity: 0.0002904103 0.00106181 -0.01283105
velocity: 0.001294603 3.96301e-06 -0.01281295
angularVelocity: -1.649483e-05 0.0008819519 -8.861964e-07
acceleration: -2.025106e-05 0.0001219331 0.00745789
accel: 0.0
brake: 1.0
steer: 0.0062
linkid: A219BS010395
trafficlightid: C119BS010046
turn_signal_lamp: 1.0