position: 108.887599 94.41399999999999 -0.3609653
orientation: 1.078888 0.9916195 61.83185
enu_velocity: 0.0002990292 0.0009903486 -0.01106969
velocity: 0.00120564 -4.214846e-06 -0.01105236
angularVelocity: -7.184048e-06 0.000831831 -8.695729e-07
acceleration: -0.0009385881 -8.970753e-05 0.01488118
accel: 0.0
brake: 1.0
steer: 0.0062
linkid: A219BS010395
trafficlightid: C119BS010046
turn_signal_lamp: 1.0