position: 13.251741 23.611000000000104 -0.2591833
orientation: 1.946411 0.9864498 61.1394
enu_velocity: 19.35515 35.00883 -0.03011465
velocity: 39.99756 -0.03071594 0.6600028
angularVelocity: 0.0003772164 -0.0003421871 0.005104986
acceleration: 0.1108029 0.05796568 -0.00595661
accel: 0.03252308
brake: 0.0
steer: 0.0022
linkid: A219BS010380
trafficlightid: null
turn_signal_lamp: 0.0