position: 108.887599 94.41399999999999 -0.3610747
orientation: 1.078888 0.9956602 61.83191
enu_velocity: 0.0001553575 0.0003813106 -0.002310933
velocity: 0.0004495832 -3.362802e-07 -0.002303871
angularVelocity: -6.260234e-07 0.0003321993 -1.060199e-06
acceleration: -0.002029388 5.401118e-05 0.02123007
accel: 0.0
brake: 1.0
steer: 0.0062
linkid: A219BS010395
trafficlightid: C119BS010046
turn_signal_lamp: 1.0