position: 108.887599 94.41399999999999 -0.3610088
orientation: 1.078857 0.9958298 61.83191
enu_velocity: -4.958804e-05 -0.0002433812 0.004558295
velocity: -0.0003171509 1.457288e-05 0.004554003
angularVelocity: -5.870446e-06 -0.0001987596 -1.162043e-06
acceleration: -0.001309982 6.384909e-05 0.009863268
accel: 0.0
brake: 1.0
steer: 0.0062
linkid: A219BS010395
trafficlightid: C119BS010046
turn_signal_lamp: 1.0