position: 13.359395 23.80600000000004 -0.2593923
orientation: 1.946045 0.9848647 61.14502
enu_velocity: 19.35376 35.01577 -0.02989447
velocity: 40.00297 -0.03009987 0.6591874
angularVelocity: -0.0006718053 -0.001551934 0.004899032
acceleration: 0.06372046 0.06497325 0.004438062
accel: 0.02963991
brake: 0.0
steer: 0.0022
linkid: A219BS010380
trafficlightid: null
turn_signal_lamp: 0.0