position: 108.887599 94.41399999999999 -0.3609672
orientation: 1.078857 0.995217 61.83189
enu_velocity: -9.109e-05 -0.0003664929 0.00552017
velocity: -0.0004619121 1.111273e-05 0.005513747
angularVelocity: -2.102985e-06 -0.0003030384 -1.051651e-06
acceleration: -0.0008350968 -4.012218e-05 0.004867803
accel: 0.0
brake: 1.0
steer: 0.0062
linkid: A219BS010395
trafficlightid: C119BS010046
turn_signal_lamp: 1.0