position: 108.887599 94.41399999999999 -0.3609458
orientation: 1.078857 0.9948347 61.83189
enu_velocity: -0.0001069906 -0.000411023 0.005722387
velocity: -0.0005121415 7.90201e-06 0.005715221
angularVelocity: 6.066693e-07 -0.0003408092 -9.681337e-07
acceleration: -0.000553806 -4.130816e-05 0.00224705
accel: 0.0
brake: 1.0
steer: 0.0062
linkid: A219BS010395
trafficlightid: C119BS010046
turn_signal_lamp: 1.0