position: 108.887599 94.41399999999999 -0.3609247
orientation: 1.078857 0.994424 61.83188
enu_velocity: -0.0001193491 -0.0004366469 0.005768925
velocity: -0.0005413272 7.56784e-06 0.005761277
angularVelocity: 8.257339e-07 -0.0003636131 -9.340275e-07
acceleration: -0.0003341446 -5.204211e-05 -0.0001104676
accel: 0.0
brake: 1.0
steer: 0.0062
linkid: A219BS010395
trafficlightid: C119BS010046
turn_signal_lamp: 1.0