position: 108.887599 94.41399999999999 -0.3609045
orientation: 1.078857 0.9939933 61.83186
enu_velocity: -0.0001238433 -0.0004535591 0.005652396
velocity: -0.0005562903 1.348155e-06 0.00564457
angularVelocity: 5.699781e-06 -0.0003769879 -8.132131e-07
acceleration: -6.880124e-05 -7.287928e-05 -0.002163853
accel: 0.0
brake: 1.0
steer: 0.0062
linkid: A219BS010395
trafficlightid: C119BS010046
turn_signal_lamp: 1.0