position: 108.887599 94.41399999999999 -0.3608222
orientation: 1.078918 0.9917024 61.83182
enu_velocity: -9.428947e-05 -0.0002991043 0.002701964
velocity: -0.0003549089 -7.294249e-06 0.00269684
angularVelocity: 9.010255e-06 -0.0002513005 -5.858402e-07
acceleration: 0.0008420181 1.563817e-05 -0.009293226
accel: 0.0
brake: 1.0
steer: 0.0062
linkid: A219BS010395
trafficlightid: C119BS010046
turn_signal_lamp: 1.0