position: 108.887599 94.41399999999999 -0.3608128
orientation: 1.078918 0.9910977 61.83182
enu_velocity: -5.729281e-05 -0.0001385043 0.000710857
velocity: -0.0001614198 -1.537908e-06 0.0007083254
angularVelocity: 2.381516e-06 -0.0001204033 -6.608195e-07
acceleration: 0.0008982377 -0.000160744 -0.009061828
accel: 0.0
brake: 1.0
steer: 0.0062
linkid: A219BS010395
trafficlightid: C119BS010046
turn_signal_lamp: 1.0