position: 108.887599 94.41399999999999 -0.3608141
orientation: 1.078918 0.9909952 61.8318
enu_velocity: -4.727155e-05 -8.446877e-05 9.731187e-05
velocity: -9.844842e-05 3.598765e-06 9.557266e-05
angularVelocity: -2.968925e-06 -7.733647e-05 -7.412384e-07
acceleration: 0.000952671 0.0002119341 -0.008179653
accel: 0.0
brake: 1.0
steer: 0.0062
linkid: A219BS010395
trafficlightid: C119BS010046
turn_signal_lamp: 1.0