position: 108.887599 94.41399999999999 -0.3608224
orientation: 1.078918 0.9909334 61.8318
enu_velocity: -1.563798e-05 9.059677e-06 -0.0009839134
velocity: 1.76205e-05 -4.643498e-07 -0.0009839215
angularVelocity: -3.266734e-07 2.433223e-06 -6.888474e-07
acceleration: 0.0007304109 -0.0001014438 -0.006867553
accel: 0.0
brake: 1.0
steer: 0.0062
linkid: A219BS010395
trafficlightid: C119BS010046
turn_signal_lamp: 1.0