position: 108.887599 94.41399999999999 -0.3608289
orientation: 1.078918 0.9909669 61.8318
enu_velocity: 1.582436e-07 5.098999e-05 -0.001426862
velocity: 6.969626e-05 -2.921988e-06 -0.001426068
angularVelocity: 1.17243e-06 3.882285e-05 -6.663528e-07
acceleration: 0.0007444577 -4.506411e-05 -0.005780971
accel: 0.0
brake: 1.0
steer: 0.0062
linkid: A219BS010395
trafficlightid: C119BS010046
turn_signal_lamp: 1.0