position: 108.887599 94.41399999999999 -0.3608538
orientation: 1.078918 0.99128 61.8318
enu_velocity: 3.341433e-05 0.0001472912 -0.002301279
velocity: 0.0001854113 -3.211844e-06 -0.002298762
angularVelocity: 5.510956e-07 0.000120837 -6.973372e-07
acceleration: 0.0003998045 3.310757e-06 -0.002738154
accel: 0.0
brake: 1.0
steer: 0.0062
linkid: A219BS010395
trafficlightid: C119BS010046
turn_signal_lamp: 1.0