position: 108.887599 94.41399999999999 -0.3609158
orientation: 1.078918 0.9926697 61.83183
enu_velocity: 5.135178e-05 0.0001570691 -0.001617062
velocity: 0.0001906982 -1.519653e-06 -0.001614258
angularVelocity: 2.660818e-07 0.0001332763 -8.099252e-07
acceleration: -0.0002820266 -1.058041e-05 0.003492289
accel: 0.0
brake: 1.0
steer: 0.0062
linkid: A219BS010395
trafficlightid: C119BS010046
turn_signal_lamp: 1.0