position: 13.682252 24.389000000000124 -0.2602729
orientation: 1.941132 0.9683716 61.15982
enu_velocity: 19.349 35.02742 -0.02061589
velocity: 40.0109 -0.03076935 0.6570999
angularVelocity: -0.002325287 -0.005785578 0.004160287
acceleration: 0.02662823 0.02333445 0.1008039
accel: 0.02751463
brake: 0.0
steer: 0.0018
linkid: A219BS010380
trafficlightid: null
turn_signal_lamp: 0.0