position: 108.887599 94.41399999999999 -0.3609251
orientation: 1.078918 0.9931713 61.83183
enu_velocity: 2.559907e-05 4.987401e-05 -0.0001757705
velocity: 5.908981e-05 -2.314737e-06 -0.0001747599
angularVelocity: 2.575158e-06 4.530752e-05 -8.112387e-07
acceleration: -0.0003758327 -6.063091e-05 0.003810546
accel: 0.0
brake: 1.0
steer: 0.0062
linkid: A219BS010395
trafficlightid: C119BS010046
turn_signal_lamp: 1.0