position: 108.887599 94.41399999999999 -0.3609221
orientation: 1.078918 0.993225 61.83183
enu_velocity: 7.652205e-06 1.070547e-05 0.0003270532
velocity: 7.378726e-06 4.469581e-06 0.0003272042
angularVelocity: -2.719999e-06 9.991248e-06 -9.065579e-07
acceleration: -0.0003628006 0.0001455638 0.003672586
accel: 0.0
brake: 1.0
steer: 0.0062
linkid: A219BS010395
trafficlightid: C119BS010046
turn_signal_lamp: 1.0