position: 108.887599 94.41399999999999 -0.3609197
orientation: 1.078918 0.9932171 61.83183
enu_velocity: 5.460431e-06 -1.794952e-05 0.0005304573
velocity: -2.243901e-05 -3.302227e-06 0.0005303042
angularVelocity: 4.204444e-06 -1.149287e-05 -7.790624e-07
acceleration: -0.0003679147 -0.0001281417 0.002916537
accel: 0.0
brake: 1.0
steer: 0.0062
linkid: A219BS010395
trafficlightid: C119BS010046
turn_signal_lamp: 1.0