position: 13.789839 24.58400000000006 -0.2605287
orientation: 1.937531 0.9618767 61.16403
enu_velocity: 19.34789 35.03045 -0.01290687
velocity: 40.01296 -0.03120613 0.6603211
angularVelocity: -0.003428294 -0.005452717 0.003773115
acceleration: 0.02907613 0.03988265 0.1087322
accel: 0.026804
brake: 0.0
steer: 0.0015
linkid: A219BS010380
trafficlightid: null
turn_signal_lamp: 0.0