position: 108.887599 94.41399999999999 -0.3608935
orientation: 1.078918 0.9928171 61.83182
enu_velocity: -2.554573e-05 -7.950083e-05 0.001066798
velocity: -0.0001006165 5.050944e-06 0.001065308
angularVelocity: -2.42611e-06 -6.745903e-05 -8.730323e-07
acceleration: 6.490999e-05 4.654985e-05 -0.0002898487
accel: 0.0
brake: 1.0
steer: 0.0062
linkid: A219BS010395
trafficlightid: C119BS010046
turn_signal_lamp: 1.0