position: 108.887599 94.41399999999999 -0.3608899
orientation: 1.078918 0.9927362 61.83182
enu_velocity: -2.419228e-05 -8.354473e-05 0.001012608
velocity: -0.0001026017 9.282467e-07 0.001011144
angularVelocity: 7.987983e-07 -6.97536e-05 -8.045844e-07
acceleration: 5.469305e-05 9.074325e-05 -0.0007253925
accel: 0.0
brake: 1.0
steer: 0.0062
linkid: A219BS010395
trafficlightid: C119BS010046
turn_signal_lamp: 1.0