position: 108.887599 94.41399999999999 -0.3608837
orientation: 1.078918 0.9925871 61.8318
enu_velocity: -3.039152e-05 -6.972243e-05 0.0008482235
velocity: -9.049402e-05 9.824287e-06 0.0008467481
angularVelocity: -6.874929e-06 -6.202627e-05 -9.276648e-07
acceleration: 9.468629e-05 0.000218482 -0.001339966
accel: 0.0
brake: 1.0
steer: 0.0062
linkid: A219BS010395
trafficlightid: C119BS010046
turn_signal_lamp: 1.0