position: 108.887599 94.41399999999999 -0.3608813
orientation: 1.078918 0.9925184 61.8318
enu_velocity: -2.384211e-05 -7.001963e-05 0.0007325733
velocity: -8.566041e-05 1.734927e-06 0.0007312961
angularVelocity: -5.841866e-08 -5.963398e-05 -8.000675e-07
acceleration: 3.803154e-05 -1.878658e-05 -0.001422588
accel: 0.0
brake: 1.0
steer: 0.0062
linkid: A219BS010395
trafficlightid: C119BS010046
turn_signal_lamp: 1.0