position: 108.887599 94.41399999999999 -0.3608794
orientation: 1.078888 0.9924552 61.83179
enu_velocity: -2.560022e-05 -6.036291e-05 0.000615934
velocity: -7.595739e-05 5.648866e-06 0.0006147132
angularVelocity: -3.577028e-06 -5.317834e-05 -8.571694e-07
acceleration: 0.000191933 0.0001022565 -0.001445589
accel: 0.0
brake: 1.0
steer: 0.0062
linkid: A219BS010395
trafficlightid: C119BS010046
turn_signal_lamp: 1.0