position: 108.887599 94.41399999999999 -0.3608764
orientation: 1.078888 0.9922879 61.83179
enu_velocity: -1.779808e-05 -2.070746e-05 0.0001266271
velocity: -2.884569e-05 8.289151e-06 0.0001260127
angularVelocity: -6.354112e-06 -2.136505e-05 -8.946637e-07
acceleration: 0.0002008094 0.0001612138 -0.001574642
accel: 0.0
brake: 1.0
steer: 0.0062
linkid: A219BS010395
trafficlightid: C119BS010046
turn_signal_lamp: 1.0