position: 108.887599 94.41399999999999 -0.3608797
orientation: 1.078888 0.9922597 61.83179
enu_velocity: 1.234494e-06 7.432089e-06 -0.0002787968
velocity: 1.196158e-05 -2.82671e-06 -0.0002786276
angularVelocity: 2.553861e-06 6.355351e-06 -7.350243e-07
acceleration: 0.0001391827 -1.018785e-05 -0.001080924
accel: 0.0
brake: 1.0
steer: 0.0062
linkid: A219BS010395
trafficlightid: C119BS010046
turn_signal_lamp: 1.0