position: 108.887599 94.41399999999999 -0.3608828
orientation: 1.078888 0.9922923 61.83177
enu_velocity: 6.83539e-06 1.69479e-05 -0.0004048406
velocity: 2.517568e-05 -5.641528e-06 -0.0004044307
angularVelocity: 4.985495e-06 1.526125e-05 -6.900744e-07
acceleration: -9.75869e-05 -0.0002006001 -0.001242998
accel: 0.0
brake: 1.0
steer: 0.0062
linkid: A219BS010395
trafficlightid: C119BS010046
turn_signal_lamp: 1.0