position: 108.887599 94.41399999999999 -0.3608845
orientation: 1.078918 0.9923173 61.83179
enu_velocity: 8.409669e-06 2.567096e-05 -0.00043245
velocity: 3.408585e-05 -3.429074e-06 -0.0004319365
angularVelocity: 3.00803e-06 2.218211e-05 -7.341027e-07
acceleration: 3.663414e-05 -8.313454e-05 -0.0005262704
accel: 0.0
brake: 1.0
steer: 0.0062
linkid: A219BS010395
trafficlightid: C119BS010046
turn_signal_lamp: 1.0