position: 14.00497 24.972999999999956 -0.2609741
orientation: 1.928802 0.9477239 61.17136
enu_velocity: 19.34597 35.03599 -0.002375046
velocity: 40.01686 -0.03204536 0.6610529
angularVelocity: -0.003681141 -0.006604117 0.003213183
acceleration: 0.02009225 0.03119947 0.07454686
accel: 0.02522778
brake: 0.0
steer: 0.0012
linkid: A219BS010380
trafficlightid: null
turn_signal_lamp: 0.0