position: 108.887599 94.41399999999999 -0.3608879
orientation: 1.078888 0.9923809 61.83179
enu_velocity: 5.103006e-06 3.676986e-05 -0.0004610759
velocity: 4.280435e-05 4.187698e-06 -0.0004605642
angularVelocity: -3.301229e-06 2.88251e-05 -8.485413e-07
acceleration: -1.78304e-05 -1.903427e-05 -0.0002462189
accel: 0.0
brake: 1.0
steer: 0.0062
linkid: A219BS010395
trafficlightid: C119BS010046
turn_signal_lamp: 1.0