position: 108.887599 94.41399999999999 -0.3608911
orientation: 1.078888 0.9924489 61.83179
enu_velocity: 7.645172e-06 3.796174e-05 -0.0004435123
velocity: 4.47511e-05 2.840959e-06 -0.0004429356
angularVelocity: -2.18776e-06 3.062148e-05 -8.352136e-07
acceleration: -4.915315e-06 -8.288127e-06 0.0001733798
accel: 0.0
brake: 1.0
steer: 0.0062
linkid: A219BS010395
trafficlightid: C119BS010046
turn_signal_lamp: 1.0