position: 108.887599 94.41399999999999 -0.3608926
orientation: 1.078888 0.9924833 61.83179
enu_velocity: 1.155436e-05 3.417698e-05 -0.0004243459
velocity: 4.292848e-05 -2.030611e-06 -0.0004237028
angularVelocity: 1.975843e-06 2.934478e-05 -7.640522e-07
acceleration: -6.748879e-05 -0.0001150307 0.0001678863
accel: 0.0
brake: 1.0
steer: 0.0062
linkid: A219BS010395
trafficlightid: C119BS010046
turn_signal_lamp: 1.0