position: 108.887599 94.41399999999999 -0.3608939
orientation: 1.078888 0.9925153 61.83179
enu_velocity: 1.193103e-05 3.217562e-05 -0.0003852262
velocity: 4.066481e-05 -2.571266e-06 -0.0003845993
angularVelocity: 2.334078e-06 2.803483e-05 -7.60571e-07
acceleration: -3.412239e-05 -2.216255e-05 0.0004902384
accel: 0.0
brake: 1.0
steer: 0.0062
linkid: A219BS010395
trafficlightid: C119BS010046
turn_signal_lamp: 1.0