position: 108.887599 94.41399999999999 -0.360896
orientation: 1.078888 0.9925771 61.83179
enu_velocity: 7.686287e-06 2.853505e-05 -0.000299263
velocity: 3.39637e-05 1.068496e-06 -0.0002987926
angularVelocity: -5.231814e-07 2.367334e-05 -8.12648e-07
acceleration: -0.0001147418 -3.767367e-05 0.0005454642
accel: 0.0
brake: 1.0
steer: 0.0062
linkid: A219BS010395
trafficlightid: C119BS010046
turn_signal_lamp: 1.0