position: 108.887599 94.41399999999999 -0.3608968
orientation: 1.078888 0.9926025 61.83179
enu_velocity: 1.068381e-05 2.398793e-05 -0.0002431218
velocity: 3.039811e-05 -2.663608e-06 -0.0002426245
angularVelocity: 2.690662e-06 2.152756e-05 -7.626974e-07
acceleration: -7.014704e-05 -0.0001001087 0.0007374786
accel: 0.0
brake: 1.0
steer: 0.0062
linkid: A219BS010395
trafficlightid: C119BS010046
turn_signal_lamp: 1.0