position: 108.887599 94.41399999999999 -0.3608973
orientation: 1.078888 0.9926249 61.83179
enu_velocity: 7.500537e-06 2.159589e-05 -0.0001897711
velocity: 2.586307e-05 1.640137e-08 -0.0001893854
angularVelocity: 5.097863e-07 1.852929e-05 -8.017196e-07
acceleration: -0.000101519 -7.488053e-05 0.0006628856
accel: 0.0
brake: 1.0
steer: 0.0062
linkid: A219BS010395
trafficlightid: C119BS010046
turn_signal_lamp: 1.0