position: 14.112519 25.167000000000144 -0.2611758
orientation: 1.925018 0.9397362 61.17473
enu_velocity: 19.3447 35.03815 0.003646635
velocity: 40.01813 -0.03227234 0.6615202
angularVelocity: -0.003330218 -0.0068582 0.003181835
acceleration: 0.01439549 0.03430302 0.08962259
accel: 0.02484962
brake: 0.0
steer: 0.0013
linkid: A219BS010380
trafficlightid: null
turn_signal_lamp: 0.0