position: 108.887599 94.41399999999999 -0.3608976
orientation: 1.078918 0.9926693 61.83179
enu_velocity: 6.145836e-06 8.084995e-06 -1.698517e-05
velocity: 1.032142e-05 -1.917556e-06 -1.677575e-05
angularVelocity: 2.199007e-06 8.191629e-06 -7.766488e-07
acceleration: -7.693414e-05 -1.157048e-05 0.0007095472
accel: 0.0
brake: 1.0
steer: 0.0062
linkid: A219BS010395
trafficlightid: C119BS010046
turn_signal_lamp: 1.0