position: 108.887599 94.41399999999999 -0.3608961
orientation: 1.078888 0.9926814 61.83179
enu_velocity: -1.502803e-06 -6.719105e-07 0.0001210835
velocity: -3.399288e-06 3.286606e-06 0.0001210023
angularVelocity: -1.958889e-06 -1.118751e-06 -8.505652e-07
acceleration: -7.898817e-05 2.283916e-05 0.0004839479
accel: 0.0
brake: 1.0
steer: 0.0062
linkid: A219BS010395
trafficlightid: C119BS010046
turn_signal_lamp: 1.0