position: 108.887599 94.41399999999999 -0.3608939
orientation: 1.078888 0.9926589 61.83179
enu_velocity: -3.72329e-06 -1.236294e-05 0.0001940252
velocity: -1.601582e-05 1.095375e-06 0.0001937906
angularVelocity: 1.457456e-07 -1.042332e-05 -8.084112e-07
acceleration: -0.0001633873 -0.0001628399 -1.422807e-06
accel: 0.0
brake: 1.0
steer: 0.0062
linkid: A219BS010395
trafficlightid: C119BS010046
turn_signal_lamp: 1.0