position: 108.887599 94.41399999999999 -0.3608923
orientation: 1.078888 0.9926328 61.83179
enu_velocity: -5.345647e-06 -1.614163e-05 0.0002083007
velocity: -2.035944e-05 1.009291e-06 0.0002079971
angularVelocity: 2.059778e-07 -1.375314e-05 -8.033441e-07
acceleration: -0.0001776848 -0.0001515759 -0.0003396234
accel: 0.0
brake: 1.0
steer: 0.0062
linkid: A219BS010395
trafficlightid: C119BS010046
turn_signal_lamp: 1.0