position: 108.887599 94.41399999999999 -0.3608915
orientation: 1.078888 0.992619 61.83179
enu_velocity: -9.20916e-06 -1.343362e-05 0.0001985967
velocity: -1.96279e-05 5.510231e-06 0.0001982179
angularVelocity: -3.807005e-06 -1.320447e-05 -8.717563e-07
acceleration: -6.805883e-05 7.356825e-05 8.279402e-05
accel: 0.0
brake: 1.0
steer: 0.0062
linkid: A219BS010395
trafficlightid: C119BS010046
turn_signal_lamp: 1.0