position: 108.887599 94.41399999999999 -0.3608891
orientation: 1.078888 0.9925423 61.83179
enu_velocity: -3.97445e-06 -1.39363e-05 0.000118508
velocity: -1.621265e-05 -8.480633e-07 0.0001182818
angularVelocity: 1.464899e-06 -1.139433e-05 -7.757982e-07
acceleration: 5.820586e-05 -4.371487e-05 -0.000256892
accel: 0.0
brake: 1.0
steer: 0.0062
linkid: A219BS010395
trafficlightid: C119BS010046
turn_signal_lamp: 1.0