position: 108.887599 94.41399999999999 -0.3608887
orientation: 1.078888 0.9925197 61.83179
enu_velocity: -2.483222e-06 -1.231472e-05 6.711792e-05
velocity: -1.318927e-05 -2.363887e-06 6.695588e-05
angularVelocity: 2.724541e-06 -9.642503e-06 -7.502952e-07
acceleration: 4.095047e-06 -0.0001070557 -0.000535419
accel: 0.0
brake: 1.0
steer: 0.0062
linkid: A219BS010395
trafficlightid: C119BS010046
turn_signal_lamp: 1.0