position: 108.887599 94.41399999999999 -0.3608886
orientation: 1.078888 0.992502 61.83179
enu_velocity: 1.070156e-06 -6.740485e-06 7.157932e-06
velocity: -5.560171e-06 -3.991623e-06 7.139106e-06
angularVelocity: 4.011819e-06 -4.272675e-06 -7.292011e-07
acceleration: -2.630685e-05 -0.0001096373 -0.000428446
accel: 0.0
brake: 1.0
steer: 0.0062
linkid: A219BS010395
trafficlightid: C119BS010046
turn_signal_lamp: 1.0