position: 108.887599 94.41399999999999 -0.3608893
orientation: 1.078888 0.992502 61.83179
enu_velocity: 1.219096e-06 2.91953e-06 -5.84443e-05
velocity: 4.16112e-06 -7.958329e-07 -5.837635e-05
angularVelocity: 1.218179e-06 2.78144e-06 -7.810956e-07
acceleration: 4.015894e-05 -3.12044e-05 -0.0001893156
accel: 0.0
brake: 1.0
steer: 0.0062
linkid: A219BS010395
trafficlightid: C119BS010046
turn_signal_lamp: 1.0