position: 108.887599 94.41399999999999 -0.3608908
orientation: 1.078888 0.9925278 61.83179
enu_velocity: 4.409371e-06 3.314568e-06 -9.368043e-05
velocity: 6.625487e-06 -4.084096e-06 -9.351938e-05
angularVelocity: 3.883423e-06 4.30303e-06 -7.324682e-07
acceleration: 1.442398e-05 -3.312615e-05 -7.833474e-05
accel: 0.0
brake: 1.0
steer: 0.0062
linkid: A219BS010395
trafficlightid: C119BS010046
turn_signal_lamp: 1.0