position: 108.887599 94.41399999999999 -0.3608912
orientation: 1.078888 0.9925336 61.83179
enu_velocity: -9.919708e-07 9.256566e-06 -8.357698e-05
velocity: 9.138573e-06 3.672281e-06 -8.351515e-05
angularVelocity: -2.653085e-06 6.509949e-06 -8.498895e-07
acceleration: 7.704931e-05 0.0001077178 0.0002428106
accel: 0.0
brake: 1.0
steer: 0.0062
linkid: A219BS010395
trafficlightid: C119BS010046
turn_signal_lamp: 1.0