position: 108.887599 94.41399999999999 -0.3608917
orientation: 1.078888 0.9925467 61.83179
enu_velocity: -1.940528e-06 1.174402e-05 -6.835954e-05
velocity: 1.06198e-05 5.969431e-06 -6.831032e-05
angularVelocity: -4.649167e-06 7.917324e-06 -8.885143e-07
acceleration: 0.0001068508 0.0002201089 0.0004126756
accel: 0.0
brake: 1.0
steer: 0.0062
linkid: A219BS010395
trafficlightid: C119BS010046
turn_signal_lamp: 1.0