position: 108.887599 94.41399999999999 -0.3608926
orientation: 1.078888 0.9925749 61.83179
enu_velocity: -7.296113e-08 1.622664e-06 -1.980553e-05
velocity: 1.738922e-06 4.577598e-07 -1.97905e-05
angularVelocity: 3.076184e-07 1.250413e-06 -7.977645e-07
acceleration: -7.028615e-05 -7.50238e-05 -4.511691e-05
accel: 0.0
brake: 1.0
steer: 0.0062
linkid: A219BS010395
trafficlightid: C119BS010046
turn_signal_lamp: 1.0