position: 108.887599 94.41399999999999 -0.3608925
orientation: 1.078888 0.9925768 61.83179
enu_velocity: -1.590198e-08 3.927661e-08 2.15369e-05
velocity: -3.459668e-07 4.380248e-07 2.152971e-05
angularVelocity: 2.811219e-07 1.269411e-07 -8.028165e-07
acceleration: -1.277849e-05 2.553412e-06 0.0001675827
accel: 0.0
brake: 1.0
steer: 0.0062
linkid: A219BS010395
trafficlightid: C119BS010046
turn_signal_lamp: 1.0