position: 14.649778000000001 26.1400000000001 -0.2609729
orientation: 1.878021 0.9182944 61.1868
enu_velocity: 19.32871 35.03069 0.04761743
velocity: 40.00343 -0.0298996 0.6901741
angularVelocity: -0.01142871 -0.003163718 0.001635344
acceleration: 0.05333339 0.03919477 0.05971241
accel: 0.03043605
brake: 0.0
steer: 0.0009
linkid: A219BS010380
trafficlightid: null
turn_signal_lamp: 0.0