position: 108.887599 94.41399999999999 -0.3608912
orientation: 1.078888 0.9925645 61.83179
enu_velocity: -2.227285e-06 -7.895089e-07 4.06098e-05
velocity: -2.450627e-06 2.354482e-06 4.05363e-05
angularVelocity: -1.355965e-06 -1.284884e-06 -8.307183e-07
acceleration: 5.293793e-05 5.639919e-05 0.0001238405
accel: 0.0
brake: 1.0
steer: 0.0062
linkid: A219BS010395
trafficlightid: C119BS010046
turn_signal_lamp: 1.0