position: 108.887599 94.41399999999999 -0.360891
orientation: 1.078888 0.9925541 61.83179
enu_velocity: 3.579974e-07 -4.424938e-06 2.267431e-05
velocity: -4.124091e-06 -1.978358e-06 2.264753e-05
angularVelocity: 2.273226e-06 -2.890081e-06 -7.634609e-07
acceleration: 1.366657e-05 -2.940801e-05 -3.132745e-06
accel: 0.0
brake: 1.0
steer: 0.0062
linkid: A219BS010395
trafficlightid: C119BS010046
turn_signal_lamp: 1.0