position: 108.887599 94.41399999999999 -0.3608909
orientation: 1.078888 0.9925525 61.83179
enu_velocity: -3.164765e-06 -8.965504e-07 2.434871e-05
velocity: -2.705769e-06 2.823953e-06 2.425661e-05
angularVelocity: -1.74942e-06 -1.735358e-06 -8.343582e-07
acceleration: -1.37418e-05 4.205593e-05 -8.229989e-05
accel: 0.0
brake: 1.0
steer: 0.0062
linkid: A219BS010395
trafficlightid: C119BS010046
turn_signal_lamp: 1.0