position: 108.887599 94.41399999999999 -0.3608909
orientation: 1.078888 0.9925435 61.83179
enu_velocity: -5.070332e-07 1.305381e-06 -1.986102e-06
velocity: 9.456946e-07 1.025921e-06 -1.989686e-06
angularVelocity: -2.89657e-07 9.281849e-07 -8.107434e-07
acceleration: 7.489241e-05 3.818055e-05 0.0001953252
accel: 0.0
brake: 1.0
steer: 0.0062
linkid: A219BS010395
trafficlightid: C119BS010046
turn_signal_lamp: 1.0