position: 108.887599 94.41399999999999 -0.3608909
orientation: 1.078888 0.992543 61.83179
enu_velocity: 1.802696e-07 -1.858375e-06 -1.233917e-05
velocity: -1.339205e-06 -1.268811e-06 -1.234252e-05
angularVelocity: 1.76397e-06 -1.122052e-06 -7.701076e-07
acceleration: -4.331753e-05 -0.0001093113 -0.0001799289
accel: 0.0
brake: 1.0
steer: 0.0062
linkid: A219BS010395
trafficlightid: C119BS010046
turn_signal_lamp: 1.0