position: 108.887599 94.41399999999999 -0.360891
orientation: 1.078888 0.9925439 61.83179
enu_velocity: -1.374223e-06 1.336443e-06 -8.981341e-06
velocity: 6.849416e-07 1.673112e-06 -9.003922e-06
angularVelocity: -8.430965e-07 5.709333e-07 -8.180598e-07
acceleration: -1.975476e-05 4.556662e-05 -0.0001046738
accel: 0.0
brake: 1.0
steer: 0.0062
linkid: A219BS010395
trafficlightid: C119BS010046
turn_signal_lamp: 1.0