position: 108.887599 94.41399999999999 -0.3608911
orientation: 1.078888 0.9925445 61.83179
enu_velocity: -5.505739e-07 1.387614e-06 -1.337741e-05
velocity: 1.194951e-06 8.886713e-07 -1.337782e-05
angularVelocity: -1.431231e-07 9.395065e-07 -8.064087e-07
acceleration: 3.217653e-06 -6.117612e-07 -2.970464e-05
accel: 0.0
brake: 1.0
steer: 0.0062
linkid: A219BS010395
trafficlightid: C119BS010046
turn_signal_lamp: 1.0