position: 108.887599 94.41399999999999 -0.3608912
orientation: 1.078888 0.9925491 61.83179
enu_velocity: 2.237993e-07 2.836374e-06 -1.20221e-05
velocity: 2.813957e-06 9.159656e-07 -1.199453e-05
angularVelocity: -2.573261e-07 2.298518e-06 -8.110762e-07
acceleration: 6.293637e-05 7.019594e-05 0.0001786028
accel: 0.0
brake: 1.0
steer: 0.0062
linkid: A219BS010395
trafficlightid: C119BS010046
turn_signal_lamp: 1.0