position: 14.864619000000001 26.528999999999996 -0.2606186
orientation: 1.85495 0.9097106 61.18999
enu_velocity: 19.32952 35.03664 0.0565949
velocity: 40.00898 -0.03014374 0.6932347
angularVelocity: -0.01083577 -0.003593084 0.001328258
acceleration: 0.02695556 0.006548681 0.09779501
accel: 0.02849834
brake: 0.0
steer: 0.0008
linkid: A219BS010380
trafficlightid: null
turn_signal_lamp: 0.0