position: 108.887599 94.41399999999999 -0.3608912
orientation: 1.078888 0.9925514 61.83179
enu_velocity: -1.179845e-06 3.342714e-06 -1.396256e-05
velocity: 2.631368e-06 2.35553e-06 -1.39659e-05
angularVelocity: -1.353953e-06 2.091114e-06 -8.292951e-07
acceleration: 2.784299e-06 7.866505e-06 -8.622835e-06
accel: 0.0
brake: 1.0
steer: 0.0062
linkid: A219BS010395
trafficlightid: C119BS010046
turn_signal_lamp: 1.0