position: 108.887599 94.41399999999999 -0.3608916
orientation: 1.078888 0.9925554 61.83179
enu_velocity: -1.940838e-06 2.715547e-06 1.317823e-06
velocity: 1.454687e-06 3.017643e-06 1.286632e-06
angularVelocity: -2.193643e-06 1.414194e-06 -8.440458e-07
acceleration: 0.0001214591 0.0002341118 0.0003988432
accel: 0.0
brake: 1.0
steer: 0.0062
linkid: A219BS010395
trafficlightid: C119BS010046
turn_signal_lamp: 1.0