position: 108.887599 94.41399999999999 -0.3608916
orientation: 1.078888 0.992556 61.83179
enu_velocity: -1.942622e-06 3.137486e-06 4.820177e-06
velocity: 1.765087e-06 3.28442e-06 4.790486e-06
angularVelocity: -2.233253e-06 1.654709e-06 -8.457608e-07
acceleration: 3.88445e-05 0.0001188837 0.0001449309
accel: 0.0
brake: 1.0
steer: 0.0062
linkid: A219BS010395
trafficlightid: C119BS010046
turn_signal_lamp: 1.0