position: 108.887599 94.41399999999999 -0.3608916
orientation: 1.078888 0.992555 61.83179
enu_velocity: -3.866129e-06 2.750437e-06 8.337577e-06
velocity: 4.551207e-07 4.862951e-06 8.256611e-06
angularVelocity: -3.785011e-06 7.061603e-07 -8.704565e-07
acceleration: 0.000131265 0.0003114907 0.0002872659
accel: 0.0
brake: 1.0
steer: 0.0062
linkid: A219BS010395
trafficlightid: C119BS010046
turn_signal_lamp: 1.0