position: 108.887599 94.41399999999999 -0.3608916
orientation: 1.078918 0.9925528 61.83179
enu_velocity: 3.36439e-06 -3.257173e-07 -1.170955e-06
velocity: 1.321148e-06 -3.140756e-06 -1.089297e-06
angularVelocity: 3.344409e-06 1.227411e-06 -7.509327e-07
acceleration: 7.216211e-05 -0.0001257614 -0.0001266588
accel: 0.0
brake: 1.0
steer: 0.0062
linkid: A219BS010395
trafficlightid: C119BS010046
turn_signal_lamp: 1.0