position: 108.887599 94.41399999999999 -0.3608916
orientation: 1.078888 0.9925528 61.83179
enu_velocity: -6.270666e-07 8.426994e-08 7.227937e-06
velocity: -3.468971e-07 7.284801e-07 7.210573e-06
angularVelocity: 9.64026e-08 -4.904261e-08 -8.040934e-07
acceleration: -2.65885e-06 -6.45479e-05 -0.0001526623
accel: 0.0
brake: 1.0
steer: 0.0062
linkid: A219BS010395
trafficlightid: C119BS010046
turn_signal_lamp: 1.0