position: 15.079440000000002 26.91800000000012 -0.2600627
orientation: 1.826111 0.9034011 61.19246
enu_velocity: 19.32792 35.04204 0.06941029
velocity: 40.01282 -0.02794266 0.7016128
angularVelocity: -0.01261091 -0.002057511 0.001188779
acceleration: 0.03517409 0.03911162 0.05202357
accel: 0.02730636
brake: 0.0
steer: 0.0007
linkid: A219BS010380
trafficlightid: null
turn_signal_lamp: 0.0