position: 15.186847 27.113000000000056 -0.259723
orientation: 1.813721 0.9015599 61.19363
enu_velocity: 19.32868 35.04433 0.07001453
velocity: 40.0152 -0.02848625 0.7009746
angularVelocity: -0.01025034 -0.001408939 0.001049179
acceleration: 0.0318064 0.002143527 0.002688664
accel: 0.02603257
brake: 0.0
steer: 0.0005
linkid: A219BS010380
trafficlightid: null
turn_signal_lamp: 0.0