position: 108.887599 94.41399999999999 -0.3608916
orientation: 1.078888 0.9925488 61.83179
enu_velocity: -2.479437e-06 2.750179e-06 3.821928e-06
velocity: 1.187622e-06 3.555785e-06 3.776794e-06
angularVelocity: -2.46558e-06 1.182341e-06 -8.490857e-07
acceleration: 4.369109e-05 0.0001124881 0.0002924295
accel: 0.0
brake: 1.0
steer: 0.0062
linkid: A219BS010395
trafficlightid: C119BS010046
turn_signal_lamp: 1.0