position: 108.887599 94.41399999999999 -0.3608916
orientation: 1.078888 0.992548 61.83179
enu_velocity: 3.979945e-06 -2.289231e-06 -6.576524e-06
velocity: -2.538536e-08 -4.712285e-06 -6.490372e-06
angularVelocity: 4.669154e-06 4.514459e-08 -7.244833e-07
acceleration: 2.715571e-05 -0.0001594956 -9.547744e-05
accel: 0.0
brake: 1.0
steer: 0.0062
linkid: A219BS010395
trafficlightid: C119BS010046
turn_signal_lamp: 1.0