position: 108.887599 94.41399999999999 -0.3608916
orientation: 1.078888 0.9925494 61.83179
enu_velocity: -2.823578e-06 1.475444e-06 -2.459373e-06
velocity: 1.040394e-08 3.138793e-06 -2.51911e-06
angularVelocity: -2.183725e-06 8.299486e-08 -8.390958e-07
acceleration: -6.986455e-05 0.0001447473 9.556802e-05
accel: 0.0
brake: 1.0
steer: 0.0062
linkid: A219BS010395
trafficlightid: C119BS010046
turn_signal_lamp: 1.0