position: 108.887599 94.41399999999999 -0.3608916
orientation: 1.078888 0.9925502 61.83179
enu_velocity: 5.798255e-07 -1.486482e-06 1.700824e-07
velocity: -1.039509e-06 -1.209787e-06 1.749088e-07
angularVelocity: 1.637305e-06 -6.893209e-07 -7.748982e-07
acceleration: 9.365132e-06 -3.636401e-05 4.142485e-05
accel: 0.0
brake: 1.0
steer: 0.0062
linkid: A219BS010395
trafficlightid: C119BS010046
turn_signal_lamp: 1.0