position: 108.887599 94.41399999999999 -0.3608916
orientation: 1.078888 0.9925483 61.83179
enu_velocity: -1.285544e-07 -3.741242e-07 4.358126e-06
velocity: -4.659352e-07 1.865118e-08 4.351128e-06
angularVelocity: 6.147234e-07 -1.856501e-07 -7.940532e-07
acceleration: -1.176064e-05 -2.626515e-05 5.183172e-05
accel: 0.0
brake: 1.0
steer: 0.0062
linkid: A219BS010395
trafficlightid: C119BS010046
turn_signal_lamp: 1.0