position: 108.887599 94.41399999999999 -0.3608916
orientation: 1.078888 0.9925483 61.83179
enu_velocity: -5.240188e-08 -3.494523e-07 5.162608e-06
velocity: -4.221807e-07 -2.166144e-08 5.157391e-06
angularVelocity: 6.59379e-07 -1.413858e-07 -7.932614e-07
acceleration: -1.301119e-05 -2.879708e-05 5.232612e-05
accel: 0.0
brake: 1.0
steer: 0.0062
linkid: A219BS010395
trafficlightid: C119BS010046
turn_signal_lamp: 1.0