position: 15.294258 27.307000000000016 -0.2593696
orientation: 1.803528 0.900331 61.19478
enu_velocity: 19.32944 35.04588 0.069441
velocity: 40.01694 -0.02937698 0.6995884
angularVelocity: -0.00880719 -0.0009876492 0.001020892
acceleration: 0.01792244 -0.001130219 -0.003844482
accel: 0.02524039
brake: 0.0
steer: 0.0006
linkid: A219BS010380
trafficlightid: null
turn_signal_lamp: 0.0