position: 108.887599 94.41399999999999 -0.3608916
orientation: 1.078888 0.9925483 61.83179
enu_velocity: -6.142891e-07 5.83321e-07 4.40034e-06
velocity: 1.479953e-07 8.996707e-07 4.387402e-06
angularVelocity: -1.31393e-07 3.185516e-07 -8.075759e-07
acceleration: 1.710504e-06 -1.885298e-06 8.540384e-06
accel: 0.0
brake: 1.0
steer: 0.0062
linkid: A219BS010395
trafficlightid: C119BS010046
turn_signal_lamp: 1.0