position: 108.887599 94.41399999999999 -0.3608915
orientation: 1.078888 0.9925494 61.83179
enu_velocity: -1.671222e-06 -4.246846e-07 -9.955648e-07
velocity: -1.145887e-06 1.253466e-06 -1.039353e-06
angularVelocity: -3.136073e-07 -8.471085e-07 -8.074571e-07
acceleration: -8.69956e-05 -9.538197e-05 -0.0002679351
accel: 0.0
brake: 1.0
steer: 0.0062
linkid: A219BS010395
trafficlightid: C119BS010046
turn_signal_lamp: 1.0