position: 108.887599 94.41399999999999 -0.3608915
orientation: 1.078888 0.9925492 61.83179
enu_velocity: -4.172514e-06 2.800333e-06 4.085168e-06
velocity: 4.281524e-07 5.076461e-06 3.998322e-06
angularVelocity: -3.689828e-06 5.792676e-07 -8.687898e-07
acceleration: 4.866268e-05 0.0001033763 0.0001531265
accel: 0.0
brake: 1.0
steer: 0.0062
linkid: A219BS010395
trafficlightid: C119BS010046
turn_signal_lamp: 1.0