position: 15.40167 27.501999999999953 -0.2590053
orientation: 1.792786 0.8994533 61.19572
enu_velocity: 19.33039 35.04649 0.06985002
velocity: 40.01794 -0.03072166 0.6994321
angularVelocity: -0.009598475 -0.0006597866 0.0008035201
acceleration: 0.01182159 -0.003473287 0.003796456
accel: 0.02513487
brake: 0.0
steer: 0.0006
linkid: A219BS010380
trafficlightid: null
turn_signal_lamp: 0.0