position: 108.887599 94.41399999999999 -0.3608913
orientation: 1.078888 0.9925551 61.83179
enu_velocity: 2.46278e-06 -6.971732e-07 1.013329e-06
velocity: 5.303449e-07 -2.480511e-06 1.069564e-06
angularVelocity: 2.906072e-06 5.756143e-07 -7.569958e-07
acceleration: 2.097615e-06 -0.0001990054 -0.0001557226
accel: 0.0
brake: 1.0
steer: 0.0062
linkid: A219BS010395
trafficlightid: C119BS010046
turn_signal_lamp: 1.0