position: 108.887599 94.41399999999999 -0.3608913
orientation: 1.078888 0.9925563 61.83179
enu_velocity: 4.757821e-06 -9.106023e-07 -9.637702e-06
velocity: 1.609963e-06 -4.804344e-06 -9.522481e-06
angularVelocity: 4.795324e-06 1.309984e-06 -7.247983e-07
acceleration: 1.040677e-05 -0.0002056501 -0.0003467023
accel: 0.0
brake: 1.0
steer: 0.0062
linkid: A219BS010395
trafficlightid: C119BS010046
turn_signal_lamp: 1.0