position: 108.887599 94.41399999999999 -0.3608913
orientation: 1.078888 0.9925553 61.83179
enu_velocity: -6.103689e-07 -1.3681e-06 1.144306e-07
velocity: -1.49596e-06 -1.060618e-07 9.054328e-08
angularVelocity: 7.392424e-07 -1.109656e-06 -7.892181e-07
acceleration: -7.667096e-05 -4.269642e-05 -7.33806e-05
accel: 0.0
brake: 1.0
steer: 0.0062
linkid: A219BS010395
trafficlightid: C119BS010046
turn_signal_lamp: 1.0