position: 108.887599 94.41399999999999 -0.3608913
orientation: 1.078888 0.9925553 61.83179
enu_velocity: -7.997561e-07 -1.383823e-06 2.752804e-07
velocity: -1.601994e-06 5.643972e-08 2.46548e-07
angularVelocity: 6.068138e-07 -1.19257e-06 -7.913707e-07
acceleration: -7.652855e-05 -4.288279e-05 -7.337438e-05
accel: 0.0
brake: 1.0
steer: 0.0062
linkid: A219BS010395
trafficlightid: C119BS010046
turn_signal_lamp: 1.0