position: 108.887599 94.41399999999999 -0.3608913
orientation: 1.078888 0.9925553 61.83179
enu_velocity: -8.640919e-07 -1.387307e-06 3.557107e-07
velocity: -1.636824e-06 1.130046e-07 3.253358e-07
angularVelocity: 5.60754e-07 -1.219447e-06 -7.92114e-07
acceleration: -7.648462e-05 -4.294437e-05 -7.337263e-05
accel: 0.0
brake: 1.0
steer: 0.0062
linkid: A219BS010395
trafficlightid: C119BS010046
turn_signal_lamp: 1.0