position: 15.616458000000002 27.891000000000076 -0.2582264
orientation: 1.771637 0.8995776 61.19754
enu_velocity: 19.32176 35.03205 0.06833851
velocity: 40.00116 -0.03169441 0.6977537
angularVelocity: -0.008376149 0.0008957416 0.0007183217
acceleration: -0.2780103 -0.01669717 -0.04812951
accel: 0.03326673
brake: 0.0
steer: 0.0004
linkid: A219BS010380
trafficlightid: null
turn_signal_lamp: 0.0