position: 108.887599 94.41399999999999 -0.3608913
orientation: 1.078888 0.9925551 61.83179
enu_velocity: -9.385162e-07 -1.406604e-06 2.953697e-07
velocity: -1.687916e-06 1.683421e-07 2.630477e-07
angularVelocity: 5.298938e-07 -1.257553e-06 -7.925424e-07
acceleration: -7.072662e-05 -5.423485e-05 -5.556331e-05
accel: 0.0
brake: 1.0
steer: 0.0062
linkid: A219BS010395
trafficlightid: C119BS010046
turn_signal_lamp: 1.0