position: 108.887599 94.41399999999999 -0.3608913
orientation: 1.078888 0.9925545 61.83179
enu_velocity: 8.217306e-07 -1.667853e-06 -3.220918e-06
velocity: -1.026457e-06 -1.572462e-06 -3.210145e-06
angularVelocity: 2.081002e-06 -7.437799e-07 -7.675889e-07
acceleration: -2.158459e-05 -0.0001479878 -0.00024006
accel: 0.0
brake: 1.0
steer: 0.0062
linkid: A219BS010395
trafficlightid: C119BS010046
turn_signal_lamp: 1.0