position: 108.887599 94.41399999999999 -0.3608913
orientation: 1.078888 0.9925552 61.83179
enu_velocity: -6.01778e-07 -1.545511e-06 -5.827251e-07
velocity: -1.636204e-06 -2.105423e-07 -6.073033e-07
angularVelocity: 8.232805e-07 -1.231332e-06 -7.874575e-07
acceleration: -7.646529e-05 -4.260123e-05 -7.337375e-05
accel: 0.0
brake: 1.0
steer: 0.0062
linkid: A219BS010395
trafficlightid: C119BS010046
turn_signal_lamp: 1.0