position: 15.723795 28.086000000000013 -0.2578226
orientation: 1.763428 0.9011099 61.1983
enu_velocity: 19.31723 35.02205 0.0641838
velocity: 39.99026 -0.0332737 0.6945364
angularVelocity: -0.006785071 0.001263614 0.0006035266
acceleration: -0.01532071 -0.01027741 -0.06344323
accel: 0.04322103
brake: 0.0
steer: 0.0
linkid: A219BS010380
trafficlightid: null
turn_signal_lamp: 0.0