position: 108.887599 94.41399999999999 -0.3608913
orientation: 1.078888 0.9925552 61.83179
enu_velocity: -6.819232e-07 -1.521567e-06 -5.02305e-07
velocity: -1.65432e-06 -1.270919e-07 -5.287423e-07
angularVelocity: 7.553353e-07 -1.244726e-06 -7.886155e-07
acceleration: -7.644302e-05 -4.268926e-05 -7.337179e-05
accel: 0.0
brake: 1.0
steer: 0.0062
linkid: A219BS010395
trafficlightid: C119BS010046
turn_signal_lamp: 1.0