position: 108.887599 94.41399999999999 -0.3608913
orientation: 1.078888 0.9925552 61.83179
enu_velocity: -8.063295e-07 -1.481962e-06 -3.146417e-07
velocity: -1.681381e-06 4.778542e-09 -3.439699e-07
angularVelocity: 6.480457e-07 -1.263884e-06 -7.904414e-07
acceleration: -7.640742e-05 -4.283931e-05 -7.336854e-05
accel: 0.0
brake: 1.0
steer: 0.0062
linkid: A219BS010395
trafficlightid: C119BS010046
turn_signal_lamp: 1.0