position: 15.831140000000001 28.28099999999995 -0.2574535
orientation: 1.754974 0.9020616 61.19878
enu_velocity: 19.32156 35.0268 0.06127556
velocity: 39.99654 -0.03527451 0.6924434
angularVelocity: -0.007763211 0.0007270197 0.0002574899
acceleration: 0.1006863 -0.03212721 -0.03066582
accel: 0.03336292
brake: 0.0
steer: 0.0
linkid: A219BS010380
trafficlightid: null
turn_signal_lamp: 0.0