position: 108.887599 94.41399999999999 -0.3608913
orientation: 1.078888 0.9925552 61.83179
enu_velocity: -8.412513e-07 -1.470379e-06 -2.342088e-07
velocity: -1.689047e-06 4.253826e-08 -2.643547e-07
angularVelocity: 6.173696e-07 -1.268961e-06 -7.909719e-07
acceleration: -7.639876e-05 -4.28813e-05 -7.336752e-05
accel: 0.0
brake: 1.0
steer: 0.0062
linkid: A219BS010395
trafficlightid: C119BS010046
turn_signal_lamp: 1.0