position: 108.887599 94.41399999999999 -0.3608913
orientation: 1.078888 0.9925552 61.83179
enu_velocity: -8.68463e-07 -1.461273e-06 -1.537677e-07
velocity: -1.695258e-06 7.233353e-08 -1.84556e-07
angularVelocity: 5.93177e-07 -1.272861e-06 -7.913977e-07
acceleration: -7.639519e-05 -4.291608e-05 -7.336681e-05
accel: 0.0
brake: 1.0
steer: 0.0062
linkid: A219BS010395
trafficlightid: C119BS010046
turn_signal_lamp: 1.0