position: 108.887599 94.41399999999999 -0.3608913
orientation: 1.078888 0.9925552 61.83179
enu_velocity: -8.83107e-07 -1.456195e-06 -1.001438e-07
velocity: -1.698623e-06 8.864629e-08 -1.3128e-07
angularVelocity: 5.799899e-07 -1.27488e-06 -7.916028e-07
acceleration: -7.639112e-05 -4.29313e-05 -7.336644e-05
accel: 0.0
brake: 1.0
steer: 0.0062
linkid: A219BS010395
trafficlightid: C119BS010046
turn_signal_lamp: 1.0