position: 108.887599 94.41399999999999 -0.3608913
orientation: 1.078888 0.9925552 61.83179
enu_velocity: -2.476701e-06 1.520716e-06 3.169209e-06
velocity: 1.165304e-07 2.960453e-06 3.116513e-06
angularVelocity: -1.957173e-06 3.117787e-07 -8.385399e-07
acceleration: 4.694852e-05 9.893789e-05 0.0001637645
accel: 0.0
brake: 1.0
steer: 0.0062
linkid: A219BS010395
trafficlightid: C119BS010046
turn_signal_lamp: 1.0