position: 108.887599 94.41399999999999 -0.3608913
orientation: 1.078888 0.9925544 61.83179
enu_velocity: 8.122036e-07 -1.58478e-06 -5.602039e-06
velocity: -9.164837e-07 -1.569662e-06 -5.590193e-06
angularVelocity: 2.061102e-06 -6.850671e-07 -7.677656e-07
acceleration: -2.165874e-05 -0.0001385641 -0.0002395198
accel: 0.0
brake: 1.0
steer: 0.0062
linkid: A219BS010395
trafficlightid: C119BS010046
turn_signal_lamp: 1.0