position: 108.887599 94.41399999999999 -0.3608913
orientation: 1.078888 0.9925547 61.83179
enu_velocity: -3.2496e-06 1.723169e-06 3.868258e-06
velocity: -8.193115e-08 3.750346e-06 3.797476e-06
angularVelocity: -2.542658e-06 1.166736e-07 -8.481261e-07
acceleration: -2.366172e-05 5.660269e-05 -5.806585e-05
accel: 0.0
brake: 1.0
steer: 0.0062
linkid: A219BS010395
trafficlightid: C119BS010046
turn_signal_lamp: 1.0