position: 108.887599 94.41399999999999 -0.3608913
orientation: 1.078888 0.9925549 61.83179
enu_velocity: -2.762802e-06 1.474325e-06 4.109361e-06
velocity: -7.568292e-08 3.208371e-06 4.048974e-06
angularVelocity: -2.263682e-06 1.382032e-07 -8.421981e-07
acceleration: -3.036563e-06 0.0001826905 0.0001629567
accel: 0.0
brake: 1.0
steer: 0.0062
linkid: A219BS010395
trafficlightid: C119BS010046
turn_signal_lamp: 1.0