position: 108.887599 94.41399999999999 -0.3608912
orientation: 1.078888 0.9925553 61.83179
enu_velocity: -1.160757e-06 1.483067e-06 6.581547e-06
velocity: 6.453488e-07 1.847231e-06 6.560097e-06
angularVelocity: -1.09768e-06 7.593056e-07 -8.243741e-07
acceleration: 1.643393e-05 0.0001471945 0.0002258563
accel: 0.0
brake: 1.0
steer: 0.0062
linkid: A219BS010395
trafficlightid: C119BS010046
turn_signal_lamp: 1.0