position: 108.887599 94.41399999999999 -0.3608913
orientation: 1.078888 0.9925552 61.83179
enu_velocity: -5.135373e-07 -1.391213e-06 -2.341492e-07
velocity: -1.464591e-06 -2.08873e-07 -2.556709e-07
angularVelocity: 8.2314e-07 -1.088995e-06 -7.877605e-07
acceleration: -7.670689e-05 -4.269389e-05 -7.336524e-05
accel: 0.0
brake: 1.0
steer: 0.0062
linkid: A219BS010395
trafficlightid: C119BS010046
turn_signal_lamp: 1.0