position: 108.887599 94.41399999999999 -0.3608913
orientation: 1.078888 0.9925552 61.83179
enu_velocity: -6.423717e-07 -1.409674e-06 -1.269058e-07
velocity: -1.543529e-06 -1.020365e-07 -1.517723e-07
angularVelocity: 7.356757e-07 -1.150895e-06 -7.891584e-07
acceleration: -7.659916e-05 -4.271606e-05 -7.337407e-05
accel: 0.0
brake: 1.0
steer: 0.0062
linkid: A219BS010395
trafficlightid: C119BS010046
turn_signal_lamp: 1.0