position: 108.887599 94.41399999999999 -0.3608913
orientation: 1.078888 0.9925552 61.83179
enu_velocity: -6.683265e-07 -1.412729e-06 -1.000931e-07
velocity: -1.558936e-06 -8.010142e-08 -1.256309e-07
angularVelocity: 7.177573e-07 -1.162924e-06 -7.894534e-07
acceleration: -7.657579e-05 -4.274019e-05 -7.337306e-05
accel: 0.0
brake: 1.0
steer: 0.0062
linkid: A219BS010395
trafficlightid: C119BS010046
turn_signal_lamp: 1.0