position: 108.887599 94.41399999999999 -0.3608913
orientation: 1.078888 0.9925552 61.83179
enu_velocity: -6.923007e-07 -1.415473e-06 -7.328642e-08
velocity: -1.573135e-06 -5.976534e-08 -9.944442e-08
angularVelocity: 7.011982e-07 -1.173963e-06 -7.897216e-07
acceleration: -7.656078e-05 -4.276327e-05 -7.337242e-05
accel: 0.0
brake: 1.0
steer: 0.0062
linkid: A219BS010395
trafficlightid: C119BS010046
turn_signal_lamp: 1.0