position: 108.887599 94.41399999999999 -0.3608913
orientation: 1.078888 0.9925552 61.83179
enu_velocity: -7.998275e-07 -1.425608e-06 8.75814e-08
velocity: -1.635607e-06 3.323521e-08 5.864211e-08
angularVelocity: 6.255192e-07 -1.221987e-06 -7.909657e-07
acceleration: -7.647974e-05 -4.286693e-05 -7.336893e-05
accel: 0.0
brake: 1.0
steer: 0.0062
linkid: A219BS010395
trafficlightid: C119BS010046
turn_signal_lamp: 1.0