position: 108.887599 94.41399999999999 -0.3608913
orientation: 1.078888 0.9925552 61.83179
enu_velocity: -8.246663e-07 -1.427345e-06 1.412053e-07
velocity: -1.64979e-06 5.531405e-08 1.11622e-07
angularVelocity: 6.075338e-07 -1.232682e-06 -7.912652e-07
acceleration: -7.645984e-05 -4.28922e-05 -7.336843e-05
accel: 0.0
brake: 1.0
steer: 0.0062
linkid: A219BS010395
trafficlightid: C119BS010046
turn_signal_lamp: 1.0