position: 16.260612000000002 29.05899999999997 -0.2561527
orientation: 1.722748 0.9029824 61.19768
enu_velocity: 19.3317 35.03577 0.05265298
velocity: 40.00941 -0.03968811 0.6847633
angularVelocity: -0.005548788 -0.0003743328 -0.0004797488
acceleration: 0.03134716 -0.02360536 -0.04240386
accel: 0.02811953
brake: 0.0
steer: -0.0002
linkid: A219BS010380
trafficlightid: null
turn_signal_lamp: 0.0