position: 108.887599 94.41399999999999 -0.3608913
orientation: 1.078888 0.9925552 61.83179
enu_velocity: -8.45703e-07 -1.428562e-06 1.94827e-07
velocity: -1.661721e-06 7.428724e-08 1.646972e-07
angularVelocity: 5.92105e-07 -1.24156e-06 -7.915036e-07
acceleration: -7.644547e-05 -4.291471e-05 -7.336784e-05
accel: 0.0
brake: 1.0
steer: 0.0062
linkid: A219BS010395
trafficlightid: C119BS010046
turn_signal_lamp: 1.0