position: 108.887599 94.41399999999999 -0.3608913
orientation: 1.078888 0.9925552 61.83179
enu_velocity: -8.635333e-07 -1.429329e-06 2.484568e-07
velocity: -1.671742e-06 9.064763e-08 2.178628e-07
angularVelocity: 5.788226e-07 -1.248939e-06 -7.91733e-07
acceleration: -7.643233e-05 -4.292911e-05 -7.336724e-05
accel: 0.0
brake: 1.0
steer: 0.0062
linkid: A219BS010395
trafficlightid: C119BS010046
turn_signal_lamp: 1.0