position: 108.887599 94.41399999999999 -0.3608913
orientation: 1.078888 0.9925552 61.83179
enu_velocity: -8.849563e-07 -1.430097e-06 3.288934e-07
velocity: -1.683924e-06 1.106784e-07 2.977374e-07
angularVelocity: 5.6256e-07 -1.257661e-06 -7.920253e-07
acceleration: -7.641919e-05 -4.295409e-05 -7.336665e-05
accel: 0.0
brake: 1.0
steer: 0.0062
linkid: A219BS010395
trafficlightid: C119BS010046
turn_signal_lamp: 1.0