position: 108.887599 94.41399999999999 -0.3608913
orientation: 1.078888 0.9925552 61.83179
enu_velocity: -8.902774e-07 -1.441796e-06 3.823527e-07
velocity: -1.697673e-06 1.108492e-07 3.509728e-07
angularVelocity: 5.630168e-07 -1.268155e-06 -7.92009e-07
acceleration: -7.660703e-05 -4.327485e-05 -7.33683e-05
accel: 0.0
brake: 1.0
steer: 0.0062
linkid: A219BS010395
trafficlightid: C119BS010046
turn_signal_lamp: 1.0