position: 16.368001 29.254000000000133 -0.2558729
orientation: 1.714722 0.9028072 61.19685
enu_velocity: 19.33392 35.03684 0.05075991
velocity: 40.01144 -0.04070663 0.6828007
angularVelocity: -0.007473193 -0.0001023735 -0.0007552512
acceleration: 0.02691645 -0.01196057 -0.02478958
accel: 0.02754829
brake: 0.0
steer: -0.0002
linkid: A219BS010380
trafficlightid: null
turn_signal_lamp: 0.0