position: 108.887599 94.41399999999999 -0.3608912
orientation: 1.078888 0.9925555 61.83179
enu_velocity: 4.986125e-07 -6.733113e-07 -6.561008e-06
velocity: -2.444852e-07 -8.809067e-07 -6.550803e-06
angularVelocity: 1.36633e-06 -1.276079e-07 -7.799605e-07
acceleration: 2.013772e-05 -3.869508e-05 -0.0001202019
accel: 0.0
brake: 1.0
steer: 0.0062
linkid: A219BS010395
trafficlightid: C119BS010046
turn_signal_lamp: 1.0