position: 108.887599 94.41399999999999 -0.3608912
orientation: 1.078888 0.9925559 61.83179
enu_velocity: 1.178639e-06 -1.250362e-06 -5.01271e-06
velocity: -4.58971e-07 -1.723556e-06 -4.989845e-06
angularVelocity: 2.249664e-06 -3.094486e-07 -7.658367e-07
acceleration: -2.247932e-05 -0.0001831133 -0.0001635337
accel: 0.0
brake: 1.0
steer: 0.0062
linkid: A219BS010395
trafficlightid: C119BS010046
turn_signal_lamp: 1.0