position: 108.88799900000001 94.41499999999996 -0.3611868
orientation: 1.078918 0.9813992 61.83138
enu_velocity: 0.08202884 0.1537076 0.0006077278
velocity: 0.17419 0.0003145188 0.003586462
angularVelocity: -1.971796e-05 -0.0102785 -0.000105849
acceleration: 2.027024 0.004088998 0.04852882
accel: 0.453229
brake: 0.0
steer: 0.0062
linkid: A219BS010395
trafficlightid: C119BS010046
turn_signal_lamp: 1.0