position: 108.888699 94.41599999999994 -0.3616608
orientation: 1.078827 0.9631905 61.83095
enu_velocity: 0.1603892 0.3007243 0.002641121
velocity: 0.3407292 0.0007293224 0.00835773
angularVelocity: -6.030127e-05 -0.01775972 -4.615249e-05
acceleration: 2.437385 0.006080747 0.07368393
accel: 0.5365404
brake: 0.0
steer: 0.0062
linkid: A219BS010395
trafficlightid: C119BS010046
turn_signal_lamp: 1.0