position: 16.475394 29.448000000000093 -0.2555934
orientation: 1.70459 0.9029666 61.19589
enu_velocity: 19.33484 35.03838 0.04912639
velocity: 40.01327 -0.04026031 0.6812823
angularVelocity: -0.009255933 0.0001880252 -0.0008704686
acceleration: 0.02446581 0.0006136745 -0.02254557
accel: 0.02687946
brake: 0.0
steer: -0.0003
linkid: A219BS010380
trafficlightid: null
turn_signal_lamp: 0.0