position: 108.89429899999999 94.42700000000013 -0.3641745
orientation: 1.078308 0.8626689 61.82938
enu_velocity: 0.481463 0.9028902 0.01661175
velocity: 1.022871 0.002424181 0.03197561
angularVelocity: -0.000213787 -0.0362661 0.0001907687
acceleration: 3.608332 0.008942604 0.1371914
accel: 0.7259143
brake: 0.0
steer: -0.0048
linkid: A219BS010395
trafficlightid: C119BS010046
turn_signal_lamp: 1.0