position: 108.89749900000001 94.43299999999999 -0.3652536
orientation: 1.078003 0.8177063 61.82883
enu_velocity: 0.6110474 1.145932 0.02316601
velocity: 1.298203 0.003123462 0.04164576
angularVelocity: -0.0002734326 -0.04012064 0.0002859716
acceleration: 3.892308 0.01035428 0.1476187
accel: 0.7714449
brake: 0.0
steer: -0.0048
linkid: A219BS010395
trafficlightid: C119BS010046
turn_signal_lamp: 1.0