position: 108.901399 94.44000000000005 -0.3663821
orientation: 1.076965 0.7694799 61.82738
enu_velocity: 0.7532964 1.402903 0.03001296
velocity: 1.591806 -0.000734508 0.05141773
angularVelocity: -0.000967674 -0.04265098 -0.0005931082
acceleration: 4.135842 -0.03381002 0.1522909
accel: 0.8102747
brake: 0.0
steer: -0.0048
linkid: A219BS010395
trafficlightid: C119BS010046
turn_signal_lamp: 1.0