position: 108.90619899999999 94.44900000000007 -0.3675202
orientation: 1.075775 0.7194605 61.82556
enu_velocity: 0.9004573 1.674884 0.0368677
velocity: 1.900979 -0.001815438 0.06078717
angularVelocity: -0.001039099 -0.04390819 -0.0008164986
acceleration: 4.343068 -0.01258671 0.1493828
accel: 0.8434235
brake: 0.0
steer: -0.0047
linkid: A219BS010395
trafficlightid: C119BS010046
turn_signal_lamp: 1.0