position: 16.582789 29.64300000000003 -0.255355
orientation: 1.695496 0.9027407 61.19489
enu_velocity: 19.33579 35.0406 0.04202177
velocity: 40.01577 -0.03964043 0.6740275
angularVelocity: -0.007367869 -0.000387361 -0.0008876753
acceleration: 0.03294319 -0.009729108 -0.1088489
accel: 0.02574149
brake: 0.0
steer: -0.0003
linkid: A219BS010380
trafficlightid: null
turn_signal_lamp: 0.0