position: 108.95339899999999 94.53700000000003 -0.3730777
orientation: 1.065613 0.4451093 61.81229
enu_velocity: 1.893377 3.496882 0.05924431
velocity: 3.975948 -0.01535904 0.09043562
angularVelocity: -0.001538031 -0.03299005 -0.001496615
acceleration: 5.084529 -0.02250028 0.03866653
accel: 0.9621684
brake: 0.0
steer: -0.004
linkid: A219BS010395
trafficlightid: C119BS010046
turn_signal_lamp: 1.0