position: 108.98989900000001 94.60500000000002 -0.3746355
orientation: 1.062134 0.3519357 61.80498
enu_velocity: 2.425789 4.484322 0.05108944
velocity: 5.097945 -0.01769757 0.08274688
angularVelocity: -0.0006959718 -0.02297237 -0.001690705
acceleration: 5.260367 -0.010252 -0.02996235
accel: 0.9906996
brake: 0.0
steer: -0.0034
linkid: A219BS010395
trafficlightid: C119BS010046
turn_signal_lamp: 1.0