position: 109.01929899999999 94.66000000000008 -0.3753107
orientation: 1.060822 0.3083048 61.80019
enu_velocity: 2.7879 5.157859 0.03908752
velocity: 5.862768 -0.01834488 0.07098734
angularVelocity: -0.0005351007 -0.01683078 -0.001749348
acceleration: 5.338342 -0.005796432 -0.06555569
accel: 1.0
brake: 0.0
steer: -0.003
linkid: A219BS010395
trafficlightid: C119BS010046
turn_signal_lamp: 1.0