position: 109.03539900000001 94.69000000000005 -0.3755731
orientation: 1.06015 0.2914643 61.79787
enu_velocity: 2.970061 5.49723 0.0316812
velocity: 6.247991 -0.01839471 0.06381676
angularVelocity: -0.0005683368 -0.0140415 -0.001754496
acceleration: 5.349573 -0.00295186 -0.07807603
accel: 1.0
brake: 0.0
steer: -0.0027
linkid: A219BS010395
trafficlightid: C119BS010046
turn_signal_lamp: 1.0