position: 109.070899 94.75600000000009 -0.3759933
orientation: 1.058533 0.266764 61.79347
enu_velocity: 3.334234 6.175925 0.01507237
velocity: 7.018316 -0.01834893 0.0480966
angularVelocity: -0.0008112201 -0.009005177 -0.001624337
acceleration: 5.353378 -0.008625984 -0.09549688
accel: 1.0
brake: 0.0
steer: -0.0024
linkid: A219BS010395
trafficlightid: C119BS010046
turn_signal_lamp: 1.0