position: 109.09009900000001 94.79200000000014 -0.3761788
orientation: 1.057892 0.2581441 61.79149
enu_velocity: 3.516492 6.515419 0.005606865
velocity: 7.403687 -0.01840806 0.03931075
angularVelocity: -0.000504496 -0.007085776 -0.001591228
acceleration: 5.351905 -0.007536173 -0.1074776
accel: 1.0
brake: 0.0
steer: -0.0022
linkid: A219BS010395
trafficlightid: C119BS010046
turn_signal_lamp: 1.0