position: 109.131599 94.86900000000014 -0.3765109
orientation: 1.058167 0.2476919 61.78781
enu_velocity: 3.880525 7.192265 -0.009967835
velocity: 8.172285 -0.01900005 0.02571665
angularVelocity: 0.0005901344 -0.002888371 -0.001467843
acceleration: 5.331278 -0.01190615 -0.06370625
accel: 1.0
brake: 0.0
steer: -0.0017
linkid: A219BS010395
trafficlightid: C119BS010046
turn_signal_lamp: 1.0