position: 109.177199 94.95299999999997 -0.3767265
orientation: 1.059052 0.2467657 61.78308
enu_velocity: 4.254449 7.862575 -0.02134929
velocity: 8.939776 -0.03103232 0.01772983
angularVelocity: -0.001007208 0.000833763 -0.004068887
acceleration: 5.327939 -0.3444631 -0.04850447
accel: 1.0
brake: 0.0
steer: -0.0105
linkid: A219BS010395
trafficlightid: C119BS010046
turn_signal_lamp: 1.0