position: 109.226799 95.04600000000005 -0.3768768
orientation: 1.055237 0.2524367 61.76965
enu_velocity: 4.630379 8.531535 -0.03012621
velocity: 9.707026 -0.04380417 0.01345044
angularVelocity: -0.001387812 0.003135766 -0.006358432
acceleration: 5.32748 -0.05500865 -0.02656151
accel: 1.0
brake: 0.0
steer: -0.0092
linkid: A219BS010395
trafficlightid: C119BS010046
turn_signal_lamp: 1.0