position: 109.399899 95.36699999999996 -0.3771775
orientation: 1.05719 0.2860185 61.73141
enu_velocity: 5.712198 10.53631 -0.03644004
velocity: 11.98508 -0.04045439 0.0241396
angularVelocity: 0.000472934 0.005444374 -0.004716672
acceleration: 5.214186 -0.01951075 0.03943182
accel: 1.0
brake: 0.0
steer: -0.0148
linkid: A219BS010395
trafficlightid: C119BS010046
turn_signal_lamp: 1.0