position: 109.465599 95.48800000000006 -0.3772367
orientation: 1.048218 0.2983804 61.7115
enu_velocity: 6.101753 11.1806 -0.03376719
velocity: 12.73702 -0.07381344 0.0339198
angularVelocity: -0.004983328 0.004967906 -0.009779741
acceleration: 5.215944 -0.1322496 0.0566779
accel: 1.0
brake: 0.0
steer: -0.0134
linkid: A219BS010395
trafficlightid: C119BS010046
turn_signal_lamp: 1.0