position: 109.53539900000001 95.61799999999994 -0.3772883
orientation: 1.03894 0.3092724 61.69003
enu_velocity: 6.465663 11.83736 -0.02875024
velocity: 13.48779 -0.07776117 0.0454722
angularVelocity: -0.003164094 0.004109534 -0.009078617
acceleration: 5.255255 -0.0373466 0.06868121
accel: 1.0
brake: 0.0
steer: -0.0118
linkid: A219BS010395
trafficlightid: C119BS010046
turn_signal_lamp: 1.0