position: 109.571899 95.68499999999995 -0.3773193
orientation: 1.036255 0.3136342 61.68018
enu_velocity: 6.646785 12.16828 -0.02574647
velocity: 13.86502 -0.07778645 0.05156551
angularVelocity: -0.002035917 0.003505414 -0.008549381
acceleration: 5.234177 -0.03197765 0.07230048
accel: 1.0
brake: 0.0
steer: -0.0139
linkid: A219BS010395
trafficlightid: C119BS010046
turn_signal_lamp: 1.0