position: 109.68719899999999 95.89800000000014 -0.3773151
orientation: 1.030029 0.324922 61.65004
enu_velocity: 7.194942 13.14915 -0.01121689
velocity: 14.98847 -0.08671999 0.07535388
angularVelocity: -0.002531816 0.003031084 -0.01011583
acceleration: 5.190822 -0.123997 0.1050794
accel: 1.0
brake: 0.0
steer: -0.0141
linkid: A219BS010395
trafficlightid: C119BS010046
turn_signal_lamp: 1.0