position: 16.90495 30.22700000000009 -0.2548273
orientation: 1.6745 0.9029367 61.19144
enu_velocity: 19.32664 35.01574 0.02710914
velocity: 39.98983 -0.04188538 0.6588781
angularVelocity: -0.006664142 0.001695398 -0.001131336
acceleration: -0.2947127 -0.01258257 -0.02888075
accel: 0.03942219
brake: 0.0
steer: -0.0004
linkid: A219BS010380
trafficlightid: null
turn_signal_lamp: 0.0