position: 109.727699 95.97199999999998 -0.3772598
orientation: 1.026489 0.3285078 61.63805
enu_velocity: 7.379422 13.47445 -0.005930629
velocity: 15.36234 -0.09123802 0.0837988
angularVelocity: -0.003166166 0.002912759 -0.01067911
acceleration: 5.188771 -0.1108589 0.1039759
accel: 1.0
brake: 0.0
steer: -0.0133
linkid: A219BS010395
trafficlightid: C119BS010046
turn_signal_lamp: 1.0