position: 109.76919900000001 96.048 -0.3771832
orientation: 1.022827 0.3318133 61.62479
enu_velocity: 7.563899 13.80216 -0.0008480565
velocity: 15.73833 -0.09411716 0.09199194
angularVelocity: -0.003108959 0.002614409 -0.01187572
acceleration: 5.210997 -0.08361483 0.1009322
accel: 1.0
brake: 0.0
steer: -0.0127
linkid: A219BS010395
trafficlightid: C119BS010046
turn_signal_lamp: 1.0