position: 109.899699 96.28899999999999 -0.3768736
orientation: 1.012573 0.3388148 61.5845
enu_velocity: 8.117182 14.7966 0.01277046
velocity: 16.87619 -0.09607601 0.1142838
angularVelocity: -0.002651301 0.001372722 -0.01165297
acceleration: 5.264116 -0.05343914 0.08815145
accel: 1.0
brake: 0.0
steer: 0.0046
linkid: A219BS010395
trafficlightid: C119BS010046
turn_signal_lamp: 1.0