position: 110.080299 96.6210000000001 -0.3719238
orientation: 1.036957 0.5124313 61.57916
enu_velocity: 8.006155 14.79383 0.00468712
velocity: 16.82058 0.002622128 0.155106
angularVelocity: 0.007458515 0.06985494 0.004834101
acceleration: -0.4758612 0.2090704 -0.1486309
accel: 0.0
brake: 0.001943868
steer: 0.006
linkid: A219BS010395
trafficlightid: C119BS010046
turn_signal_lamp: 1.0