position: 110.124899 96.70299999999997 -0.3697723
orientation: 1.043274 0.5939529 61.58696
enu_velocity: 7.984747 14.77639 -0.006942391
velocity: 16.79494 0.01110506 0.1669926
angularVelocity: 0.004779175 0.07135854 0.005657368
acceleration: -0.3374915 0.1307987 -0.174055
accel: 0.06056714
brake: 0.0
steer: 0.0119
linkid: A219BS010395
trafficlightid: C119BS010046
turn_signal_lamp: 1.0