position: 110.169499 96.78500000000008 -0.3677834
orientation: 1.046265 0.6719148 61.59494
enu_velocity: 7.987093 14.79435 -0.01914651
velocity: 16.81175 0.01544666 0.1777623
angularVelocity: 0.001745015 0.06685135 0.005695798
acceleration: 0.2697902 0.07429022 -0.1669722
accel: 0.06972054
brake: 0.0
steer: 0.0119
linkid: A219BS010395
trafficlightid: C119BS010046
turn_signal_lamp: 1.0