position: 110.214099 96.86699999999996 -0.3660487
orientation: 1.049744 0.7427027 61.60808
enu_velocity: 7.970735 14.8301 -0.03018117
velocity: 16.83534 0.04317951 0.1872987
angularVelocity: 0.002637919 0.06028001 0.01101056
acceleration: 0.3167817 0.2988498 -0.1548136
accel: 0.07881913
brake: 0.0
steer: 0.0118
linkid: A219BS010395
trafficlightid: C119BS010046
turn_signal_lamp: 1.0