position: 110.25869900000001 96.95000000000005 -0.3645962
orientation: 1.050598 0.805082 61.62256
enu_velocity: 7.972143 14.85837 -0.04029573
velocity: 16.86082 0.05127382 0.1957255
angularVelocity: -0.0001521632 0.05271564 0.01177107
acceleration: 0.3672873 0.1470131 -0.1321668
accel: 0.09067301
brake: 0.0
steer: 0.0115
linkid: A219BS010395
trafficlightid: C119BS010046
turn_signal_lamp: 1.0