position: 110.34809899999999 97.11500000000001 -0.3625688
orientation: 1.04245 0.9018275 61.65109
enu_velocity: 7.989001 14.92113 -0.05405349
velocity: 16.92392 0.05809879 0.2113199
angularVelocity: -0.00567897 0.03621885 0.0115087
acceleration: 0.4742748 0.09031801 -0.06473201
accel: 0.1062785
brake: 0.0
steer: 0.0161
linkid: A219BS010395
trafficlightid: C119BS010046
turn_signal_lamp: 1.0