position: 110.52759900000001 97.44700000000012 -0.3614583
orientation: 1.010925 0.9900454 61.71938
enu_velocity: 8.02081 15.08264 -0.05170486
velocity: 17.08086 0.08686304 0.2419716
angularVelocity: -0.008467274 0.008215684 0.01571566
acceleration: 0.5899891 0.08019708 0.07198659
accel: 0.1240233
brake: 0.0
steer: 0.0147
linkid: A219BS010395
trafficlightid: C119BS010046
turn_signal_lamp: 1.0