position: 110.61769899999999 97.61500000000001 -0.3618279
orientation: 0.9886475 0.9942871 61.75439
enu_velocity: 8.05372 15.16451 -0.03760271
velocity: 17.16833 0.08637333 0.2589019
angularVelocity: -0.01079493 -0.001153562 0.01496341
acceleration: 0.6169492 0.06609575 0.125302
accel: 0.0
brake: 0.0
steer: 0.0182
linkid: A219BS010395
trafficlightid: C119BS010046
turn_signal_lamp: 1.0