position: 110.708099 97.7840000000001 -0.3623587
orientation: 0.9672546 0.9851145 61.79379
enu_velocity: 8.054749 15.22806 -0.01836563
velocity: 17.22458 0.1038957 0.2760969
angularVelocity: -0.009043192 -0.005532932 0.01844695
acceleration: 0.6273015 0.127807 0.1469013
accel: 0.1431487
brake: 0.0
steer: 0.0174
linkid: A219BS010395
trafficlightid: C119BS010046
turn_signal_lamp: 1.0