position: 110.88999899999999 98.12400000000002 -0.363577
orientation: 0.9230652 0.9357082 61.87578
enu_velocity: 8.124323 15.42226 0.02190212
velocity: 17.42831 0.1096797 0.304828
angularVelocity: -0.008889457 -0.01241215 0.01947283
acceleration: 0.6738018 0.368522 0.1404463
accel: 0.1365142
brake: 0.0
steer: 0.0191
linkid: A219BS010395
trafficlightid: C119BS010046
turn_signal_lamp: 1.0