position: 110.935699 98.20900000000006 -0.3638127
orientation: 0.9139709 0.9208851 61.89864
enu_velocity: 8.137763 15.47002 0.03091031
velocity: 17.47675 0.1133986 0.3100637
angularVelocity: -0.008183083 -0.0126605 0.02019706
acceleration: 0.6688914 0.1105108 0.1326421
accel: 0.1355421
brake: 0.0
steer: 0.0186
linkid: A219BS010395
trafficlightid: C119BS010046
turn_signal_lamp: 1.0