position: 110.98159899999999 98.29500000000007 -0.3640024
orientation: 0.9049683 0.9060333 61.92136
enu_velocity: 8.155368 15.51516 0.03909886
velocity: 17.52484 0.1122007 0.3145189
angularVelocity: -0.008163083 -0.0126136 0.01994928
acceleration: 0.6642138 0.07687826 0.1194176
accel: 0.1341765
brake: 0.0
steer: 0.018
linkid: A219BS010395
trafficlightid: C119BS010046
turn_signal_lamp: 1.0