position: 17.227046 30.809999999999945 -0.2543674
orientation: 1.656219 0.9059066 61.18741
enu_velocity: 19.336 35.02549 0.01931308
velocity: 40.00298 -0.04295158 0.6533716
angularVelocity: -0.004531602 0.0002243805 -0.001222076
acceleration: 0.05321984 -0.02233847 -0.03768609
accel: 0.03034167
brake: 0.0
steer: -0.0004
linkid: A219BS010380
trafficlightid: null
turn_signal_lamp: 0.0