position: 111.073399 98.4670000000001 -0.3641949
orientation: 0.8870239 0.8787704 61.9651
enu_velocity: 8.175529 15.56992 0.05311769
velocity: 17.58266 0.1067691 0.3212035
angularVelocity: -0.007961148 -0.009412966 0.01884273
acceleration: -0.3611833 0.05033353 0.08151346
accel: 0.0
brake: 0.001455314
steer: 0.02
linkid: A219BS010395
trafficlightid: C119BS010046
turn_signal_lamp: 1.0