position: 111.11929900000001 98.55400000000009 -0.3640724
orientation: 0.8785706 0.871442 61.98596
enu_velocity: 8.16173 15.54735 0.05871768
velocity: 17.55625 0.1019416 0.3242424
angularVelocity: -0.007462982 -0.005169507 0.01807344
acceleration: -0.3831732 0.004192606 0.07712989
accel: 0.05100569
brake: 0.0
steer: 0.0197
linkid: A219BS010395
trafficlightid: C119BS010046
turn_signal_lamp: 1.0