position: 111.21099899999999 98.72600000000011 -0.3636726
orientation: 0.8733826 0.8585823 62.0323
enu_velocity: 8.158345 15.58168 0.07126713
velocity: 17.58494 0.1069407 0.3332153
angularVelocity: -0.000416263 -0.005779126 0.02041684
acceleration: 0.2343298 0.04541086 0.08149323
accel: 0.06802604
brake: 0.0
steer: 0.0187
linkid: A219BS010395
trafficlightid: C119BS010046
turn_signal_lamp: 1.0