position: 111.34879900000001 98.98500000000013 -0.3630869
orientation: 0.8877258 0.8306701 62.09943
enu_velocity: 8.18716 15.64329 0.08510391
velocity: 17.65293 0.08988333 0.3397098
angularVelocity: 0.006833194 -0.009573751 0.01906194
acceleration: 0.3677832 0.009210184 0.0590106
accel: 0.09157357
brake: 0.0
steer: 0.0199
linkid: A219BS010395
trafficlightid: C119BS010046
turn_signal_lamp: 1.0