position: 111.440899 99.1590000000001 -0.3627954
orientation: 0.9136658 0.8040897 62.1468
enu_velocity: 8.199698 15.70239 0.0926699
velocity: 17.71115 0.09196663 0.3398306
angularVelocity: 0.01243198 -0.01226299 0.02086769
acceleration: 0.4251163 0.04988672 0.05163483
accel: 0.1011501
brake: 0.0
steer: 0.019
linkid: A219BS010395
trafficlightid: C119BS010046
turn_signal_lamp: 1.0