position: 111.487099 99.2460000000001 -0.3626802
orientation: 0.9286499 0.7885219 62.16997
enu_velocity: 8.21225 15.73268 0.09650912
velocity: 17.74387 0.0879283 0.3393496
angularVelocity: 0.01271865 -0.01359504 0.02017238
acceleration: 0.4748334 0.03986245 0.06467786
accel: 0.1049819
brake: 0.0
steer: 0.0185
linkid: A219BS010395
trafficlightid: C119BS010046
turn_signal_lamp: 1.0