position: 111.579499 99.42100000000005 -0.3624151
orientation: 0.9468384 0.7586918 62.21402
enu_velocity: 8.233499 15.80178 0.09399921
velocity: 17.81517 0.08762264 0.3285207
angularVelocity: 0.004239871 -0.01202126 0.01904219
acceleration: 0.5000758 0.1243561 -0.02823654
accel: 0.107461
brake: 0.0
steer: 0.0177
linkid: A219BS010395
trafficlightid: C119BS010046
turn_signal_lamp: 1.0