position: 111.625799 99.50800000000004 -0.3622609
orientation: 0.9473877 0.745451 62.2352
enu_velocity: 8.241365 15.83893 0.09015006
velocity: 17.85185 0.09125853 0.3209686
angularVelocity: -0.001194073 -0.01102107 0.01852711
acceleration: 0.5117611 0.1501996 -0.05907834
accel: 0.1084939
brake: 0.0
steer: 0.0174
linkid: A219BS010395
trafficlightid: C119BS010046
turn_signal_lamp: 1.0