position: 111.672099 99.596 -0.3621082
orientation: 0.9411621 0.7332748 62.25583
enu_velocity: 8.248486 15.87709 0.08440405
velocity: 17.88911 0.09610939 0.3118327
angularVelocity: -0.007144537 -0.01008379 0.01806142
acceleration: 0.516885 0.1602922 -0.08010726
accel: 0.1092793
brake: 0.0
steer: 0.0189
linkid: A219BS010395
trafficlightid: C119BS010046
turn_signal_lamp: 1.0