position: 111.718399 99.68399999999997 -0.3619607
orientation: 0.9284058 0.7222755 62.27606
enu_velocity: 8.255208 15.91576 0.07754928
velocity: 17.92664 0.1016054 0.3019455
angularVelocity: -0.01274559 -0.009042817 0.01770357
acceleration: 0.5211574 0.1625391 -0.094303
accel: 0.1095964
brake: 0.0
steer: 0.0185
linkid: A219BS010395
trafficlightid: C119BS010046
turn_signal_lamp: 1.0