position: 111.76479900000001 99.77300000000014 -0.3618214
orientation: 0.9108582 0.712506 62.29761
enu_velocity: 8.254993 15.95809 0.07002067
velocity: 17.9642 0.1144757 0.2916498
angularVelocity: -0.01663188 -0.007944359 0.01905697
acceleration: 0.5215885 0.2251979 -0.1050864
accel: 0.1096858
brake: 0.0
steer: 0.0181
linkid: A219BS010395
trafficlightid: C119BS010046
turn_signal_lamp: 1.0