position: 111.81119899999999 99.8610000000001 -0.3616927
orientation: 0.8882141 0.7040284 62.31918
enu_velocity: 8.261216 15.99717 0.06175759
velocity: 18.00188 0.1200757 0.2811459
angularVelocity: -0.02108768 -0.006822872 0.0188708
acceleration: 0.5228035 0.1643232 -0.1125213
accel: 0.1094951
brake: 0.0
steer: 0.0191
linkid: A219BS010658
trafficlightid: C119BS010046
turn_signal_lamp: 1.0