position: 111.857599 99.95000000000005 -0.3615769
orientation: 0.8609924 0.6968428 62.34038
enu_velocity: 8.269119 16.0354 0.05313681
velocity: 18.03958 0.1238694 0.2707218
angularVelocity: -0.02486856 -0.005710716 0.01849015
acceleration: 0.52178 0.143049 -0.1164017
accel: 0.1089931
brake: 0.0
steer: 0.0199
linkid: A219BS010658
trafficlightid: C119BS010046
turn_signal_lamp: 1.0