position: 111.904099 100.03899999999999 -0.3614759
orientation: 0.8314819 0.690899 62.36292
enu_velocity: 8.269144 16.07742 0.04454363
velocity: 18.077 0.1359529 0.2605927
angularVelocity: -0.02626219 -0.004627028 0.02022551
acceleration: 0.517081 0.2825965 -0.1177767
accel: 0.1088284
brake: 0.0
steer: 0.0194
linkid: A219BS010658
trafficlightid: C119BS010046
turn_signal_lamp: 0.0