position: 17.44186 31.200000000000045 -0.2541167
orientation: 1.645477 0.9079829 61.18442
enu_velocity: 19.34115 35.02943 0.01752364
velocity: 40.00893 -0.0436039 0.6531333
angularVelocity: -0.004112825 0.001488387 -0.001329173
acceleration: 0.03694951 -0.01491822 0.006718789
accel: 0.02844072
brake: 0.0
steer: -0.0005
linkid: A219BS010380
trafficlightid: null
turn_signal_lamp: 0.0