position: 112.09039899999999 100.39700000000016 -0.3611449
orientation: 0.6961975 0.6803331 62.45306
enu_velocity: 8.308634 16.22198 0.01644555
velocity: 18.22399 0.1383767 0.2311852
angularVelocity: -0.03128509 -1.847744e-05 0.01873181
acceleration: 0.5018471 0.06563874 -0.07231843
accel: 0.1055899
brake: 0.0
steer: 0.018
linkid: A219BS010658
trafficlightid: C119BS010046
turn_signal_lamp: 0.0