position: 112.137099 100.48700000000008 -0.3610598
orientation: 0.6613464 0.6808757 62.47498
enu_velocity: 8.317516 16.25762 0.01155434
velocity: 18.2598 0.1398139 0.2269574
angularVelocity: -0.03051903 0.0009237854 0.01908145
acceleration: 0.4951506 0.09042877 -0.06055743
accel: 0.1049287
brake: 0.0
steer: 0.0174
linkid: A219BS010658
trafficlightid: C119BS010046
turn_signal_lamp: 0.0