position: 112.183899 100.577 -0.3609726
orientation: 0.6269836 0.6823819 62.49648
enu_velocity: 8.330022 16.29106 0.007486531
velocity: 18.29533 0.1371412 0.223904
angularVelocity: -0.03006576 0.001713029 0.0186223
acceleration: 0.4920497 0.05382881 -0.04817586
accel: 0.1038187
brake: 0.0
steer: 0.0169
linkid: A219BS010658
trafficlightid: C119BS010046
turn_signal_lamp: 0.0