position: 112.27759900000001 100.75800000000004 -0.3607907
orientation: 0.5605774 0.687618 62.53764
enu_velocity: 8.356729 16.35559 0.002088105
velocity: 18.36503 0.1297646 0.2212422
angularVelocity: -0.02858294 0.00285578 0.01755271
acceleration: 0.4786336 0.03700495 -0.02238545
accel: 0.1012636
brake: 0.0
steer: 0.0165
linkid: A219BS010658
trafficlightid: C119BS010046
turn_signal_lamp: 0.0