position: 112.324599 100.84900000000016 -0.3606938
orientation: 0.5299988 0.6909854 62.55794
enu_velocity: 8.368628 16.38769 0.001153342
velocity: 18.39906 0.1273847 0.2218873
angularVelocity: -0.02594773 0.003158469 0.01761062
acceleration: 0.4707873 0.04786465 -0.001588654
accel: 0.1000695
brake: 0.0
steer: 0.016
linkid: A219BS010658
trafficlightid: C119BS010046
turn_signal_lamp: 0.0