position: 112.371599 100.94000000000005 -0.3605864
orientation: 0.5044556 0.694686 62.57846
enu_velocity: 8.380408 16.4194 0.001791134
velocity: 18.43265 0.1248565 0.2241993
angularVelocity: -0.02139071 0.003469818 0.01792243
acceleration: 0.4675288 0.04058704 0.01731476
accel: 0.09882917
brake: 0.0
steer: 0.0155
linkid: A219BS010658
trafficlightid: C119BS010046
turn_signal_lamp: 0.0