position: 17.549288 31.394000000000005 -0.2539577
orientation: 1.641846 0.9102885 61.18291
enu_velocity: 19.34408 35.0307 0.01753882
velocity: 40.01141 -0.04449463 0.6548207
angularVelocity: -0.002850679 0.002123695 -0.001429498
acceleration: 0.03369879 -0.03630266 0.001156527
accel: 0.02745567
brake: 0.0
steer: -0.0005
linkid: A219BS010380
trafficlightid: null
turn_signal_lamp: 0.0