position: 112.560499 101.30500000000006 -0.3597504
orientation: 0.4433899 0.7190189 62.65707
enu_velocity: 8.443116 16.52972 0.02060508
velocity: 18.55925 0.09451485 0.2527996
angularVelocity: -0.005316176 0.008382411 0.01660944
acceleration: 0.4103369 -0.05167662 0.1477148
accel: 0.09486641
brake: 0.0
steer: 0.014
linkid: A219BS010658
trafficlightid: C119BS010046
turn_signal_lamp: 0.0