position: 112.607899 101.39700000000016 -0.3592945
orientation: 0.4419556 0.7301876 62.67641
enu_velocity: 8.457503 16.55574 0.03111963
velocity: 18.58881 0.08751726 0.2673668
angularVelocity: -0.000297945 0.01034655 0.01677029
acceleration: 0.409148 -0.0206127 0.1529386
accel: 0.09432074
brake: 0.0
steer: 0.0136
linkid: A219BS010658
trafficlightid: C119BS010046
turn_signal_lamp: 0.0