position: 112.65539899999999 101.48900000000003 -0.3587259
orientation: 0.4452209 0.7433413 62.69554
enu_velocity: 8.472371 16.58125 0.04195604
velocity: 18.61812 0.07993841 0.2829074
angularVelocity: 0.003507229 0.0119972 0.01654411
acceleration: 0.4067565 -0.01895252 0.156419
accel: 0.09334573
brake: 0.0
steer: 0.0132
linkid: A219BS010658
trafficlightid: C119BS010046
turn_signal_lamp: 0.0