position: 112.702999 101.58100000000013 -0.3580557
orientation: 0.4518738 0.7580637 62.71434
enu_velocity: 8.486434 16.60674 0.0526863
velocity: 18.64703 0.07317543 0.2988509
angularVelocity: 0.006200058 0.01328243 0.01621797
acceleration: 0.4009922 -0.005989894 0.1553815
accel: 0.09237044
brake: 0.0
steer: 0.0128
linkid: A219BS010658
trafficlightid: C119BS010046
turn_signal_lamp: 0.0