position: 112.750599 101.673 -0.3572953
orientation: 0.4607544 0.7739768 62.73276
enu_velocity: 8.499368 16.63243 0.06309295
velocity: 18.67558 0.06762409 0.3148584
angularVelocity: 0.007932508 0.01423031 0.0158703
acceleration: 0.3953558 0.009046733 0.1481164
accel: 0.09161453
brake: 0.0
steer: 0.0128
linkid: A219BS010658
trafficlightid: C119BS010046
turn_signal_lamp: 0.0