position: 112.84609900000001 101.85799999999995 -0.3555494
orientation: 0.4814453 0.808066 62.76894
enu_velocity: 8.520033 16.68472 0.08262707
velocity: 18.7311 0.06176281 0.3463184
angularVelocity: 0.008781703 0.01541626 0.01545815
acceleration: 0.376132 0.03969194 0.142164
accel: 0.08936305
brake: 0.0
steer: 0.012
linkid: A219BS010658
trafficlightid: C119BS010046
turn_signal_lamp: 0.0