position: 113.08509900000001 102.32200000000012 -0.3516292
orientation: 0.4388733 0.8669545 62.84984
enu_velocity: 8.540693 16.82674 0.07586167
velocity: 18.86668 0.08158398 0.3607535
angularVelocity: -0.02110058 0.005354119 0.01302282
acceleration: 0.322249 0.1387721 -0.07175811
accel: 0.06824221
brake: 0.0
steer: 0.0105
linkid: A219BS010658
trafficlightid: C119BS010046
turn_signal_lamp: 0.0