position: 113.180699 102.50900000000001 -0.3506646
orientation: 0.3800964 0.8747946 62.87845
enu_velocity: 8.544951 16.87197 0.06293458
velocity: 18.90905 0.08855963 0.3510889
angularVelocity: -0.02816479 0.002578218 0.01206966
acceleration: 0.279328 0.09709109 -0.09296146
accel: 0.06039656
brake: 0.0
steer: 0.0098
linkid: A219BS010658
trafficlightid: C119BS010046
turn_signal_lamp: 0.0