position: 113.228499 102.60300000000007 -0.3502902
orientation: 0.3466797 0.8767402 62.89198
enu_velocity: 8.547876 16.89125 0.0564368
velocity: 18.92765 0.09003544 0.3455586
angularVelocity: -0.02963203 0.001526939 0.01168087
acceleration: 0.2538921 0.0739322 -0.08631408
accel: 0.04302368
brake: 0.0
steer: 0.0095
linkid: A219BS010658
trafficlightid: C119BS010046
turn_signal_lamp: 0.0