position: 113.276299 102.69700000000012 -0.3499728
orientation: 0.3124695 0.8779127 62.905
enu_velocity: 8.549966 16.90476 0.04989582
velocity: 18.94075 0.08979177 0.3396587
angularVelocity: -0.03008564 0.0009924741 0.01126888
acceleration: 0.1607281 0.05684862 -0.0877189
accel: 0.03033195
brake: 0.0
steer: 0.0092
linkid: A219BS010658
trafficlightid: C119BS010046
turn_signal_lamp: 0.0