position: 113.37189900000001 102.88499999999999 -0.3494448
orientation: 0.2453613 0.8802654 62.92969
enu_velocity: 8.547861 16.9106 0.0371595
velocity: 18.94521 0.08570719 0.327888
angularVelocity: -0.02876502 0.001543258 0.01047536
acceleration: -0.1568091 0.0178879 -0.08869678
accel: 0.01230735
brake: 0.0
steer: 0.0085
linkid: A219BS010658
trafficlightid: C119BS010046
turn_signal_lamp: 0.0