position: 113.609599 103.35200000000009 -0.34802
orientation: 0.1066895 0.9117002 62.98395
enu_velocity: 8.475072 16.7652 0.009392478
velocity: 18.78297 0.06573534 0.3081747
angularVelocity: -0.02050072 0.00772746 0.008705303
acceleration: -0.5334943 -0.003466249 -0.07125922
accel: 0.0
brake: 0.00993506
steer: 0.0071
linkid: A219BS010658
trafficlightid: C119BS010046
turn_signal_lamp: 0.0