position: 113.70399900000001 103.53700000000003 -0.3474962
orientation: 0.06564331 0.9296824 63.00296
enu_velocity: 8.43819 16.69326 0.0003847244
velocity: 18.7022 0.05947971 0.3038056
angularVelocity: -0.01556865 0.007659896 0.007983117
acceleration: -0.6176146 0.02983126 -0.08079384
accel: 0.0
brake: 0.01981713
steer: 0.0377
linkid: A219BS010658
trafficlightid: C119BS010046
turn_signal_lamp: 0.0