position: 17.871650000000002 31.978000000000065 -0.2534119
orientation: 1.631317 0.9197706 61.17781
enu_velocity: 19.35153 35.03294 0.0179377
velocity: 40.01686 -0.0463028 0.6619732
angularVelocity: -0.004521938 0.002917635 -0.00171224
acceleration: 0.01977648 -0.01536198 0.008773213
accel: 0.02545921
brake: 0.0
steer: -0.0006
linkid: A219BS010380
trafficlightid: null
turn_signal_lamp: 0.0