position: 113.891099 103.90499999999997 -0.3466698
orientation: 0.08929443 0.9645041 63.16629
enu_velocity: 8.150196 16.59461 -0.007214099
velocity: 18.48424 0.2187386 0.3036332
angularVelocity: 0.003639744 0.006808246 0.04133822
acceleration: -0.77762 0.239849 -0.02292718
accel: 0.0
brake: 0.02872934
steer: 0.0792
linkid: A219BS010658
trafficlightid: C119BS010046
turn_signal_lamp: 0.0