position: 113.98339899999999 104.08799999999997 -0.3463613
orientation: 0.1064148 0.9789506 63.28993
enu_velocity: 7.9473 16.54583 -0.006412279
velocity: 18.34982 0.3382564 0.3065129
angularVelocity: 0.01085218 0.006343365 0.06571735
acceleration: -1.01143 1.365326 -0.01174499
accel: 0.0
brake: 0.03109662
steer: 0.079
linkid: A219BS010658
trafficlightid: C119BS010046
turn_signal_lamp: 0.0