position: 114.29569900000001 104.71800000000007 -0.3453412
orientation: 0.1550293 1.015159 64.05592
enu_velocity: 7.18965 16.3151 0.0120683
velocity: 17.8133 0.6735463 0.3258958
angularVelocity: -0.0005190209 0.003773187 0.1231723
acceleration: -1.138478 1.125706 0.03193255
accel: 0.0
brake: 0.03730387
steer: 0.0652
linkid: A219BS010658
trafficlightid: C119BS010046
turn_signal_lamp: 0.0