position: 114.42319900000001 104.98299999999995 -0.3448004
orientation: 0.08349609 1.02458 64.41208
enu_velocity: 7.016196 16.10031 0.02172986
velocity: 17.54832 0.6260672 0.3346589
angularVelocity: -0.02162488 0.003496426 0.1085278
acceleration: -1.547223 1.39802 0.02261075
accel: 0.0
brake: 0.05408156
steer: 0.111
linkid: A219BS010658
trafficlightid: C119BS010046
turn_signal_lamp: 0.0