position: 114.66639900000001 105.50300000000016 -0.3431591
orientation: -0.005300845 1.04688 65.24461
enu_velocity: 6.354451 15.70037 0.03942936
velocity: 16.91491 0.8039198 0.3486056
angularVelocity: -5.086046e-05 0.003881325 0.1453749
acceleration: -1.594541 1.539004 0.008086341
accel: 0.0
brake: 0.05592925
steer: 0.1515
linkid: A219BS010658
trafficlightid: C119BS010046
turn_signal_lamp: 0.0