position: 114.781699 105.75700000000006 -0.3422052
orientation: -0.008771118 1.055581 65.76056
enu_velocity: 6.059517 15.49217 0.04593306
velocity: 16.61042 0.8349748 0.3521232
angularVelocity: -0.0110768 0.001302763 0.1473326
acceleration: -1.429436 0.5448899 0.00432778
accel: 0.0
brake: 0.05950485
steer: 0.1913
linkid: A219BS010658
trafficlightid: C119BS010046
turn_signal_lamp: 0.0