position: 114.89239900000001 106.00800000000004 -0.3412974
orientation: -0.009781002 1.057661 66.34416
enu_velocity: 5.606988 15.32099 0.05487157
velocity: 16.27957 1.011515 0.3556032
angularVelocity: 8.852687e-05 -0.0006105838 0.1821225
acceleration: -1.416446 1.331542 0.01113302
accel: 0.0
brake: 0.04605478
steer: 0.1835
linkid: A219BS010658
trafficlightid: C119BS010046
turn_signal_lamp: 0.0