position: 114.92829900000001 106.09000000000015 -0.3410403
orientation: -0.009858769 1.055487 66.55243
enu_velocity: 5.511325 15.25939 0.05732557
velocity: 16.18855 1.015575 0.3557648
angularVelocity: -0.004913937 -0.002387508 0.1810569
acceleration: -1.287073 0.76481 0.01039288
accel: 0.0
brake: 0.04594493
steer: 0.1798
linkid: A219BS010658
trafficlightid: C119BS010046
turn_signal_lamp: 0.0