position: 115.032599 106.33600000000001 -0.3404103
orientation: -0.02409007 1.040528 67.18597
enu_velocity: 5.147332 15.08405 0.06474626
velocity: 15.89604 1.103912 0.3539349
angularVelocity: -0.0004805315 -0.004744865 0.1985901
acceleration: -1.552541 1.810616 0.0006908281
accel: 0.0
brake: 0.03882766
steer: 0.2418
linkid: A219BS010658
trafficlightid: C119BS010046
turn_signal_lamp: 0.0