position: 115.09969899999999 106.49800000000005 -0.3399993
orientation: -0.003799998 1.028268 67.67834
enu_velocity: 4.831051 15.00693 0.06734946
velocity: 15.71353 1.230653 0.3494776
angularVelocity: 0.006596843 -0.006001551 0.2230465
acceleration: -1.234554 1.693123 -0.003797176
accel: 0.0
brake: 0.03016843
steer: 0.2341
linkid: A219BS010658
trafficlightid: C119BS010046
turn_signal_lamp: 0.0