position: 115.164499 106.6590000000001 -0.3396972
orientation: 0.002340478 1.010906 68.18831
enu_velocity: 4.639866 14.92066 0.06969766
velocity: 15.57282 1.236197 0.3444476
angularVelocity: -0.007889697 -0.008477885 0.219224
acceleration: -1.005022 0.747136 -0.002601042
accel: 0.0
brake: 0.03316759
steer: 0.301
linkid: A219BS010658
trafficlightid: C119BS010046
turn_signal_lamp: 1.0