position: 115.19619900000001 106.73900000000003 -0.3395541
orientation: 0.002345328 1.001654 68.45334
enu_velocity: 4.471576 14.88503 0.0700815
velocity: 15.48349 1.307577 0.340751
angularVelocity: -0.002828886 -0.007911555 0.2345247
acceleration: -1.353714 1.950744 -0.02670829
accel: 0.0
brake: 0.02618924
steer: 0.2188
linkid: A219BS010658
trafficlightid: C119BS010046
turn_signal_lamp: 1.0