position: 115.22719900000001 106.81899999999996 -0.3394287
orientation: -0.004409481 0.9918556 68.71535
enu_velocity: 4.438078 14.82395 0.06951898
velocity: 15.4203 1.245743 0.336595
angularVelocity: -0.01849739 -0.009430395 0.2169223
acceleration: -0.5590775 -1.626233 -0.01392332
accel: 0.0
brake: 0.0181142
steer: 0.213
linkid: A219BS010658
trafficlightid: C119BS010046
turn_signal_lamp: 1.0