position: 115.34619900000001 107.13699999999994 -0.3392465
orientation: -0.1375433 0.9388566 69.60683
enu_velocity: 4.270432 14.60145 0.0747964
velocity: 15.17109 1.084471 0.3260287
angularVelocity: -0.03233779 -0.0119766 0.1840723
acceleration: -0.9291977 0.3720712 0.01523676
accel: 0.0
brake: 0.02926663
steer: 0.2808
linkid: A219BS010658
trafficlightid: C119BS010046
turn_signal_lamp: 1.0