position: 115.40339900000001 107.29500000000007 -0.3389852
orientation: -0.1537823 0.9162441 70.0867
enu_velocity: 3.941688 14.53471 0.07939151
velocity: 15.00501 1.243618 0.3227134
angularVelocity: 0.0003494238 -0.009771716 0.2225057
acceleration: -1.101086 1.99749 0.0178985
accel: 0.0
brake: 0.01023358
steer: 0.275
linkid: A219BS010658
trafficlightid: C119BS010046
turn_signal_lamp: 1.0