position: 115.458899 107.45100000000002 -0.3386656
orientation: -0.1232117 0.8941297 70.63643
enu_velocity: 3.654701 14.504 0.08317709
velocity: 14.8922 1.360313 0.3185325
angularVelocity: 0.01068423 -0.01082705 0.245564
acceleration: -0.7134119 1.370976 0.01659151
accel: 0.0
brake: 0.004233389
steer: 0.2651
linkid: A219BS010658
trafficlightid: C119BS010046
turn_signal_lamp: 1.0