position: 115.48589899999999 107.529 -0.33854
orientation: -0.1132045 0.8812557 70.91534
enu_velocity: 3.57762 14.48555 0.08477649
velocity: 14.85607 1.35466 0.3159801
angularVelocity: 0.002783409 -0.01202029 0.2422716
acceleration: -0.5738602 0.8478487 0.01499754
accel: 0.0
brake: 0.00678667
steer: 0.3394
linkid: A219BS010658
trafficlightid: C119BS010046
turn_signal_lamp: 1.0