position: 115.51239899999999 107.60699999999997 -0.3384328
orientation: -0.1135479 0.8673708 71.18832
enu_velocity: 3.514138 14.46289 0.0862802
velocity: 14.82049 1.336639 0.3133165
angularVelocity: -0.006124315 -0.01271934 0.2367049
acceleration: -0.5914883 0.704619 0.01257398
accel: 0.0
brake: 0.008143802
steer: 0.3349
linkid: A219BS010658
trafficlightid: C119BS010046
turn_signal_lamp: 1.0