position: 115.538399 107.68499999999995 -0.3382921
orientation: -0.1112216 0.8544061 71.47418
enu_velocity: 3.351889 14.44476 0.087896
velocity: 14.75829 1.410764 0.3107398
angularVelocity: -0.0003581902 -0.01147105 0.253001
acceleration: -0.9783306 2.041307 0.009869945
accel: 0.0
brake: 0.0
steer: 0.3304
linkid: A219BS010658
trafficlightid: C119BS010046
turn_signal_lamp: 1.0