position: 115.563999 107.76199999999994 -0.3381181
orientation: -0.103097 0.8424582 71.77568
enu_velocity: 3.189299 14.43036 0.08874062
velocity: 14.70105 1.483049 0.3075942
angularVelocity: 0.004278249 -0.01095257 0.2664592
acceleration: -0.8223964 2.081887 -0.003647983
accel: 0.02056034
brake: 0.0
steer: 0.3255
linkid: A219BS010658
trafficlightid: C119BS010046
turn_signal_lamp: 1.0