position: 115.589099 107.84000000000015 -0.3379533
orientation: -0.09127353 0.830121 72.09225
enu_velocity: 3.030468 14.42599 0.08889029
velocity: 14.65609 1.55165 0.3037291
angularVelocity: 0.006757172 -0.01145935 0.2793704
acceleration: -0.6552364 2.077497 -0.004803162
accel: 0.02925083
brake: 0.0
steer: 0.3195
linkid: A219BS010658
trafficlightid: C119BS010046
turn_signal_lamp: 1.0