position: 115.613599 107.91700000000014 -0.337827
orientation: -0.0801951 0.8163155 72.41908
enu_velocity: 2.896361 14.43237 0.08902946
velocity: 14.63036 1.597841 0.2997338
angularVelocity: 0.004583747 -0.01299732 0.2861972
acceleration: -0.3495718 1.65877 0.0003769528
accel: 0.03115255
brake: 0.0
steer: 0.3127
linkid: A219BS010658
trafficlightid: C119BS010046
turn_signal_lamp: 1.0