position: 115.637599 107.99500000000012 -0.3377668
orientation: -0.07836427 0.799987 72.74428
enu_velocity: 2.815092 14.44094 0.0892562
velocity: 14.62335 1.594925 0.295637
angularVelocity: -0.004974037 -0.01517148 0.2825159
acceleration: -0.1944789 1.009391 0.002125191
accel: 0.01854524
brake: 0.0
steer: 0.3753
linkid: A219BS010658
trafficlightid: C119BS010046
turn_signal_lamp: 1.0