position: 18.408889000000002 32.95100000000002 -0.252527
orientation: 1.609802 0.9395045 61.16849
enu_velocity: 19.34891 35.01555 0.01058849
velocity: 40.00026 -0.04595375 0.6681054
angularVelocity: -0.003590494 0.003315472 -0.001755389
acceleration: 0.0786028 -0.01542728 0.01163733
accel: 0.03072832
brake: 0.0
steer: -0.0006
linkid: A219BS010380
trafficlightid: null
turn_signal_lamp: 0.0