position: 115.70669900000001 108.22800000000007 -0.3375234
orientation: -0.06887788 0.7579212 73.76347
enu_velocity: 2.388101 14.4293 0.07392209
velocity: 14.51927 1.741303 0.2680973
angularVelocity: 0.006541595 -0.01062994 0.3121437
acceleration: -0.4110355 2.097536 -0.09926371
accel: 0.05010834
brake: 0.0
steer: 0.3551
linkid: A219BS010658
trafficlightid: C119BS010046
turn_signal_lamp: 1.0