position: 115.79149899999999 108.53899999999999 -0.337382
orientation: -0.05514219 0.7160078 75.1902
enu_velocity: 2.020141 14.46961 0.04404125
velocity: 14.50362 1.745346 0.2269812
angularVelocity: -0.007981589 -0.007040056 0.3083017
acceleration: -0.5413969 1.9525 -0.09331743
accel: 0.02730955
brake: 0.0
steer: 0.38
linkid: A219BS010658
trafficlightid: C119BS010046
turn_signal_lamp: 1.0