position: 115.84979899999999 108.77200000000016 -0.3371235
orientation: -0.05325964 0.7022219 76.30391
enu_velocity: 1.62704 14.48511 0.03416827
velocity: 14.45696 1.848696 0.213084
angularVelocity: -0.006559863 -0.003983285 0.3268036
acceleration: -0.1148257 1.175315 -0.02475582
accel: 0.05979185
brake: 0.0
steer: 0.3546
linkid: A219BS010658
trafficlightid: C119BS010046
turn_signal_lamp: 1.0