position: 115.91999899999999 109.08600000000001 -0.3367299
orientation: -0.1162106 0.6866428 77.75829
enu_velocity: 1.254515 14.49975 0.04169257
velocity: 14.43452 1.848046 0.2184384
angularVelocity: -0.01112633 -0.001465556 0.3262427
acceleration: -0.5082098 2.026256 0.04973356
accel: 0.0741045
brake: 0.0
steer: 0.3852
linkid: A219BS010658
trafficlightid: C119BS010046
turn_signal_lamp: 1.0