position: 115.952099 109.24299999999994 -0.3361764
orientation: -0.1184866 0.6876397 78.52937
enu_velocity: 0.9984089 14.51819 0.05149361
velocity: 14.42511 1.90823 0.2285763
angularVelocity: -0.005159384 0.0002481714 0.3376688
acceleration: -0.05799532 1.305306 0.08130671
accel: 0.08584305
brake: 0.0
steer: 0.3669
linkid: A219BS010658
trafficlightid: C119BS010046
turn_signal_lamp: 1.0