position: 115.967399 109.32200000000012 -0.3358363
orientation: -0.1250537 0.6887445 78.91078
enu_velocity: 0.9304733 14.53503 0.05741973
velocity: 14.44088 1.882019 0.2351322
angularVelocity: -0.01135157 0.0002631426 0.3309506
acceleration: 0.05662197 0.9014903 0.08605751
accel: 0.07571436
brake: 0.0
steer: 0.357
linkid: A219BS010658
trafficlightid: C119BS010046
turn_signal_lamp: 1.0