position: 115.99619899999999 109.48000000000002 -0.3350312
orientation: -0.1576086 0.6919433 79.64493
enu_velocity: 0.8271648 14.56112 0.06906006
velocity: 14.47076 1.802957 0.2487929
angularVelocity: -0.0212152 0.0009196363 0.3137947
acceleration: 0.04301262 0.6765471 0.08050548
accel: 0.06918464
brake: 0.0
steer: 0.3998
linkid: A219BS010658
trafficlightid: C119BS010046
turn_signal_lamp: 1.0