position: 116.00989899999999 109.55899999999997 -0.3345151
orientation: -0.1680444 0.6961589 80.01613
enu_velocity: 0.6826632 14.55875 0.07380164
velocity: 14.45468 1.851 0.2548738
angularVelocity: -0.01025235 0.003324063 0.3269481
acceleration: -0.3852168 1.998541 0.06407052
accel: 0.08908068
brake: 0.0
steer: 0.3914
linkid: A219BS010658
trafficlightid: C119BS010046
turn_signal_lamp: 1.0