position: 18.623829 33.340000000000146 -0.252201
orientation: 1.602844 0.947029 61.16472
enu_velocity: 19.35449 35.02038 0.01172145
velocity: 40.00708 -0.04578209 0.6745957
angularVelocity: -0.002776134 0.003188682 -0.00171506
acceleration: 0.03786214 -0.01439158 0.007163263
accel: 0.02886718
brake: 0.0
steer: -0.0005
linkid: A219BS010380
trafficlightid: null
turn_signal_lamp: 0.0