position: 116.035999 109.7170000000001 -0.3332771
orientation: -0.1594303 0.7098327 80.79259
enu_velocity: 0.4114726 14.57321 0.08123869
velocity: 14.44917 1.924942 0.265621
angularVelocity: 0.002705449 0.005288376 0.3426091
acceleration: -0.03338823 1.571643 0.05047115
accel: 0.1075544
brake: 0.0
steer: 0.3732
linkid: A219BS010658
trafficlightid: C119BS010046
turn_signal_lamp: 1.0