position: 116.070799 109.95600000000013 -0.331375
orientation: -0.1684336 0.7274548 81.92984
enu_velocity: 0.2275056 14.63317 0.087867
velocity: 14.51791 1.828226 0.277586
angularVelocity: -0.01452246 0.00383299 0.3201094
acceleration: 0.1641206 0.7197425 0.0112903
accel: 0.08994255
brake: 0.0
steer: 0.3968
linkid: A219BS010658
trafficlightid: C119BS010046
turn_signal_lamp: 1.0