position: 116.091599 110.11599999999999 -0.3300784
orientation: -0.1627324 0.741215 82.69554
enu_velocity: -0.05956315 14.64377 0.07816688
velocity: 14.51514 1.920153 0.2714157
angularVelocity: 0.006220317 0.005075422 0.34169
acceleration: -0.09096622 1.985213 -0.1109249
accel: 0.1197855
brake: 0.0
steer: 0.3787
linkid: A219BS010658
trafficlightid: C119BS010046
turn_signal_lamp: 1.0