position: 116.10119900000001 110.19600000000014 -0.3295256
orientation: -0.148017 0.7472129 83.08815
enu_velocity: -0.1629277 14.66526 0.06795895
velocity: 14.53695 1.925925 0.2625328
angularVelocity: 0.008266762 0.003968374 0.3419938
acceleration: 0.18983 1.281915 -0.1478068
accel: 0.1175124
brake: 0.0
steer: 0.3687
linkid: A219BS010658
trafficlightid: C119BS010046
turn_signal_lamp: 1.0