position: 116.110299 110.27600000000007 -0.3290834
orientation: -0.1369643 0.7514437 83.47452
enu_velocity: -0.2285233 14.69288 0.05636849
velocity: 14.56973 1.896222 0.2520023
angularVelocity: 0.004033574 0.002507813 0.3352644
acceleration: 0.2880777 0.8797356 -0.1572905
accel: 0.1058982
brake: 0.0
steer: 0.3584
linkid: A219BS010658
trafficlightid: C119BS010046
turn_signal_lamp: 1.0