position: 116.118799 110.35699999999997 -0.3287434
orientation: -0.1314876 0.7543361 83.8515
enu_velocity: -0.2820596 14.71825 0.04427688
velocity: 14.60153 1.856299 0.240791
angularVelocity: -0.0006986787 0.001553304 0.3267677
acceleration: 0.2647745 0.7474958 -0.1638793
accel: 0.09957704
brake: 0.0
steer: 0.3917
linkid: A219BS010658
trafficlightid: C119BS010046
turn_signal_lamp: 1.0