position: 18.731319 33.53500000000008 -0.2520635
orientation: 1.599152 0.949724 61.16287
enu_velocity: 19.35658 35.02218 0.01186273
velocity: 40.00964 -0.04545021 0.676649
angularVelocity: -0.00337241 0.002012272 -0.001645796
acceleration: 0.03369261 -0.01294183 0.003888885
accel: 0.02795518
brake: 0.0
steer: -0.0004
linkid: A219BS010380
trafficlightid: null
turn_signal_lamp: 0.0