position: 116.126699 110.4380000000001 -0.3284898
orientation: -0.1307281 0.7565371 84.2184
enu_velocity: -0.3302838 14.74135 0.03199092
velocity: 14.6314 1.813081 0.2293362
angularVelocity: -0.004393311 0.001099702 0.3179758
acceleration: 0.2525909 0.6873984 -0.1661418
accel: 0.09534744
brake: 0.0
steer: 0.3823
linkid: A219BS010658
trafficlightid: C119BS010046
turn_signal_lamp: 1.0