position: 116.134299 110.519 -0.3282709
orientation: -0.1220538 0.7601006 84.59332
enu_velocity: -0.4685025 14.74488 0.01908769
velocity: 14.63359 1.855287 0.2171865
angularVelocity: 0.005765885 0.002800502 0.3298902
acceleration: -0.1367927 1.939102 -0.1772219
accel: 0.1110077
brake: 0.0
steer: 0.3732
linkid: A219BS010658
trafficlightid: C119BS010046
turn_signal_lamp: 1.0