position: 116.141299 110.60000000000014 -0.3280848
orientation: -0.1041298 0.7650984 84.97797
enu_velocity: -0.5962638 14.75359 0.006359606
velocity: 14.64336 1.885118 0.2053381
angularVelocity: 0.01218523 0.003804396 0.3363376
acceleration: 0.06909639 1.608364 -0.1707979
accel: 0.12222
brake: 0.0
steer: 0.3638
linkid: A219BS010658
trafficlightid: C119BS010046
turn_signal_lamp: 1.0