position: 116.14779899999999 110.68100000000004 -0.3279723
orientation: -0.08678528 0.7698636 85.36037
enu_velocity: -0.6762981 14.77761 -0.005500714
velocity: 14.67323 1.869125 0.1945011
angularVelocity: 0.009656306 0.003480111 0.3322615
acceleration: 0.2904825 1.014079 -0.1557697
accel: 0.1128837
brake: 0.0
steer: 0.3538
linkid: A219BS010658
trafficlightid: C119BS010046
turn_signal_lamp: 1.0