position: 116.15369899999999 110.76199999999994 -0.3279352
orientation: -0.07512108 0.7740922 85.73466
enu_velocity: -0.735634 14.80352 -0.01623553
velocity: 14.70668 1.834376 0.1848743
angularVelocity: 0.004460724 0.003176148 0.3245952
acceleration: 0.2954148 0.8126441 -0.1398818
accel: 0.1032763
brake: 0.0
steer: 0.3439
linkid: A219BS010658
trafficlightid: C119BS010046
turn_signal_lamp: 1.0