position: 116.159099 110.84400000000005 -0.3279554
orientation: -0.06935222 0.7782243 86.09924
enu_velocity: -0.7869241 14.82703 -0.02575266
velocity: 14.73814 1.793549 0.1766102
angularVelocity: -0.0004168819 0.003240941 0.315969
acceleration: 0.2734419 0.7176136 -0.1232003
accel: 0.0983082
brake: 0.0
steer: 0.3685
linkid: A219BS010658
trafficlightid: C119BS010046
turn_signal_lamp: 1.0