position: 116.17239900000001 111.09000000000015 -0.327951
orientation: -0.05062042 0.8006411 87.18495
enu_velocity: -1.075879 14.85845 -0.0380551
velocity: 14.78678 1.804159 0.1701764
angularVelocity: 0.004197722 0.009373085 0.3205263
acceleration: 0.1655164 1.269246 -0.001829466
accel: 0.1172188
brake: 0.0
steer: 0.3412
linkid: A219BS010658
trafficlightid: C119BS010046
turn_signal_lamp: 1.0