position: 18.838819 33.72900000000004 -0.2519572
orientation: 1.594604 0.9511366 61.16112
enu_velocity: 19.35814 35.0237 0.0126335
velocity: 40.0117 -0.04484558 0.6784195
angularVelocity: -0.004140069 0.0009350019 -0.00156598
acceleration: 0.02737953 -0.007835414 0.01653667
accel: 0.02724591
brake: 0.0
steer: -0.0004
linkid: A219BS010380
trafficlightid: null
turn_signal_lamp: 0.0