position: 116.18269900000001 111.42000000000007 -0.3272635
orientation: -0.06680395 0.8486055 88.57834
enu_velocity: -1.294308 14.93684 -0.01000922
velocity: 14.89865 1.664247 0.2126097
angularVelocity: -0.0156616 0.009608799 0.289781
acceleration: 0.2357867 0.6458945 0.1653198
accel: 0.09824958
brake: 0.0
steer: 0.3719
linkid: A219BS010658
trafficlightid: C119BS010046
turn_signal_lamp: 1.0