position: 116.184099 111.50300000000016 -0.3269375
orientation: -0.069359 0.8610892 88.92279
enu_velocity: -1.436416 14.92773 0.0017652
velocity: 14.89638 1.716526 0.2277357
angularVelocity: -0.003775746 0.01078654 0.3038249
acceleration: -0.1707544 1.997107 0.1657979
accel: 0.1170617
brake: 0.0
steer: 0.3644
linkid: A219BS010658
trafficlightid: C119BS010046
turn_signal_lamp: 1.0