position: 116.184699 111.83500000000004 -0.325091
orientation: -0.03394553 0.910168 90.38499
enu_velocity: -1.888631 14.97258 0.0419109
velocity: 14.98238 1.787815 0.2809969
angularVelocity: -0.006960108 0.008049155 0.31513
acceleration: 0.3553242 0.9173356 0.1587529
accel: 0.1256877
brake: 0.0
steer: 0.4018
linkid: A219BS010658
trafficlightid: C119BS010046
turn_signal_lamp: 1.0