position: 116.18339900000001 111.91800000000012 -0.3246017
orientation: -0.04454032 0.9181025 90.73924
enu_velocity: -1.950226 14.9966 0.05265551
velocity: 15.01775 1.756352 0.2946913
angularVelocity: -0.01648889 0.006286747 0.3070306
acceleration: 0.3436232 0.8247823 0.1536669
accel: 0.1227765
brake: 0.0
steer: 0.3935
linkid: A219BS010658
trafficlightid: C119BS010046
turn_signal_lamp: 1.0