position: 116.181599 112.00099999999998 -0.3240578
orientation: -0.05395963 0.9259893 91.10115
enu_velocity: -2.09336 14.98917 0.06244173
velocity: 15.02366 1.804629 0.3069764
angularVelocity: -0.012423 0.006634128 0.318358
acceleration: -0.03772504 1.96672 0.1334325
accel: 0.1421074
brake: 0.0
steer: 0.3857
linkid: A219BS010658
trafficlightid: C119BS010046
turn_signal_lamp: 1.0