position: 18.946339000000002 33.92399999999998 -0.2518726
orientation: 1.58963 0.9515882 61.15952
enu_velocity: 19.35917 35.02566 0.01300328
velocity: 40.01389 -0.0437355 0.6791054
angularVelocity: -0.004226962 0.0002520985 -0.001364745
acceleration: 0.02954908 -0.001253266 -0.002786668
accel: 0.02637046
brake: 0.0
steer: -0.0004
linkid: A219BS010380
trafficlightid: null
turn_signal_lamp: 0.0