position: 116.176499 112.16800000000012 -0.3228959
orientation: -0.06152249 0.9397124 91.85603
enu_velocity: -2.378457 14.99341 0.07533965
velocity: 15.05932 1.891252 0.3243918
angularVelocity: -0.006372513 0.004330578 0.3354593
acceleration: 0.1602691 1.965726 0.06131965
accel: 0.1553575
brake: 0.0
steer: 0.3688
linkid: A219BS010658
trafficlightid: C119BS010046
turn_signal_lamp: 1.0