position: 116.17309900000001 112.25199999999995 -0.3223694
orientation: -0.06125678 0.9431784 92.24557
enu_velocity: -2.511872 15.00371 0.07898726
velocity: 15.08727 1.92171 0.3294352
angularVelocity: -0.00547266 0.002058824 0.3406173
acceleration: 0.2533346 1.73732 0.05293792
accel: 0.1594078
brake: 0.0
steer: 0.3594
linkid: A219BS010658
trafficlightid: C119BS010046
turn_signal_lamp: 1.0