position: 116.16899900000001 112.33600000000001 -0.3219051
orientation: -0.06470858 0.9437182 92.63419
enu_velocity: -2.612077 15.02483 0.08155052
velocity: 15.12561 1.918413 0.3328846
angularVelocity: -0.01002697 -0.0005450911 0.3381375
acceleration: 0.3764009 1.262061 0.03960468
accel: 0.1556862
brake: 0.0
steer: 0.4175
linkid: A219BS010658
trafficlightid: C119BS010046
turn_signal_lamp: 1.0