position: 116.159199 112.50400000000013 -0.3211401
orientation: -0.07944365 0.9360955 93.40356
enu_velocity: -2.82505 15.04627 0.08993017
velocity: 15.18396 1.926322 0.3407102
angularVelocity: -0.008250641 -0.004676396 0.3405633
acceleration: 0.04972474 1.911714 0.04777567
accel: 0.1663556
brake: 0.0
steer: 0.4
linkid: A219BS010658
trafficlightid: C119BS010046
turn_signal_lamp: 1.0