position: 116.140399 112.75700000000006 -0.3202171
orientation: -0.04252248 0.9124051 94.6179
enu_velocity: -3.229416 15.06396 0.09538676
velocity: 15.2716 2.005877 0.3401004
angularVelocity: 0.01276359 -0.009357015 0.3595408
acceleration: 0.3207689 1.649239 0.03225525
accel: 0.1787529
brake: 0.0
steer: 0.3723
linkid: A219BS010658
trafficlightid: C119BS010046
turn_signal_lamp: 1.0