position: 116.13289900000001 112.8420000000001 -0.320009
orientation: -0.02265453 0.8997164 95.02736
enu_velocity: -3.328216 15.08592 0.09938588
velocity: 15.31609 1.993277 0.3407148
angularVelocity: 0.01099003 -0.01191842 0.3561197
acceleration: 0.4476862 1.259568 0.06587685
accel: 0.1741802
brake: 0.0
steer: 0.4366
linkid: A219BS010658
trafficlightid: C119BS010046
turn_signal_lamp: 1.0