position: 116.12469899999999 112.92700000000013 -0.3199182
orientation: -0.0110687 0.8827026 95.42877
enu_velocity: -3.407962 15.11651 0.09734149
velocity: 15.36781 1.962463 0.3345083
angularVelocity: 0.002445757 -0.01589173 0.3481765
acceleration: 0.530701 1.028519 -0.02689783
accel: 0.1660107
brake: 0.0
steer: 0.4275
linkid: A219BS010658
trafficlightid: C119BS010046
turn_signal_lamp: 1.0