position: 116.10659899999999 113.09699999999998 -0.3199463
orientation: 0.008453369 0.8435398 96.24779
enu_velocity: -3.690477 15.10871 0.08604398
velocity: 15.41766 2.024348 0.3127582
angularVelocity: 0.001541467 -0.01770335 0.3611505
acceleration: 0.2890739 1.880771 -0.1245457
accel: 0.1878288
brake: 0.0
steer: 0.4103
linkid: A219BS010658
trafficlightid: C119BS010046
turn_signal_lamp: 1.0