position: 116.096599 113.18200000000002 -0.3200662
orientation: 0.01193237 0.8226687 96.66443
enu_velocity: -3.826493 15.11862 0.07599134
velocity: 15.45786 2.046122 0.2975371
angularVelocity: -0.003560535 -0.01827168 0.3642331
acceleration: 0.3634707 1.863324 -0.1380197
accel: 0.1849554
brake: 0.0
steer: 0.4011
linkid: A219BS010658
trafficlightid: C119BS010046
turn_signal_lamp: 1.0