position: 116.062299 113.43900000000008 -0.3207839
orientation: -0.01772181 0.7591574 97.93315
enu_velocity: -4.270769 15.11346 0.04867647
velocity: 15.55626 2.143894 0.2554732
angularVelocity: -0.01758121 -0.01754025 0.379172
acceleration: -0.3762947 3.151499 -0.09714619
accel: 0.189114
brake: 0.0
steer: 0.4985
linkid: A219BS010658
trafficlightid: C119BS010046
turn_signal_lamp: 1.0