position: 116.049599 113.52400000000011 -0.3210302
orientation: -0.03122246 0.7407516 98.38133
enu_velocity: -4.473429 15.0706 0.04249417
velocity: 15.55985 2.228819 0.2448898
angularVelocity: -0.01731839 -0.01591416 0.3943714
acceleration: -0.1395662 2.770842 -0.08332399
accel: 0.2343052
brake: 0.0
steer: 0.4902
linkid: A219BS010658
trafficlightid: C119BS010046
turn_signal_lamp: 1.0