position: 19.161389 34.3130000000001 -0.251736
orientation: 1.580566 0.9513659 61.15657
enu_velocity: 19.36185 35.02798 0.01336918
velocity: 40.01722 -0.04300117 0.6793413
angularVelocity: -0.004339288 -0.0003595183 -0.001276691
acceleration: 0.01646467 -0.0101878 0.02730448
accel: 0.02515396
brake: 0.0
steer: -0.0003
linkid: A219BS010380
trafficlightid: null
turn_signal_lamp: 0.0