position: 115.974399 113.95299999999997 -0.3228883
orientation: -0.1479744 0.6232871 100.7052
enu_velocity: -5.233068 15.07448 0.05438603
velocity: 15.78268 2.341216 0.2321337
angularVelocity: -0.02475258 -0.02268448 0.4114625
acceleration: 0.1749309 2.429033 0.05325288
accel: 0.2355699
brake: 0.0
steer: 0.4859
linkid: A219BS010658
trafficlightid: C119BS010046
turn_signal_lamp: 1.0