position: 115.957099 114.03899999999999 -0.3231592
orientation: -0.1620366 0.6015349 101.1821
enu_velocity: -5.388869 15.069 0.05607056
velocity: 15.82652 2.363634 0.228924
angularVelocity: -0.01446172 -0.01923024 0.4171491
acceleration: 0.3715033 2.043721 0.03560053
accel: 0.2508101
brake: 0.0
steer: 0.4755
linkid: A219BS010658
trafficlightid: C119BS010046
turn_signal_lamp: 1.0