position: 115.920399 114.21199999999999 -0.3233995
orientation: -0.1650904 0.568903 102.141
enu_velocity: -5.654493 15.09654 0.05632239
velocity: 15.94677 2.352314 0.2214483
angularVelocity: -0.001118827 -0.0129724 0.4179491
acceleration: 0.5895146 1.671002 0.001728191
accel: 0.2375586
brake: 0.0
steer: 0.4535
linkid: A219BS010658
trafficlightid: C119BS010046
turn_signal_lamp: 1.0