position: 115.90089900000001 114.29899999999998 -0.3233532
orientation: -0.1578971 0.5589846 102.6184
enu_velocity: -5.775876 15.1135 0.0557049
velocity: 16.00894 2.334135 0.2183309
angularVelocity: 0.003244073 -0.008788411 0.4159819
acceleration: 0.595542 1.572212 -0.002489505
accel: 0.2334196
brake: 0.0
steer: 0.5109
linkid: A219BS010658
trafficlightid: C119BS010046
turn_signal_lamp: 1.0