position: 115.859699 114.47199999999998 -0.3229032
orientation: -0.1227461 0.5541305 103.5758
enu_velocity: -6.068545 15.10401 0.04679785
velocity: 16.10528 2.353174 0.2076072
angularVelocity: 0.01791337 0.0008048587 0.4239208
acceleration: 0.2529269 2.399894 -0.1605276
accel: 0.2474471
brake: 0.0
steer: 0.4909
linkid: A219BS010658
trafficlightid: C119BS010046
turn_signal_lamp: 1.0