position: 115.767699 114.82100000000014 -0.3214747
orientation: -0.04159721 0.6001742 105.5266
enu_velocity: -6.642878 15.12171 -0.02860971
velocity: 16.34747 2.352504 0.1443429
angularVelocity: 0.006559905 0.01593588 0.4208255
acceleration: 0.6702793 1.657685 -0.3370254
accel: 0.2270431
brake: 0.0
steer: 0.5193
linkid: A219BS010658
trafficlightid: C119BS010046
turn_signal_lamp: 1.0