position: 115.74259900000001 114.90800000000013 -0.3211591
orientation: -0.03142533 0.6219671 106.005
enu_velocity: -6.76648 15.13521 -0.05406586
velocity: 16.41382 2.331029 0.1253946
angularVelocity: 0.003857952 0.01970326 0.4163755
acceleration: 0.6543636 1.585383 -0.3429072
accel: 0.2222158
brake: 0.0
steer: 0.5096
linkid: A219BS010658
trafficlightid: C119BS010046
turn_signal_lamp: 1.0