position: 115.689999 115.08400000000006 -0.3204893
orientation: 0.01174927 0.6825277 106.9905
enu_velocity: -7.122688 15.05984 -0.1017938
velocity: 16.48392 2.41113 0.09407561
angularVelocity: 0.01607418 0.02894993 0.4347541
acceleration: 0.357784 2.316865 -0.2633693
accel: 0.2508405
brake: 0.0
steer: 0.4912
linkid: A219BS010658
trafficlightid: C119BS010046
turn_signal_lamp: 1.0