position: 115.60489899999999 115.346 -0.3199269
orientation: 0.06063843 0.7772286 108.4903
enu_velocity: -7.581488 15.0195 -0.1200192
velocity: 16.64868 2.426873 0.1032584
angularVelocity: 0.0004932955 0.02630044 0.4343851
acceleration: 0.5447167 1.911783 0.05017049
accel: 0.2521056
brake: 0.0
steer: 0.5252
linkid: A219BS010658
trafficlightid: C119BS010046
turn_signal_lamp: 1.0