position: 115.511899 115.60900000000015 -0.3193176
orientation: 0.09030151 0.8655362 110.0468
enu_velocity: -8.156651 14.87509 -0.08937986
velocity: 16.76929 2.563736 0.159913
angularVelocity: -0.001648773 0.02442329 0.4593826
acceleration: 0.4903598 2.457905 0.2061087
accel: 0.2894423
brake: 0.0
steer: 0.4968
linkid: A219BS010658
trafficlightid: C119BS010046
turn_signal_lamp: 1.0