position: 115.47909899999999 115.69600000000014 -0.3190567
orientation: 0.090271 0.8910165 110.574
enu_velocity: -8.325539 14.8538 -0.06926576
velocity: 16.83119 2.574951 0.1884353
angularVelocity: -0.009792231 0.02279869 0.4600191
acceleration: 0.5430224 2.240697 0.3404381
accel: 0.2877288
brake: 0.0
steer: 0.4865
linkid: A219BS010658
trafficlightid: C119BS010046
turn_signal_lamp: 1.0