position: 115.445199 115.7840000000001 -0.318675
orientation: 0.07885742 0.9156414 111.0993
enu_velocity: -8.485941 14.83861 -0.04266101
velocity: 16.89714 2.575644 0.2238449
angularVelocity: -0.01961927 0.02192683 0.4576123
acceleration: 0.6092416 2.116542 0.384424
accel: 0.289932
brake: 0.0
steer: 0.5295
linkid: A219BS010658
trafficlightid: C119BS010046
turn_signal_lamp: 1.0