position: 115.374799 115.95800000000008 -0.3172564
orientation: 0.05245972 0.9689091 112.1645
enu_velocity: -8.861768 14.74011 0.0260601
velocity: 16.99127 2.646241 0.3110025
angularVelocity: -0.01666513 0.02505251 0.4715601
acceleration: 0.2947862 2.735506 0.4846443
accel: 0.3172208
brake: 0.0
steer: 0.5099
linkid: A219BS010658
trafficlightid: C119BS010046
turn_signal_lamp: 1.0