position: 115.261899 116.22000000000003 -0.3136315
orientation: 0.007141113 1.053319 113.7935
enu_velocity: -9.378611 14.67059 0.1228794
velocity: 17.20223 2.662796 0.4388477
angularVelocity: -0.02579984 0.02357781 0.4715372
acceleration: 0.720533 2.081594 0.4630718
accel: 0.3137183
brake: 0.0
steer: 0.5215
linkid: A219BS010658
trafficlightid: C119BS010046
turn_signal_lamp: 1.0