position: 19.483889 34.89700000000016 -0.251475
orientation: 1.559265 0.9508348 61.15259
enu_velocity: 19.34811 35.00499 0.01690204
velocity: 39.9904 -0.03945732 0.6819401
angularVelocity: -0.006046829 -0.0001482868 -0.0009896326
acceleration: -0.01122317 0.002231857 -0.01570218
accel: 0.04285577
brake: 0.0
steer: -0.0003
linkid: A219BS010380
trafficlightid: null
turn_signal_lamp: 0.0