position: 115.181599 116.39499999999998 -0.3106235
orientation: -0.01337219 1.102226 114.8842
enu_velocity: -9.744575 14.58937 0.1682024
velocity: 17.32883 2.700794 0.502268
angularVelocity: -0.01080759 0.01922968 0.4805121
acceleration: 0.5223752 2.553455 0.2639638
accel: 0.3290414
brake: 0.0
steer: 0.5008
linkid: A219BS010658
trafficlightid: C119BS010046
turn_signal_lamp: 1.0