position: 115.097599 116.56899999999996 -0.3077712
orientation: 0.001011573 1.13323 115.9882
enu_velocity: -10.08198 14.55253 0.1850669
velocity: 17.49174 2.685835 0.5310628
angularVelocity: 0.002405304 0.008838255 0.4811016
acceleration: 0.861225 2.05804 -0.01758445
accel: 0.3160802
brake: 0.0
steer: 0.4795
linkid: A219BS010658
trafficlightid: C119BS010046
turn_signal_lamp: 1.0