position: 114.963999 116.83100000000013 -0.3050891
orientation: 0.08944702 1.126473 117.6245
enu_velocity: -10.55193 14.50643 0.1580184
velocity: 17.73891 2.623576 0.5027575
angularVelocity: 0.02794041 -0.007083426 0.4764671
acceleration: 0.6412972 2.348376 -0.1744235
accel: 0.3086088
brake: 0.0
steer: 0.5094
linkid: A219BS010658
trafficlightid: C119BS010046
turn_signal_lamp: 1.0