position: 114.87019900000001 117.00500000000011 -0.3043208
orientation: 0.1945801 1.098677 118.721
enu_velocity: -10.8997 14.4256 0.1194305
velocity: 17.88304 2.628114 0.4534892
angularVelocity: 0.04346382 -0.01321407 0.4813095
acceleration: 0.628201 2.544012 -0.3557626
accel: 0.3104887
brake: 0.0
steer: 0.4885
linkid: A219BS010658
trafficlightid: C119BS010046
turn_signal_lamp: 1.0