position: 114.821799 117.09300000000007 -0.3043369
orientation: 0.2601929 1.077407 119.2733
enu_velocity: -11.07196 14.38677 0.09231073
velocity: 17.95855 2.625186 0.4181476
angularVelocity: 0.04914901 -0.01777531 0.481892
acceleration: 0.7421244 2.298559 -0.3768853
accel: 0.3095293
brake: 0.0
steer: 0.5003
linkid: A219BS010658
trafficlightid: C119BS010046
turn_signal_lamp: 1.0