position: 114.772299 117.18000000000006 -0.3046505
orientation: 0.3277588 1.050757 119.8235
enu_velocity: -11.23597 14.35901 0.0644462
velocity: 18.04109 2.60895 0.3804351
angularVelocity: 0.05000253 -0.02172931 0.4793844
acceleration: 0.8199624 2.127628 -0.3845326
accel: 0.3052745
brake: 0.0
steer: 0.4894
linkid: A219BS010658
trafficlightid: C119BS010046
turn_signal_lamp: 1.0