position: 114.563999 117.52600000000007 -0.3085392
orientation: 0.5644226 0.9069407 122.008
enu_velocity: -11.91169 14.21353 -0.05429643
velocity: 18.36491 2.569314 0.2111219
angularVelocity: 0.02270789 -0.03126697 0.4680671
acceleration: 0.8463349 2.004186 -0.2838988
accel: 0.2923941
brake: 0.0
steer: 0.463
linkid: A219BS010658
trafficlightid: C119BS010046
turn_signal_lamp: 1.0