position: 114.50909899999999 117.61300000000006 -0.3099662
orientation: 0.5864258 0.8683105 122.5377
enu_velocity: -12.06813 14.18911 -0.07719395
velocity: 18.45191 2.544166 0.1764254
angularVelocity: 0.008884706 -0.02825161 0.460514
acceleration: 0.8923911 1.990152 -0.3220394
accel: 0.2861507
brake: 0.0
steer: 0.4522
linkid: A219BS010658
trafficlightid: C119BS010046
turn_signal_lamp: 1.0