position: 114.21879899999999 118.04200000000014 -0.3159304
orientation: 0.6183472 0.7676241 125.1066
enu_velocity: -12.8249 14.02433 -0.1308551
velocity: 18.84873 2.427622 0.09548251
angularVelocity: -0.0002394048 0.001058238 0.4364777
acceleration: 0.7004333 1.959163 0.02998119
accel: 0.2546906
brake: 0.0
steer: 0.413
linkid: A219BS010658
trafficlightid: C119BS010046
turn_signal_lamp: 1.0