position: 19.698859 35.28600000000006 -0.2513977
orientation: 1.545959 0.9472165 61.15022
enu_velocity: 19.35453 35.01511 0.01534199
velocity: 40.00243 -0.03881836 0.6780204
angularVelocity: -0.006398625 -0.002247482 -0.0009947203
acceleration: 0.06284185 -0.002583517 -0.000363683
accel: 0.0301314
brake: 0.0
steer: -0.0003
linkid: A219BS010380
trafficlightid: null
turn_signal_lamp: 0.0