position: 114.095799 118.21299999999997 -0.3172231
orientation: 0.6360779 0.769682 126.0936
enu_velocity: -13.10111 13.95127 -0.1138799
velocity: 18.99117 2.369062 0.1149496
angularVelocity: 0.003347564 0.007627187 0.4263819
acceleration: 0.7382275 1.799554 0.1359957
accel: 0.2464426
brake: 0.0
steer: 0.3941
linkid: A219BS010658
trafficlightid: C119BS010046
turn_signal_lamp: 1.0