position: 114.03279900000001 118.298 -0.3177269
orientation: 0.6500244 0.7732884 126.5769
enu_velocity: -13.23215 13.92055 -0.1058505
velocity: 19.06376 2.332488 0.1249947
angularVelocity: 0.007382724 0.007904463 0.4200255
acceleration: 0.7336907 1.688998 0.109436
accel: 0.2372424
brake: 0.0
steer: 0.385
linkid: A219BS010658
trafficlightid: C119BS010046
turn_signal_lamp: 1.0