position: 113.968999 118.38300000000004 -0.3181842
orientation: 0.6674805 0.7766476 127.0526
enu_velocity: -13.35694 13.89166 -0.09579613
velocity: 19.13444 2.291301 0.1368957
angularVelocity: 0.01034127 0.007591198 0.4133525
acceleration: 0.7140112 1.611919 0.1372061
accel: 0.228284
brake: 0.0
steer: 0.3825
linkid: A219BS010658
trafficlightid: C119BS010046
turn_signal_lamp: 1.0