position: 113.636099 118.80300000000011 -0.3192551
orientation: 0.7243347 0.7900547 129.3204
enu_velocity: -13.95197 13.70279 -0.0003112929
velocity: 19.43959 2.113809 0.2410561
angularVelocity: 0.003030619 0.00823002 0.3805004
acceleration: 0.5603462 1.497654 0.3369648
accel: 0.1932617
brake: 0.0
steer: 0.3427
linkid: A219BS010658
trafficlightid: C119BS010046
turn_signal_lamp: 1.0