position: 19.806359 35.480999999999995 -0.2513888
orientation: 1.537994 0.9442705 61.14903
enu_velocity: 19.35608 35.018 0.01599048
velocity: 40.00574 -0.03806686 0.6766374
angularVelocity: -0.007015412 -0.002688422 -0.0009776874
acceleration: 0.0428673 0.001998441 0.01508467
accel: 0.02940601
brake: 0.0
steer: -0.0003
linkid: A219BS010380
trafficlightid: null
turn_signal_lamp: 0.0