position: 113.35499899999999 119.13499999999999 -0.3177761
orientation: 0.7691956 0.8007722 130.9969
enu_velocity: -14.36372 13.54654 0.09278863
velocity: 19.64383 1.958941 0.3410926
angularVelocity: 0.004751261 0.005535805 0.3531232
acceleration: 0.4683329 1.359032 0.2766795
accel: 0.1649548
brake: 0.0
steer: 0.3118
linkid: A219BS010658
trafficlightid: C119BS010046
turn_signal_lamp: 1.0