position: 113.136199 119.38000000000011 -0.3155616
orientation: 0.8035583 0.8055987 132.1665
enu_velocity: -14.63256 13.4364 0.1435611
velocity: 19.77771 1.831646 0.3960264
angularVelocity: 0.006014275 0.006094904 0.330802
acceleration: 0.4169042 1.225426 0.1569645
accel: 0.1425811
brake: 0.0
steer: 0.2903
linkid: A219BS010658
trafficlightid: C119BS010046
turn_signal_lamp: 1.0