position: 113.06189900000001 119.46100000000001 -0.3146805
orientation: 0.816803 0.8071737 132.5394
enu_velocity: -14.71561 13.39933 0.1532801
velocity: 19.81785 1.789401 0.4070366
angularVelocity: 0.007355424 0.005935452 0.3234206
acceleration: 0.3891991 1.193752 0.1123742
accel: 0.1355614
brake: 0.0
steer: 0.2839
linkid: A219BS010658
trafficlightid: C119BS010046
turn_signal_lamp: 1.0