position: 112.83519899999999 119.70299999999997 -0.3119344
orientation: 0.8699951 0.8078323 133.6084
enu_velocity: -14.94219 13.28809 0.1705716
velocity: 19.92315 1.660734 0.4263436
angularVelocity: 0.0139677 0.003185339 0.3017418
acceleration: 0.3162637 1.066514 0.05532001
accel: 0.116607
brake: 0.0
steer: 0.2616
linkid: A219BS010658
trafficlightid: C119BS010046
turn_signal_lamp: 1.0