position: 19.913879 35.674999999999955 -0.2513846
orientation: 1.530243 0.9410672 61.14789
enu_velocity: 19.35735 35.02093 0.01594022
velocity: 40.00896 -0.03713608 0.6743697
angularVelocity: -0.006498468 -0.002839021 -0.0008651226
acceleration: 0.04315401 0.006494184 -0.009800896
accel: 0.02822776
brake: 0.0
steer: -0.0003
linkid: A219BS010380
trafficlightid: null
turn_signal_lamp: 0.0