position: 112.758499 119.78300000000013 -0.3111104
orientation: 0.8960571 0.8034961 133.9485
enu_velocity: -15.01335 13.25223 0.1673971
velocity: 19.95626 1.61865 0.4220296
angularVelocity: 0.02083529 -0.0003140038 0.295188
acceleration: 0.3210242 1.057523 -0.1075924
accel: 0.1093099
brake: 0.0
steer: 0.2558
linkid: A219BS010658
trafficlightid: C119BS010046
turn_signal_lamp: 1.0