position: 112.68119899999999 119.86200000000008 -0.3104561
orientation: 0.9308777 0.7943954 134.2817
enu_velocity: -15.07933 13.21661 0.1593735
velocity: 19.98603 1.574765 0.41098
angularVelocity: 0.02790565 -0.004231391 0.2893931
acceleration: 0.2649378 0.9776065 -0.1275838
accel: 0.1029117
brake: 0.0
steer: 0.2708
linkid: A219BS010658
trafficlightid: C119BS010046
turn_signal_lamp: 1.0