position: 112.44629900000001 120.09900000000016 -0.3088491
orientation: 1.062347 0.7577225 135.2615
enu_velocity: -15.30406 13.03866 0.1519522
velocity: 20.04467 1.517852 0.3889924
angularVelocity: 0.03896033 -0.006488837 0.2842044
acceleration: 0.1375905 1.354313 -0.04770232
accel: 0.09963688
brake: 0.0
steer: 0.2546
linkid: A219BS010658
trafficlightid: C119BS010046
turn_signal_lamp: 1.0