position: 112.28719899999999 120.25600000000009 -0.3080363
orientation: 1.149261 0.7251497 135.9019
enu_velocity: -15.4496 12.92093 0.1500526
velocity: 20.08315 1.479869 0.3746487
angularVelocity: 0.03003437 -0.01045699 0.2762664
acceleration: 0.153227 1.26459 -0.05018652
accel: 0.09320918
brake: 0.0
steer: 0.2699
linkid: A219BS010658
trafficlightid: C119BS010046
turn_signal_lamp: 1.0