position: 112.20679899999999 120.33300000000008 -0.3077387
orientation: 1.184113 0.7052519 136.2174
enu_velocity: -15.53395 12.83959 0.1488685
velocity: 20.09572 1.486376 0.3656113
angularVelocity: 0.02724261 -0.01202161 0.2774979
acceleration: -0.02266049 2.002162 -0.05128526
accel: 0.09051663
brake: 0.0
steer: 0.265
linkid: A219BS010658
trafficlightid: C119BS010046
turn_signal_lamp: 1.0