position: 20.021399000000002 35.87000000000012 -0.2513857
orientation: 1.523651 0.937858 61.14682
enu_velocity: 19.35933 35.02306 0.01496992
velocity: 40.01185 -0.03724098 0.6712002
angularVelocity: -0.005447809 -0.002807909 -0.0008739543
acceleration: 0.03807035 -0.01133724 -0.01276252
accel: 0.02714116
brake: 0.0
steer: -0.0004
linkid: A219BS010380
trafficlightid: null
turn_signal_lamp: 0.0