position: 111.962999 120.5630000000001 -0.3069212
orientation: 1.276154 0.6401812 137.1793
enu_velocity: -15.78766 12.58877 0.1572501
velocity: 20.13366 1.50544 0.3487867
angularVelocity: 0.01805938 -0.01360239 0.2787028
acceleration: 0.1089554 1.472621 0.01880086
accel: 0.09554789
brake: 0.0
steer: 0.2701
linkid: A219BS010658
trafficlightid: C119BS010046
turn_signal_lamp: 1.0