position: 111.88069899999999 120.63900000000012 -0.3066532
orientation: 1.29538 0.6169202 137.4955
enu_velocity: -15.86244 12.52022 0.1605125
velocity: 20.15054 1.495384 0.3437789
angularVelocity: 0.01219851 -0.01433411 0.2753268
acceleration: 0.124591 1.38585 0.006342499
accel: 0.09295694
brake: 0.0
steer: 0.2651
linkid: A219BS010658
trafficlightid: C119BS010046
turn_signal_lamp: 1.0