position: 111.205299 121.23000000000002 -0.3030916
orientation: 1.401398 0.4217579 140.0275
enu_velocity: -16.4732 11.8843 0.212711
velocity: 20.25689 1.483543 0.3256464
angularVelocity: 0.004327033 -0.01288197 0.2707271
acceleration: 0.1446848 1.314028 -0.1467001
accel: 0.08453189
brake: 0.0
steer: 0.2521
linkid: A219BS010658
trafficlightid: C119BS010046
turn_signal_lamp: 1.0