position: 110.67949899999999 121.65599999999995 -0.2999466
orientation: 1.460266 0.3357472 141.8322
enu_velocity: -16.85252 11.48251 0.1160956
velocity: 20.3443 1.392258 0.1998996
angularVelocity: 0.00642446 0.002205594 0.2546497
acceleration: 0.02827275 1.352423 -0.2704225
accel: 0.06358974
brake: 0.0
steer: 0.2314
linkid: A219BS010658
trafficlightid: C119BS010046
turn_signal_lamp: 1.0