position: 110.410999 121.86400000000003 -0.2982626
orientation: 1.489868 0.3419304 142.6924
enu_velocity: -17.01386 11.28358 0.07988737
velocity: 20.37078 1.341904 0.1666258
angularVelocity: 0.006578191 0.01364814 0.2458144
acceleration: 0.03232312 1.087298 -0.07523703
accel: 0.059186
brake: 0.0
steer: 0.2235
linkid: A219BS010658
trafficlightid: C119BS010046
turn_signal_lamp: 1.0