position: 20.236469 36.259000000000015 -0.2513206
orientation: 1.50882 0.9336669 61.14444
enu_velocity: 19.36252 35.02572 0.01744251
velocity: 40.01572 -0.0372715 0.670795
angularVelocity: -0.007713962 -0.001034504 -0.001097301
acceleration: 0.02416964 -0.006009158 0.02945812
accel: 0.02581846
brake: 0.0
steer: -0.0003
linkid: A219BS010380
trafficlightid: null
turn_signal_lamp: 0.0