position: 110.13919899999999 122.06799999999998 -0.2954659
orientation: 1.492279 0.4026894 143.5196
enu_velocity: -17.16742 11.08343 0.06303639
velocity: 20.39233 1.300033 0.1725657
angularVelocity: -0.00498756 0.03100692 0.2358593
acceleration: 0.03440726 1.109463 -0.1342148
accel: 0.05282583
brake: 0.0
steer: 0.2103
linkid: A219BS010658
trafficlightid: C119BS010046
turn_signal_lamp: 1.0