position: 110.047799 122.13499999999999 -0.2942653
orientation: 1.486877 0.4357768 143.7874
enu_velocity: -17.21454 11.02302 0.05544405
velocity: 20.40042 1.281398 0.1774188
angularVelocity: -0.006805863 0.03620387 0.2317843
acceleration: 0.02823389 1.047226 -0.1318017
accel: 0.04944813
brake: 0.0
steer: 0.2095
linkid: A219BS010658
trafficlightid: C119BS010046
turn_signal_lamp: 1.0