position: 109.86409900000001 122.26800000000003 -0.2915627
orientation: 1.473175 0.5175899 144.3103
enu_velocity: -17.30315 10.90119 0.04294764
velocity: 20.41191 1.246208 0.1953744
angularVelocity: -0.008305173 0.04428052 0.2248706
acceleration: -0.02337289 1.060874 -0.07907273
accel: 0.04518628
brake: 0.0
steer: 0.2009
linkid: A219BS010658
trafficlightid: C119BS010046
turn_signal_lamp: 1.0