position: 109.77169900000001 122.33400000000006 -0.2901017
orientation: 1.46463 0.5638322 144.5663
enu_velocity: -17.34476 10.83964 0.04062494
velocity: 20.41529 1.229568 0.2101758
angularVelocity: -0.01005235 0.0465936 0.2214707
acceleration: -0.02479088 1.019287 -0.05123445
accel: 0.04420116
brake: 0.0
steer: 0.1968
linkid: A219BS010658
trafficlightid: C119BS010046
turn_signal_lamp: 1.0