position: 20.344009 36.45399999999995 -0.2512209
orientation: 1.498993 0.9334699 61.14308
enu_velocity: 19.36353 35.02741 0.01920178
velocity: 40.01765 -0.03647232 0.6724187
angularVelocity: -0.008702534 6.377883e-05 -0.001187771
acceleration: 0.03082573 0.003087339 0.01815695
accel: 0.02521629
brake: 0.0
steer: -0.0005
linkid: A219BS010380
trafficlightid: null
turn_signal_lamp: 0.0