position: 108.92859899999999 122.91000000000008 -0.2742445
orientation: 1.523865 0.9943424 146.7093
enu_velocity: -17.63408 10.35681 0.1517569
velocity: 20.41928 1.035007 0.478828
angularVelocity: 0.01836772 0.04128496 0.1936088
acceleration: -0.002539754 0.7913617 0.01532625
accel: 0.03415628
brake: 0.0
steer: 0.1616
linkid: A219BS010391
trafficlightid: C119BS010007
turn_signal_lamp: 1.0