position: 108.45149900000001 123.2170000000001 -0.2675588
orientation: 1.584625 1.10301 147.7537
enu_velocity: -17.76534 10.11549 0.1151876
velocity: 20.41647 0.9372902 0.4825636
angularVelocity: -0.0003473172 0.0123073 0.1719603
acceleration: -0.2368464 0.6636328 -0.1897632
accel: 0.0288215
brake: 0.0
steer: 0.1407
linkid: A219BS010391
trafficlightid: C119BS010007
turn_signal_lamp: 0.0