position: 108.35549900000001 123.27700000000004 -0.2668256
orientation: 1.585083 1.10847 147.947
enu_velocity: -17.78374 10.069 0.1025938
velocity: 20.41059 0.9172707 0.4723425
angularVelocity: -0.003508253 0.008350175 0.1673372
acceleration: -0.01547891 0.6883856 -0.196328
accel: 0.03270944
brake: 0.0
steer: 0.1373
linkid: A219BS010391
trafficlightid: C119BS010007
turn_signal_lamp: 0.0