position: 108.06622899999999 123.45700000000011 -0.2655676
orientation: 1.571411 1.104738 148.499
enu_velocity: -17.83684 9.937906 0.06733686
velocity: 20.39585 0.8589478 0.4372666
angularVelocity: -0.008991025 0.001424768 0.1554211
acceleration: -0.232518 0.5936574 -0.1708065
accel: 0.0298216
brake: 0.0
steer: 0.1241
linkid: A219BS010391
trafficlightid: C119BS010007
turn_signal_lamp: 0.0