position: 107.969469 123.51600000000008 -0.2653608
orientation: 1.562561 1.100064 148.6716
enu_velocity: -17.8551 9.910986 0.0571775
velocity: 20.40014 0.8295965 0.4264503
angularVelocity: -0.01102058 -0.0003733309 0.1493003
acceleration: 0.03351307 0.4612293 -0.1492707
accel: 0.02317424
brake: 0.0
steer: 0.1209
linkid: A219BS010391
trafficlightid: C119BS010007
turn_signal_lamp: 0.0