position: 107.77544900000001 123.63300000000004 -0.2652108
orientation: 1.540375 1.087482 149.0001
enu_velocity: -17.87355 9.839945 0.03191646
velocity: 20.38429 0.7820253 0.3979871
angularVelocity: -0.01336711 -0.003062405 0.1400445
acceleration: -0.1839864 0.5057786 -0.2931586
accel: 0.02727531
brake: 0.0
steer: 0.1111
linkid: A219BS010391
trafficlightid: C119BS010007
turn_signal_lamp: 0.0