position: 107.67821900000001 123.69100000000003 -0.2654439
orientation: 1.529663 1.075628 149.1575
enu_velocity: -17.89678 9.810244 0.009205922
velocity: 20.39157 0.7626429 0.3718428
angularVelocity: -0.01147712 -0.007802065 0.136742
acceleration: 0.07208014 0.5009959 -0.3296582
accel: 0.01898944
brake: 0.0
steer: 0.108
linkid: A219BS010391
trafficlightid: C119BS010007
turn_signal_lamp: 0.0