position: 106.601979 124.31400000000008 -0.2725934
orientation: 1.442383 0.9362587 150.5592
enu_velocity: -17.94624 9.557873 -0.05614286
velocity: 20.32487 0.5041914 0.2633958
angularVelocity: -0.00957547 0.003220079 0.09065525
acceleration: 0.07262531 0.2690206 0.09233344
accel: 0.01792184
brake: 0.0
steer: 0.0724
linkid: A219BS010391
trafficlightid: C119BS010007
turn_signal_lamp: 0.0