position: 20.666569000000003 37.037000000000035 -0.2508134
orientation: 1.476593 0.9393491 61.13889
enu_velocity: 19.35406 35.00241 0.01322476
velocity: 39.99124 -0.03764153 0.6701233
angularVelocity: -0.006384189 0.003352908 -0.001420022
acceleration: -0.02044672 -0.02786803 -0.007206706
accel: 0.04268834
brake: 0.0
steer: -0.0006
linkid: A219BS010380
trafficlightid: null
turn_signal_lamp: 0.0