position: 106.40522899999999 124.42399999999998 -0.2729012
orientation: 1.428467 0.9434421 150.759
enu_velocity: -17.94031 9.512907 -0.03766405
velocity: 20.299 0.4700985 0.2849775
angularVelocity: -0.00609634 0.006265196 0.08514614
acceleration: -0.1792642 0.2572972 0.1311789
accel: 0.02801618
brake: 0.0
steer: 0.0638
linkid: A219BS010391
trafficlightid: C119BS010007
turn_signal_lamp: 0.0