position: 106.01102900000001 124.64300000000003 -0.2727467
orientation: 1.411255 0.9596859 151.1105
enu_velocity: -17.93889 9.462498 0.006995628
velocity: 20.27503 0.3901806 0.3371214
angularVelocity: -0.003627618 0.004618069 0.07147772
acceleration: 0.04931417 0.2207777 0.1513576
accel: 0.03066084
brake: 0.0
steer: 0.0521
linkid: A219BS010391
trafficlightid: C119BS010007
turn_signal_lamp: 0.0