position: 105.912349 124.69700000000012 -0.2726141
orientation: 1.409271 0.9614612 151.1909
enu_velocity: -17.95264 9.451707 0.01802213
velocity: 20.2822 0.3780928 0.3492121
angularVelocity: -0.00264366 0.002881323 0.0696397
acceleration: 0.0791388 0.230785 0.1439549
accel: 0.01904284
brake: 0.0
steer: 0.0504
linkid: A219BS010391
trafficlightid: C119BS010007
turn_signal_lamp: 0.0