position: 105.714879 124.80600000000004 -0.2722296
orientation: 1.401215 0.9633955 151.3346
enu_velocity: -17.93213 9.437168 0.036864
velocity: 20.25776 0.3305445 0.3695514
angularVelocity: -0.004265854 0.002041562 0.06060475
acceleration: -0.1675732 0.1481098 0.1179166
accel: 0.02816694
brake: 0.0
steer: 0.0475
linkid: A219BS010391
trafficlightid: C119BS010007
turn_signal_lamp: 0.0