position: 20.774069 37.23199999999997 -0.2506341
orientation: 1.468903 0.9433372 61.13724
enu_velocity: 19.35859 35.00739 0.01321416
velocity: 39.99773 -0.03806114 0.6730084
angularVelocity: -0.006716922 0.003460738 -0.001560053
acceleration: 0.1039761 -0.01952025 0.006671734
accel: 0.03270284
brake: 0.0
steer: -0.0006
linkid: A219BS010380
trafficlightid: null
turn_signal_lamp: 0.0