position: 105.41836900000001 124.9670000000001 -0.2714908
orientation: 1.393616 0.9593556 151.5302
enu_velocity: -17.93055 9.41479 0.05968742
velocity: 20.24633 0.2807779 0.3920175
angularVelocity: -0.004376651 6.83316e-05 0.05147517
acceleration: -0.1779372 -0.3263128 0.0844431
accel: 0.0262816
brake: 0.0
steer: 0.0385
linkid: A219BS010391
trafficlightid: C119BS010007
turn_signal_lamp: 0.0