position: 105.121589 125.12800000000016 -0.27053
orientation: 1.387421 0.9530558 151.6952
enu_velocity: -17.9366 9.378585 0.07217145
velocity: 20.23502 0.2574329 0.402686
angularVelocity: 0.001079732 -0.0007078522 0.04903449
acceleration: -0.190594 0.3432696 0.02518489
accel: 0.02429305
brake: 0.0
steer: 0.0354
linkid: A219BS010391
trafficlightid: C119BS010007
turn_signal_lamp: 0.0