position: 105.02268900000001 125.18100000000004 -0.2701615
orientation: 1.388214 0.9517233 151.7466
enu_velocity: -17.91608 9.374298 0.07280578
velocity: 20.21514 0.2333202 0.4031001
angularVelocity: -5.186896e-05 -8.944441e-05 0.04418851
acceleration: -0.1567894 0.008748494 0.001325795
accel: 0.03592395
brake: 0.0
steer: 0.0344
linkid: A219BS010391
trafficlightid: C119BS010007
turn_signal_lamp: 0.0