position: 104.72577899999999 125.34000000000015 -0.2691588
orientation: 1.396912 0.9444254 151.8899
enu_velocity: -17.9185 9.349373 0.07050232
velocity: 20.20611 0.2058277 0.3987069
angularVelocity: 0.003230906 -0.0007937597 0.04024648
acceleration: -0.1870175 0.1130643 -0.02760781
accel: 0.02800253
brake: 0.0
steer: 0.0261
linkid: A219BS010391
trafficlightid: C119BS010007
turn_signal_lamp: 0.0