position: 104.62675899999999 125.394 -0.2688443
orientation: 1.40213 0.9418136 151.9352
enu_velocity: -17.927 9.343578 0.06864046
velocity: 20.21109 0.1989574 0.3961548
angularVelocity: 0.004093566 -0.001473928 0.03929216
acceleration: 0.07104956 0.1267591 -0.02986766
accel: 0.02168791
brake: 0.0
steer: 0.0252
linkid: A219BS010391
trafficlightid: C119BS010007
turn_signal_lamp: 0.0