position: 104.329679 125.55200000000013 -0.2680213
orientation: 1.405823 0.9343943 152.042
enu_velocity: -17.8984 9.34327 0.05195327
velocity: 20.18633 0.1476908 0.3776835
angularVelocity: -0.0008911379 -0.002470012 0.02919713
acceleration: 0.09011813 0.1044521 -0.1407853
accel: 0.0315181
brake: 0.0
steer: 0.0233
linkid: A219BS010391
trafficlightid: C119BS010007
turn_signal_lamp: 0.0