position: 104.032419 125.71000000000004 -0.2680112
orientation: 1.388245 0.9135529 152.1278
enu_velocity: -17.89163 9.344872 0.02093697
velocity: 20.1819 0.1118202 0.3401481
angularVelocity: -0.009736919 -0.006983861 0.0205277
acceleration: 0.08485253 0.00299374 -0.1417759
accel: 0.02879005
brake: 0.0
steer: 0.0162
linkid: A219BS010391
trafficlightid: C119BS010007
turn_signal_lamp: 0.0