position: 103.933269 125.76199999999994 -0.2681952
orientation: 1.376892 0.9037418 152.1502
enu_velocity: -17.89884 9.343852 0.01182055
velocity: 20.18804 0.107831 0.3277835
angularVelocity: -0.01024833 -0.008381395 0.0195126
acceleration: 0.07969034 0.06982081 -0.1193357
accel: 0.01839952
brake: 0.0
steer: 0.0158
linkid: A219BS010391
trafficlightid: C119BS010007
turn_signal_lamp: 0.0