position: 103.53694899999999 125.97199999999998 -0.2686971
orientation: 1.344452 0.8786072 152.2219
enu_velocity: -17.8698 9.352551 0.00802839
velocity: 20.16672 0.06087303 0.3159606
angularVelocity: -0.006495229 -0.003861725 0.01140352
acceleration: 0.0536657 -0.04501644 0.02762608
accel: 0.02050163
brake: 0.0
steer: 0.0092
linkid: A219BS010391
trafficlightid: C119BS010007
turn_signal_lamp: 0.0