position: 20.989139 37.621000000000095 -0.2502983
orientation: 1.456329 0.9510216 61.1338
enu_velocity: 19.36546 35.01378 0.01032239
velocity: 40.0066 -0.03868294 0.675634
angularVelocity: -0.004407948 0.003132263 -0.001588718
acceleration: 0.04804012 -0.02872376 -0.02607149
accel: 0.02898815
brake: 0.0
steer: -0.0007
linkid: A219BS010380
trafficlightid: null
turn_signal_lamp: 0.0