position: 103.33883900000001 126.07600000000002 -0.2687134
orientation: 1.335602 0.8731917 152.2467
enu_velocity: -17.85419 9.345475 0.01405755
velocity: 20.14957 0.05116177 0.3200582
angularVelocity: -0.002638792 -0.001558171 0.010671
acceleration: 0.06897768 -0.000288168 0.05094385
accel: 0.0316162
brake: 0.0
steer: 0.0039
linkid: A219BS010391
trafficlightid: C119BS010007
turn_signal_lamp: 0.0