position: 103.23975899999999 126.12900000000013 -0.2686799
orientation: 1.332733 0.8710125 152.2566
enu_velocity: -17.85207 9.362792 0.01717394
velocity: 20.15573 0.03142643 0.3229641
angularVelocity: -0.00356557 -0.001778455 0.006684558
acceleration: 0.09155375 -0.4658663 0.04994714
accel: 0.02152275
brake: 0.0
steer: 0.0037
linkid: A219BS010391
trafficlightid: C119BS010007
turn_signal_lamp: 0.0