position: 103.140729 126.18100000000004 -0.268607
orientation: 1.328796 0.8696333 152.2623
enu_velocity: -17.83622 9.366596 0.02063541
velocity: 20.14343 0.01874065 0.3260507
angularVelocity: -0.003254855 -0.0008783882 0.004657128
acceleration: -0.1699481 -0.09622177 0.04908086
accel: 0.02749808
brake: 0.0
steer: 0.0036
linkid: A219BS010391
trafficlightid: C119BS010007
turn_signal_lamp: 0.0