position: 103.041729 126.23299999999995 -0.2684979
orientation: 1.326691 0.8689649 152.2672
enu_velocity: -17.83147 9.368114 0.02354827
velocity: 20.13989 0.01351738 0.3287971
angularVelocity: -0.001449582 -0.0005635924 0.004162271
acceleration: 0.07720239 -0.04396236 0.04150834
accel: 0.03147146
brake: 0.0
steer: 0.0035
linkid: A219BS010391
trafficlightid: C119BS010007
turn_signal_lamp: 0.0