position: 102.942699 126.28500000000008 -0.2683824
orientation: 1.326538 0.867955 152.2718
enu_velocity: -17.83638 9.372883 0.02636782
velocity: 20.14642 0.01001167 0.3314428
angularVelocity: 0.0001634527 -0.0008579574 0.003992908
acceleration: 0.09674534 -0.03176428 0.04281281
accel: 0.02154106
brake: 0.0
steer: -0.001
linkid: A219BS010391
trafficlightid: C119BS010007
turn_signal_lamp: 0.0