position: 102.546839 126.49400000000014 -0.2677331
orientation: 1.332123 0.8670443 152.2727
enu_velocity: -17.8019 9.394577 0.03238712
velocity: 20.12591 -0.02539253 0.3376567
angularVelocity: 0.003013536 -0.0001001345 -0.0015849
acceleration: -0.16626 -0.04791038 0.01223578
accel: 0.02740171
brake: 0.0
steer: -0.001
linkid: A219BS010391
trafficlightid: C119BS010007
turn_signal_lamp: 0.0