position: 21.096699 37.81600000000003 -0.2501575
orientation: 1.451202 0.9545338 61.13202
enu_velocity: 19.36866 35.01546 0.008055289
velocity: 40.00963 -0.03948402 0.6758854
angularVelocity: -0.004645285 0.003038933 -0.001653095
acceleration: 0.04077591 -0.02740611 -0.02342085
accel: 0.02790796
brake: 0.0
steer: -0.0006
linkid: A219BS010380
trafficlightid: null
turn_signal_lamp: 0.0