position: 102.151309 126.702 -0.2670245
orientation: 1.347626 0.8659627 152.2539
enu_velocity: -17.77583 9.418786 0.03324024
velocity: 20.11411 -0.05225563 0.3385925
angularVelocity: 0.003283131 -0.0003188429 -0.00612809
acceleration: 0.07741243 -0.05331784 0.002823393
accel: 0.03124864
brake: 0.0
steer: -0.0048
linkid: A219BS010391
trafficlightid: C119BS010007
turn_signal_lamp: 0.0