position: 102.052449 126.75400000000013 -0.2668526
orientation: 1.351776 0.8653976 152.2469
enu_velocity: -17.78012 9.424663 0.03382461
velocity: 20.12065 -0.05295849 0.3390983
angularVelocity: 0.003841726 -0.0007372499 -0.006088135
acceleration: 0.09635204 -0.04059182 0.01140391
accel: 0.02138445
brake: 0.0
steer: -0.0084
linkid: A219BS010391
trafficlightid: C119BS010007
turn_signal_lamp: 0.0