position: 101.95363900000001 126.80600000000004 -0.2666607
orientation: 1.356293 0.865463 152.24
enu_velocity: -17.7682 9.421493 0.03438044
velocity: 20.10862 -0.05324268 0.3395071
angularVelocity: 0.004040815 0.0001131139 -0.00602428
acceleration: -0.168473 -0.03819147 0.006847221
accel: 0.02749914
brake: 0.0
steer: -0.0084
linkid: A219BS010391
trafficlightid: C119BS010007
turn_signal_lamp: 0.0