position: 101.854849 126.85799999999995 -0.2664534
orientation: 1.358307 0.866104 152.2294
enu_velocity: -17.75542 9.437974 0.03421204
velocity: 20.105 -0.07002735 0.3399092
angularVelocity: 0.001600027 0.0002057689 -0.009761815
acceleration: 0.07600503 -0.1857134 0.004141216
accel: 0.03198215
brake: 0.0
steer: -0.0082
linkid: A219BS010391
trafficlightid: C119BS010007
turn_signal_lamp: 0.0