position: 101.55860899999999 127.0150000000001 -0.2658381
orientation: 1.363831 0.867781 152.1953
enu_velocity: -17.74209 9.44548 0.03415285
velocity: 20.09675 -0.07090187 0.340342
angularVelocity: 0.001835179 0.0005189281 -0.00958563
acceleration: 0.0814199 -0.03947211 0.002109984
accel: 0.03261266
brake: 0.0
steer: -0.0107
linkid: A219BS010391
trafficlightid: C119BS010007
turn_signal_lamp: 0.0