position: 101.361189 127.11900000000014 -0.2654091
orientation: 1.36261 0.8695389 152.1685
enu_velocity: -17.72697 9.463307 0.03458421
velocity: 20.09172 -0.08430099 0.3416312
angularVelocity: -0.001435303 0.0009640869 -0.01282207
acceleration: -0.1665438 -0.09310043 0.004507313
accel: 0.0292575
brake: 0.0
steer: -0.0102
linkid: A219BS010391
trafficlightid: C119BS010007
turn_signal_lamp: 0.0