position: 100.966689 127.32899999999995 -0.2644708
orientation: 1.353485 0.8748847 152.1092
enu_velocity: -17.70253 9.482528 0.0371087
velocity: 20.07912 -0.09187889 0.3460041
angularVelocity: -0.003101816 0.001560623 -0.01470151
acceleration: -0.1761729 -0.15487 0.01931683
accel: 0.03106737
brake: 0.0
steer: -0.0118
linkid: A219BS010391
trafficlightid: C119BS010007
turn_signal_lamp: 0.0