position: 100.86811900000001 127.38100000000009 -0.264207
orientation: 1.349915 0.8768021 152.0924
enu_velocity: -17.70479 9.490954 0.03869708
velocity: 20.08506 -0.09233475 0.3483608
angularVelocity: -0.002791316 0.001247977 -0.01468652
acceleration: 0.08748618 -0.08070821 0.02613165
accel: 0.02530315
brake: 0.0
steer: -0.0115
linkid: A219BS010391
trafficlightid: C119BS010007
turn_signal_lamp: 0.0