position: 100.76953900000001 127.43299999999999 -0.2639428
orientation: 1.346985 0.8783903 152.0759
enu_velocity: -17.70741 9.497874 0.0403937
velocity: 20.09061 -0.09139252 0.350673
angularVelocity: -0.002193695 0.001034974 -0.0143645
acceleration: 0.05518281 -0.06879395 0.02810595
accel: 0.02128172
brake: 0.0
steer: -0.0112
linkid: A219BS010391
trafficlightid: C119BS010007
turn_signal_lamp: 0.0