position: 100.57255900000001 127.53800000000001 -0.2633294
orientation: 1.34259 0.8837551 152.0432
enu_velocity: -17.68536 9.505166 0.04334936
velocity: 20.07453 -0.09663963 0.3553792
angularVelocity: -0.002262034 0.002136324 -0.01544211
acceleration: 0.0754289 -0.293667 0.02322851
accel: 0.03347447
brake: 0.0
steer: -0.013
linkid: A219BS010391
trafficlightid: C119BS010007
turn_signal_lamp: 0.0