position: 21.311849000000002 38.205000000000155 -0.2498878
orientation: 1.43927 0.9619534 61.12822
enu_velocity: 19.3735 35.01841 0.005833784
velocity: 40.01449 -0.039711 0.6789227
angularVelocity: -0.005031249 0.003273948 -0.001733007
acceleration: 0.03389585 -0.01497582 -0.01277283
accel: 0.02617835
brake: 0.0
steer: -0.0007
linkid: A219BS010380
trafficlightid: null
turn_signal_lamp: 0.0