position: 100.375599 127.64300000000003 -0.2627318
orientation: 1.338348 0.8878423 152.0071
enu_velocity: -17.68083 9.520988 0.04358328
velocity: 20.07799 -0.1000614 0.3571718
angularVelocity: -0.0007047002 0.00120566 -0.01558924
acceleration: -0.1613952 -0.08041518 -0.01363041
accel: 0.02111786
brake: 0.0
steer: -0.0123
linkid: A219BS010391
trafficlightid: C119BS010007
turn_signal_lamp: 0.0