position: 100.277199 127.69600000000014 -0.2624442
orientation: 1.338226 0.8897418 151.9897
enu_velocity: -17.66771 9.519841 0.04231419
velocity: 20.0659 -0.09912491 0.3563584
angularVelocity: 0.0004089599 0.001324636 -0.01511982
acceleration: -0.1693952 -0.06961289 -0.01987334
accel: 0.03113498
brake: 0.0
steer: -0.014
linkid: A219BS010391
trafficlightid: C119BS010007
turn_signal_lamp: 0.0