position: 100.08042900000001 127.80100000000016 -0.2619753
orientation: 1.338409 0.8904828 151.9539
enu_velocity: -17.66954 9.543094 0.0390931
velocity: 20.07856 -0.1063147 0.3537607
angularVelocity: -0.0002406827 -0.0007295007 -0.01650769
acceleration: 0.06338364 -0.1410989 -0.02010564
accel: 0.02157741
brake: 0.0
steer: -0.0133
linkid: A219BS010391
trafficlightid: C119BS010007
turn_signal_lamp: 0.0