position: 99.88378900000001 127.90599999999995 -0.2615655
orientation: 1.337585 0.8904411 151.9166
enu_velocity: -17.65144 9.545778 0.03567708
velocity: 20.06397 -0.1042318 0.3500517
angularVelocity: -1.505404e-05 -0.0006024984 -0.01595253
acceleration: 0.08744778 -0.06182976 -0.01996866
accel: 0.03336227
brake: 0.0
steer: -0.0125
linkid: A219BS010391
trafficlightid: C119BS010007
turn_signal_lamp: 0.0