position: 99.78548900000001 127.95800000000008 -0.2614034
orientation: 1.337158 0.8893833 151.8987
enu_velocity: -17.6562 9.552552 0.03380758
velocity: 20.07144 -0.1017361 0.3478677
angularVelocity: -0.0001964694 -0.001498062 -0.01549605
acceleration: 0.1086912 -0.0502165 -0.02151882
accel: 0.02359103
brake: 0.0
steer: -0.0141
linkid: A219BS010391
trafficlightid: C119BS010007
turn_signal_lamp: 0.0