position: 99.68718899999999 128.01099999999997 -0.2612611
orientation: 1.335968 0.8880196 151.8804
enu_velocity: -17.6484 9.560018 0.03157956
velocity: 20.06815 -0.1056633 0.3451993
angularVelocity: -0.001329207 -0.001366334 -0.01657441
acceleration: -0.1607034 -0.2416351 -0.02912226
accel: 0.02124269
brake: 0.0
steer: -0.0138
linkid: A219BS010391
trafficlightid: C119BS010007
turn_signal_lamp: 0.0