position: 99.58895899999999 128.06400000000008 -0.261111
orientation: 1.333862 0.8874631 151.8611
enu_velocity: -17.63437 9.561186 0.02911568
velocity: 20.05641 -0.1066303 0.3423757
angularVelocity: -0.001562075 -0.0007305996 -0.01678816
acceleration: -0.1643763 -0.08557667 -0.03301934
accel: 0.03109682
brake: 0.0
steer: -0.0134
linkid: A219BS010391
trafficlightid: C119BS010007
turn_signal_lamp: 0.0