position: 99.39249899999999 128.1690000000001 -0.260884
orientation: 1.330597 0.8849421 151.8235
enu_velocity: -17.64113 9.576106 0.02499711
velocity: 20.06956 -0.1035376 0.3374975
angularVelocity: -0.0008595583 -0.001801978 -0.01607285
acceleration: 0.06582739 -0.06122001 -0.02317451
accel: 0.02127857
brake: 0.0
steer: -0.0142
linkid: A219BS010391
trafficlightid: C119BS010007
turn_signal_lamp: 0.0