position: 99.294309 128.22199999999998 -0.2607751
orientation: 1.329681 0.8840733 151.8055
enu_velocity: -17.629 9.573828 0.02341645
velocity: 20.05787 -0.1010208 0.335371
angularVelocity: -0.0004676821 -0.0008940583 -0.01548492
acceleration: -0.1644906 -0.04770699 -0.02103826
accel: 0.02885183
brake: 0.0
steer: -0.0139
linkid: A219BS010391
trafficlightid: C119BS010007
turn_signal_lamp: 0.0