position: 99.196179 128.2750000000001 -0.2606603
orientation: 1.327789 0.883788 151.7863
enu_velocity: -17.62055 9.583553 0.0216276
velocity: 20.05507 -0.1069307 0.3335718
angularVelocity: -0.001531065 -0.0007570615 -0.01686628
acceleration: 0.08767423 -0.1336953 -0.01752635
accel: 0.03313616
brake: 0.0
steer: -0.0135
linkid: A219BS010391
trafficlightid: C119BS010007
turn_signal_lamp: 0.0