position: 99.098029 128.32799999999997 -0.2605673
orientation: 1.325958 0.8830292 151.7672
enu_velocity: -17.62473 9.592455 0.01982147
velocity: 20.06305 -0.1061335 0.3316
angularVelocity: -0.001192198 -0.001104527 -0.01664788
acceleration: 0.1184414 -0.07482325 -0.02795593
accel: 0.02317927
brake: 0.0
steer: -0.0131
linkid: A219BS010391
trafficlightid: C119BS010007
turn_signal_lamp: 0.0