position: 98.80375900000001 128.4860000000001 -0.2602546
orientation: 1.322662 0.8853036 151.712
enu_velocity: -17.60972 9.605309 0.01151006
velocity: 20.05613 -0.1054535 0.3239532
angularVelocity: -0.001018089 0.0008802332 -0.01651376
acceleration: 0.1014415 -0.2066988 -0.03607743
accel: 0.02422225
brake: 0.0
steer: -0.0136
linkid: A219BS010391
trafficlightid: C119BS010007
turn_signal_lamp: 0.0