position: 21.527059 38.59400000000005 -0.2496902
orientation: 1.431976 0.9684591 61.1244
enu_velocity: 19.37906 35.02039 -0.0006829025
velocity: 40.01896 -0.04107857 0.6770516
angularVelocity: -0.002093705 0.002630994 -0.001689921
acceleration: 0.03967843 -0.02829915 -0.06695729
accel: 0.02460333
brake: 0.0
steer: -0.0007
linkid: A219BS010380
trafficlightid: null
turn_signal_lamp: 0.0