position: 98.31379899999999 128.75099999999998 -0.2596136
orientation: 1.313324 0.9045293 151.6205
enu_velocity: -17.58178 9.620652 -0.0008887684
velocity: 20.03908 -0.1003857 0.317879
angularVelocity: -0.002933965 0.004963775 -0.01585556
acceleration: -0.1564658 -0.07633719 -0.03431774
accel: 0.03063743
brake: 0.0
steer: -0.0126
linkid: A219BS010391
trafficlightid: C119BS010007
turn_signal_lamp: 0.0