position: 98.215879 128.8040000000001 -0.2594689
orientation: 1.30896 0.9104719 151.6027
enu_velocity: -17.58655 9.627246 -0.002961131
velocity: 20.04645 -0.09771347 0.3179332
angularVelocity: -0.003770001 0.004791428 -0.01553194
acceleration: 0.1065568 -0.04358689 -0.02475635
accel: 0.0
brake: 0.1521532
steer: -0.0123
linkid: A219BS010391
trafficlightid: C119BS010007
turn_signal_lamp: 0.0