position: 98.11858900000001 128.85699999999997 -0.259089
orientation: 1.302307 0.9257151 151.5862
enu_velocity: -17.42692 9.55181 -0.005418191
velocity: 19.87016 -0.1015625 0.3180372
angularVelocity: -0.006059801 0.016156 -0.01451507
acceleration: -2.868585 -0.122573 -0.08082162
accel: 0.0
brake: 0.1966687
steer: -0.012
linkid: A219BS010391
trafficlightid: C119BS010007
turn_signal_lamp: 0.0