position: 98.02257900000001 128.9090000000001 -0.258306
orientation: 1.294189 0.9568784 151.5712
enu_velocity: -17.18362 9.427423 -0.009850983
velocity: 19.59695 -0.1028061 0.3198639
angularVelocity: -0.007049415 0.03028881 -0.01345256
acceleration: -3.907916 -0.08371675 -0.1331102
accel: 0.0
brake: 0.2117288
steer: -0.0125
linkid: A219BS010391
trafficlightid: C119BS010007
turn_signal_lamp: 0.0