position: 97.834969 129.01199999999994 -0.2558327
orientation: 1.278137 1.058657 151.5444
enu_velocity: -16.64099 9.146089 -0.02993499
velocity: 18.98575 -0.1048632 0.32332
angularVelocity: -0.006565087 0.05119535 -0.01233472
acceleration: -4.488279 -0.07618809 -0.2470932
accel: 0.0
brake: 0.2489769
steer: -0.0123
linkid: A219BS010391
trafficlightid: C119BS010007
turn_signal_lamp: 0.0