position: 97.65394900000001 129.11000000000013 -0.2527199
orientation: 1.264496 1.194806 151.5204
enu_velocity: -16.0213 8.82018 -0.05690129
velocity: 18.2856 -0.1059575 0.3268744
angularVelocity: -0.005185887 0.06270315 -0.01138736
acceleration: -5.019016 -0.06294608 -0.3009615
accel: 0.0
brake: 0.2670372
steer: -0.0124
linkid: A219BS010391
trafficlightid: C119BS010007
turn_signal_lamp: 0.0