position: 97.56612899999999 129.1590000000001 -0.2511195
orientation: 1.258606 1.268911 151.5094
enu_velocity: -15.69502 8.647534 -0.0709504
velocity: 17.91645 -0.1063318 0.3283019
angularVelocity: -0.004910849 0.06482404 -0.01097704
acceleration: -5.152757 -0.05983233 -0.3075184
accel: 0.0
brake: 0.2729042
steer: -0.0124
linkid: A219BS010391
trafficlightid: C119BS010007
turn_signal_lamp: 0.0