position: 97.48013900000001 129.20600000000013 -0.2495837
orientation: 1.25296 1.343505 151.4987
enu_velocity: -15.36197 8.471071 -0.08485615
velocity: 17.53957 -0.1068645 0.3288894
angularVelocity: -0.004640162 0.06473623 -0.01063686
acceleration: -5.25141 -0.05801177 -0.3126523
accel: 0.0
brake: 0.2773978
steer: -0.0119
linkid: A219BS010391
trafficlightid: C119BS010007
turn_signal_lamp: 0.0