position: 97.396039 129.25199999999995 -0.2481642
orientation: 1.24762 1.416458 151.4885
enu_velocity: -15.02435 8.291074 -0.09758861
velocity: 17.15701 -0.1067405 0.3290232
angularVelocity: -0.004340939 0.06289667 -0.01018544
acceleration: -5.324629 -0.04083061 -0.3034919
accel: 0.0
brake: 0.2808752
steer: -0.0118
linkid: A219BS010391
trafficlightid: C119BS010007
turn_signal_lamp: 0.0