position: 97.233509 129.34100000000012 -0.2458026
orientation: 1.238708 1.550997 151.4696
enu_velocity: -14.33963 7.923467 -0.1164365
velocity: 16.37987 -0.1052094 0.3293836
angularVelocity: -0.003232695 0.05536189 -0.009097197
acceleration: -5.422593 -0.03122425 -0.24926
accel: 0.0
brake: 0.2855759
steer: -0.0121
linkid: A219BS010391
trafficlightid: C119BS010007
turn_signal_lamp: 0.0