position: 97.078699 129.42600000000016 -0.2441625
orientation: 1.232513 1.663691 151.4522
enu_velocity: -13.64682 7.551483 -0.1250989
velocity: 15.59347 -0.1045871 0.3300875
angularVelocity: -0.00197136 0.04496931 -0.008480022
acceleration: -5.479329 -0.03334785 -0.1944818
accel: 0.0
brake: 0.2886928
steer: -0.012
linkid: A219BS010391
trafficlightid: C119BS010007
turn_signal_lamp: 0.0