position: 97.004199 129.4670000000001 -0.2436073
orientation: 1.230652 1.710692 151.4436
enu_velocity: -13.29707 7.36343 -0.1254057
velocity: 15.19631 -0.10425 0.3307079
angularVelocity: -0.001216609 0.03949492 -0.008360006
acceleration: -5.526069 -0.03018618 -0.1578647
accel: 0.0
brake: 0.2894208
steer: -0.0114
linkid: A219BS010391
trafficlightid: C119BS010007
turn_signal_lamp: 0.0