position: 21.742238999999998 38.98299999999995 -0.2494845
orientation: 1.434784 0.9805381 61.12077
enu_velocity: 19.37224 34.99448 -0.01695719
velocity: 39.99311 -0.04526138 0.6688769
angularVelocity: 0.003451309 0.006435868 -0.001770969
acceleration: -0.0005056076 -0.05715594 -0.1246058
accel: 0.04158359
brake: 0.0
steer: -0.0007
linkid: A219BS010380
trafficlightid: null
turn_signal_lamp: 0.0