position: 96.72568899999999 129.6210000000001 -0.2426688
orientation: 1.235931 1.846313 151.4146
enu_velocity: -11.90573 6.597343 -0.1182959
velocity: 13.60785 -0.08970499 0.3223068
angularVelocity: 0.003483949 0.02410888 -0.004596077
acceleration: -5.540369 0.04185367 -0.1684214
accel: 0.0
brake: 0.2926026
steer: -0.0117
linkid: A219BS010391
trafficlightid: C119BS010007
turn_signal_lamp: 0.0