position: 96.660909 129.65599999999995 -0.2426278
orientation: 1.238708 1.872454 151.4099
enu_velocity: -11.5571 6.412107 -0.1178454
velocity: 13.21314 -0.09289598 0.3161395
angularVelocity: 0.002377877 0.02231771 -0.004462908
acceleration: -5.482376 -0.0345161 -0.1694279
accel: 0.0
brake: 0.2939728
steer: -0.0112
linkid: A219BS010391
trafficlightid: C119BS010007
turn_signal_lamp: 0.0