position: 96.598059 129.69100000000003 -0.2426325
orientation: 1.241089 1.896827 151.405
enu_velocity: -11.21397 6.225885 -0.117693
velocity: 12.82281 -0.09263182 0.308987
angularVelocity: 0.002151508 0.0208664 -0.004721789
acceleration: -5.43379 -0.001248837 -0.1776046
accel: 0.0
brake: 0.2967258
steer: -0.011
linkid: A219BS010391
trafficlightid: C119BS010007
turn_signal_lamp: 0.0