position: 96.47811899999999 129.75800000000004 -0.2427044
orientation: 1.245728 1.943066 151.3967
enu_velocity: -10.52146 5.843055 -0.1175701
velocity: 12.03176 -0.08652496 0.2925007
angularVelocity: 0.001974594 0.01976714 -0.003805452
acceleration: -5.518606 0.01638627 -0.1977492
accel: 0.0
brake: 0.2984709
steer: -0.0109
linkid: A219BS010391
trafficlightid: C119BS010007
turn_signal_lamp: 0.0