position: 96.26158899999999 129.87800000000016 -0.2429565
orientation: 1.253021 2.032022 151.3842
enu_velocity: -9.117865 5.0732 -0.11676
velocity: 10.43143 -0.08109808 0.2551118
angularVelocity: 0.002737362 0.01893222 -0.002596348
acceleration: -5.573777 0.05154848 -0.1798745
accel: 0.0
brake: 0.2989993
steer: -0.0107
linkid: A219BS010391
trafficlightid: C119BS010007
turn_signal_lamp: 0.0