position: 96.16507899999999 129.93100000000004 -0.2430979
orientation: 1.261139 2.073907 151.3801
enu_velocity: -8.411997 4.685035 -0.110459
velocity: 9.626 -0.0780139 0.2398234
angularVelocity: 0.003882693 0.01782134 -0.001959543
acceleration: -5.62542 0.01104665 -0.1489526
accel: 0.0
brake: 0.2981632
steer: -0.0108
linkid: A219BS010391
trafficlightid: C119BS010007
turn_signal_lamp: 0.0