position: 96.119709 129.95600000000013 -0.2431591
orientation: 1.269318 2.093878 151.3751
enu_velocity: -8.063292 4.478874 -0.1056036
velocity: 9.221165 -0.06339765 0.2329254
angularVelocity: 0.007590169 0.01713756 -0.005009797
acceleration: -5.616144 0.1083977 -0.1408544
accel: 0.0
brake: 0.296953
steer: -0.0106
linkid: A219BS010391
trafficlightid: C119BS010007
turn_signal_lamp: 0.0