position: 96.076289 129.98000000000002 -0.2432185
orientation: 1.277161 2.112834 151.3697
enu_velocity: -7.711355 4.282417 -0.1002039
velocity: 8.81813 -0.05882835 0.2264195
angularVelocity: 0.006700421 0.01619401 -0.005085261
acceleration: -5.59278 0.04363561 -0.1306541
accel: 0.0
brake: 0.2966352
steer: -0.0105
linkid: A219BS010391
trafficlightid: C119BS010007
turn_signal_lamp: 0.0