position: 95.88817900000001 130.08400000000006 -0.2435638
orientation: 1.29248 2.185047 151.3465
enu_velocity: -5.975475 3.315953 -0.06547663
velocity: 6.831258 -0.04014969 0.1960762
angularVelocity: -0.0002825335 0.009993758 -0.00382789
acceleration: -5.547153 -0.003798246 -0.1090692
accel: 0.0
brake: 0.3006719
steer: -0.0097
linkid: A219BS010391
trafficlightid: C119BS010007
turn_signal_lamp: 0.0