position: 95.856379 130.1010000000001 -0.2436105
orientation: 1.291107 2.195757 151.3425
enu_velocity: -5.626361 3.12234 -0.05790709
velocity: 6.432027 -0.03735447 0.1895567
angularVelocity: -0.001276125 0.009027252 -0.003604064
acceleration: -5.543526 0.03876305 -0.109116
accel: 0.0
brake: 0.3010086
steer: -0.0093
linkid: A219BS010391
trafficlightid: C119BS010007
turn_signal_lamp: 0.0