position: 21.957489000000002 39.37200000000007 -0.2494387
orientation: 1.448242 0.9935052 61.11673
enu_velocity: 19.38543 35.00157 -0.03258909
velocity: 40.00581 -0.05057335 0.6626633
angularVelocity: 0.006901898 0.004974848 -0.001881799
acceleration: 0.06740057 -0.0500573 -0.09899767
accel: 0.0285334
brake: 0.0
steer: -0.0005
linkid: A219BS010380
trafficlightid: null
turn_signal_lamp: 0.0