position: 95.82651899999999 130.11799999999994 -0.2436445
orientation: 1.288971 2.205396 151.3389
enu_velocity: -5.277407 2.928475 -0.05049593
velocity: 6.032827 -0.03436399 0.1826127
angularVelocity: -0.00185481 0.008118307 -0.003286129
acceleration: -5.54419 0.035501 -0.1123618
accel: 0.0
brake: 0.3013875
steer: -0.0089
linkid: A219BS010391
trafficlightid: C119BS010007
turn_signal_lamp: 0.0