position: 95.772649 130.14800000000014 -0.2436691
orientation: 1.283569 2.221814 151.3326
enu_velocity: -4.578255 2.540666 -0.03621371
velocity: 5.233336 -0.02918386 0.1674947
angularVelocity: -0.002461561 0.006516567 -0.002769854
acceleration: -5.5754 0.02954507 -0.1160181
accel: 0.0
brake: 0.3021061
steer: -0.0083
linkid: A219BS010391
trafficlightid: C119BS010007
turn_signal_lamp: 0.0