position: 95.748629 130.16100000000006 -0.2436562
orientation: 1.280487 2.228856 151.3297
enu_velocity: -4.227355 2.346462 -0.02995674
velocity: 4.832327 -0.02707934 0.158742
angularVelocity: -0.002701041 0.005943566 -0.002653394
acceleration: -5.563671 0.02499986 -0.1336703
accel: 0.0
brake: 0.3016123
steer: -0.008
linkid: A219BS010391
trafficlightid: C119BS010007
turn_signal_lamp: 0.0