position: 95.72655900000001 130.173 -0.2436302
orientation: 1.276978 2.235091 151.327
enu_velocity: -3.877766 2.152693 -0.02371978
velocity: 4.43268 -0.02478886 0.1498571
angularVelocity: -0.003092658 0.00519777 -0.002389918
acceleration: -5.549122 0.02828169 -0.1337256
accel: 0.0
brake: 0.3020382
steer: -0.0077
linkid: A219BS010391
trafficlightid: C119BS010007
turn_signal_lamp: 0.0