position: 95.70643899999999 130.18399999999997 -0.2435941
orientation: 1.272827 2.240469 151.3246
enu_velocity: -3.528121 1.959083 -0.01783649
velocity: 4.033078 -0.0227319 0.1404776
angularVelocity: -0.003680291 0.004472397 -0.002159144
acceleration: -5.551332 0.02633572 -0.1376342
accel: 0.0
brake: 0.3023624
steer: -0.0075
linkid: A219BS010391
trafficlightid: C119BS010007
turn_signal_lamp: 0.0