position: 95.68825899999999 130.19399999999996 -0.2435483
orientation: 1.268036 2.245063 151.3224
enu_velocity: -3.178396 1.765263 -0.01249235
velocity: 3.633328 -0.0205946 0.130426
angularVelocity: -0.004228464 0.003797601 -0.001921164
acceleration: -5.551557 0.02718925 -0.145854
accel: 0.0
brake: 0.3025527
steer: -0.0072
linkid: A219BS010391
trafficlightid: C119BS010007
turn_signal_lamp: 0.0