position: 22.065169 39.56700000000001 -0.2494998
orientation: 1.457642 0.9992943 61.11485
enu_velocity: 19.39049 35.00367 -0.04106373
velocity: 40.01018 -0.0526619 0.6583697
angularVelocity: 0.008814629 0.005164349 -0.001771935
acceleration: 0.05872851 -0.05214405 -0.1239683
accel: 0.0272516
brake: 0.0
steer: -0.0005
linkid: A219BS010380
trafficlightid: null
turn_signal_lamp: 0.0