position: 95.63497899999999 130.22400000000016 -0.2432937
orientation: 1.248138 2.256655 151.3161
enu_velocity: -1.783611 0.9826014 0.004047236
velocity: 2.034616 -0.004089832 0.08433643
angularVelocity: -0.003998945 0.001604608 -0.001076818
acceleration: -5.552638 0.05625129 -0.1771356
accel: 0.0
brake: 0.3035795
steer: -0.0064
linkid: A219BS010391
trafficlightid: C119BS010007
turn_signal_lamp: 0.0