position: 95.615409 130.23400000000015 -0.2430632
orientation: 1.23465 2.259949 151.3134
enu_velocity: -0.7343962 0.3997405 0.01110012
velocity: 0.83505 0.002796113 0.04401316
angularVelocity: -0.003857127 0.0005148558 -0.0006201103
acceleration: -5.554596 0.01542521 -0.195801
accel: 0.0
brake: 0.2137969
steer: -0.0065
linkid: A219BS010391
trafficlightid: C119BS010007
turn_signal_lamp: 0.0