position: 95.612369 130.2360000000001 -0.2431511
orientation: 1.230103 2.254177 151.3127
enu_velocity: -0.4870129 0.2633316 0.01217462
velocity: 0.5527329 0.003499985 0.03387401
angularVelocity: -0.003909041 -0.006787002 -0.0005115748
acceleration: -3.889565 0.00982511 -0.1349015
accel: 0.0
brake: 0.2260897
steer: -0.0065
linkid: A219BS010391
trafficlightid: C119BS010007
turn_signal_lamp: 0.0