position: 95.610309 130.23700000000008 -0.2458593
orientation: 1.214294 2.137387 151.3092
enu_velocity: 0.02994699 -0.02034838 0.02545572
velocity: -0.03696342 0.003982859 0.02401489
angularVelocity: -0.003023647 -0.04547457 -0.0001183001
acceleration: -0.3437595 -0.003131345 0.07135499
accel: 0.0
brake: 1.0
steer: -0.0063
linkid: A219BS010391
trafficlightid: C119BS010007
turn_signal_lamp: 0.0