position: 95.610579 130.23700000000008 -0.2472602
orientation: 1.211151 2.078367 151.3078
enu_velocity: 0.04465739 -0.02788238 0.03278016
velocity: -0.05371467 0.003669992 0.03078172
angularVelocity: -0.0025675 -0.05322389 -0.0001504885
acceleration: -0.2045855 -0.005000927 0.09907655
accel: 0.0
brake: 1.0
steer: -0.0062
linkid: A219BS010391
trafficlightid: C119BS010007
turn_signal_lamp: 0.0