position: 22.172869 39.76099999999997 -0.2495885
orientation: 1.46991 1.005913 61.11307
enu_velocity: 19.39522 35.00525 -0.04986151
velocity: 40.01392 -0.05477333 0.6543272
angularVelocity: 0.01138465 0.005937999 -0.001656986
acceleration: 0.0502012 -0.05173321 -0.1169705
accel: 0.02583347
brake: 0.0
steer: -0.0004
linkid: A219BS010380
trafficlightid: null
turn_signal_lamp: 0.0