position: 95.61125899999999 130.2360000000001 -0.2502891
orientation: 1.206665 1.946545 151.3046
enu_velocity: 0.05867274 -0.03392485 0.0500732
velocity: -0.0694177 0.002591508 0.04769884
angularVelocity: -0.001479797 -0.05862726 -0.0001924175
acceleration: -0.06266786 -0.00851764 0.1195181
accel: 0.0
brake: 1.0
steer: -0.0066
linkid: A219BS010391
trafficlightid: C119BS010007
turn_signal_lamp: 0.0