position: 95.611989 130.23500000000013 -0.2530718
orientation: 1.20462 1.816982 151.3014
enu_velocity: 0.05956805 -0.0325658 0.0658669
velocity: -0.06994307 0.001299385 0.06366799
angularVelocity: -0.0004734248 -0.05439538 -0.0002273232
acceleration: 0.02613076 -0.008683085 0.09960413
accel: 0.0
brake: 1.0
steer: -0.0066
linkid: A219BS010391
trafficlightid: C119BS010007
turn_signal_lamp: 0.0