position: 95.61339899999999 130.23400000000015 -0.2571326
orientation: 1.206726 1.586202 151.2952
enu_velocity: 0.03565729 -0.01669161 0.07498095
velocity: -0.04135264 -0.0009296723 0.07390054
angularVelocity: 0.000836309 -0.02739353 -0.0002294745
acceleration: 0.0982316 -0.003396053 -0.04026082
accel: 0.0
brake: 1.0
steer: -0.0067
linkid: A219BS010391
trafficlightid: C119BS010007
turn_signal_lamp: 0.0