position: 95.61357899999999 130.23400000000015 -0.2574435
orientation: 1.207703 1.559613 151.2944
enu_velocity: 0.02968468 -0.01328498 0.07032373
velocity: -0.0343193 -0.001141952 0.06945487
angularVelocity: 0.0008813571 -0.02184404 -0.0002215384
acceleration: 0.09657805 -0.002794687 -0.06787214
accel: 0.0
brake: 1.0
steer: -0.0065
linkid: A219BS010391
trafficlightid: C119BS010007
turn_signal_lamp: 0.0