position: 22.280609 39.95600000000013 -0.2496961
orientation: 1.485077 1.013371 61.11137
enu_velocity: 19.39995 35.00561 -0.05649878
velocity: 40.01654 -0.05742073 0.653033
angularVelocity: 0.01365737 0.006547784 -0.001675864
acceleration: 0.02846904 -0.0582188 -0.07292215
accel: 0.02468575
brake: 0.0
steer: -0.0004
linkid: A219BS010380
trafficlightid: null
turn_signal_lamp: 0.0