position: 95.61383900000001 130.23400000000015 -0.2577065
orientation: 1.209625 1.524002 151.2932
enu_velocity: 0.01846224 -0.007340265 0.05581465
velocity: -0.02119622 -0.001262558 0.05530945
angularVelocity: 0.0008007865 -0.01201926 -0.0002041642
acceleration: 0.0861662 -0.0004296154 -0.1134934
accel: 0.0
brake: 1.0
steer: -0.0062
linkid: A219BS010391
trafficlightid: C119BS010007
turn_signal_lamp: 0.0