position: 95.61392900000001 130.23400000000015 -0.2577067
orientation: 1.21048 1.513809 151.2927
enu_velocity: 0.0135016 -0.004892237 0.04646277
velocity: -0.01541446 -0.001220616 0.04610771
angularVelocity: 0.0007365607 -0.007907832 -0.000193629
acceleration: 0.07808167 0.0003945194 -0.1317633
accel: 0.0
brake: 1.0
steer: -0.006
linkid: A219BS010391
trafficlightid: C119BS010007
turn_signal_lamp: 0.0