position: 95.613979 130.23400000000015 -0.2576493
orientation: 1.211212 1.507863 151.2924
enu_velocity: 0.009066944 -0.002810789 0.03627735
velocity: -0.01025398 -0.001128109 0.0360519
angularVelocity: 0.000624205 -0.004340246 -0.0001837641
acceleration: 0.06947923 0.001603002 -0.1414608
accel: 0.0
brake: 1.0
steer: -0.0061
linkid: A219BS010391
trafficlightid: C119BS010007
turn_signal_lamp: 0.0