position: 95.61401900000001 130.23400000000015 -0.2575554
orientation: 1.211853 1.505503 151.2921
enu_velocity: 0.005203479 -0.001075373 0.02548965
velocity: -0.005748352 -0.001019848 0.02537462
angularVelocity: 0.0005419443 -0.001350303 -0.0001716763
acceleration: 0.06021674 0.001501702 -0.1496308
accel: 0.0
brake: 1.0
steer: -0.0061
linkid: A219BS010391
trafficlightid: C119BS010007
turn_signal_lamp: 0.0