position: 95.61402899999999 130.23400000000015 -0.2574435
orientation: 1.212372 1.506107 151.2919
enu_velocity: 0.001924369 0.0003326382 0.01451517
velocity: -0.001909023 -0.0009096824 0.01449249
angularVelocity: 0.0004278955 0.001106235 -0.0001614881
acceleration: 0.05112735 0.001708291 -0.1509627
accel: 0.0
brake: 1.0
steer: -0.006
linkid: A219BS010391
trafficlightid: C119BS010007
turn_signal_lamp: 0.0