position: 95.61401900000001 130.23400000000015 -0.2573286
orientation: 1.212769 1.509086 151.2918
enu_velocity: -0.0008532836 0.00143143 0.003715105
velocity: 0.001337645 -0.0007660082 0.00376869
angularVelocity: 0.0003229592 0.003056563 -0.0001578801
acceleration: 0.04279696 0.002129688 -0.1476294
accel: 0.0
brake: 1.0
steer: -0.006
linkid: A219BS010391
trafficlightid: C119BS010007
turn_signal_lamp: 0.0