position: 95.61394899999999 130.23400000000015 -0.2570703
orientation: 1.213287 1.527221 151.2917
enu_velocity: -0.006046609 0.003122807 -0.02467321
velocity: 0.007458552 -0.0003528979 -0.02448114
angularVelocity: 3.80585e-05 0.006385423 -0.0001165615
acceleration: 0.01882054 0.001832237 -0.1137405
accel: 0.0
brake: 1.0
steer: -0.0061
linkid: A219BS010391
trafficlightid: C119BS010007
turn_signal_lamp: 0.0