position: 22.388348999999998 40.15000000000009 -0.2498212
orientation: 1.500336 1.020803 61.10968
enu_velocity: 19.39966 34.99835 -0.05860703
velocity: 40.01001 -0.0592308 0.6560679
angularVelocity: 0.01313499 0.006581142 -0.001647399
acceleration: -0.2044938 -0.04065698 -0.02640764
accel: 0.02446587
brake: 0.0
steer: -0.0003
linkid: A219BS010380
trafficlightid: null
turn_signal_lamp: 0.0