position: 95.613899 130.23400000000015 -0.257034
orientation: 1.213287 1.534908 151.2918
enu_velocity: -0.006912765 0.003254832 -0.03211034
velocity: 0.008483857 -0.0002096372 -0.03189725
angularVelocity: -2.235174e-07 0.006791583 -0.0001102678
acceleration: 0.01252551 0.001925798 -0.09842078
accel: 0.0
brake: 1.0
steer: -0.0061
linkid: A219BS010391
trafficlightid: C119BS010007
turn_signal_lamp: 0.0