position: 95.61375899999999 130.23400000000015 -0.257089
orientation: 1.212952 1.558601 151.2919
enu_velocity: -0.007657886 0.003013215 -0.04588283
velocity: 0.00940892 6.918935e-05 -0.04565549
angularVelocity: -0.000123743 0.006711212 -0.0001005608
acceleration: -0.0010423 0.0005906243 -0.03867179
accel: 0.0
brake: 1.0
steer: -0.0062
linkid: A219BS010391
trafficlightid: C119BS010007
turn_signal_lamp: 0.0