position: 95.613699 130.23400000000015 -0.257154
orientation: 1.212769 1.566009 151.292
enu_velocity: -0.007464613 0.002784303 -0.04759409
velocity: 0.009182221 0.0001408979 -0.04737444
angularVelocity: -0.0001625856 0.006366637 -0.0001003831
acceleration: -0.003846241 0.001183107 -0.02009797
accel: 0.0
brake: 1.0
steer: -0.0061
linkid: A219BS010391
trafficlightid: C119BS010007
turn_signal_lamp: 0.0