position: 95.61365900000001 130.23400000000015 -0.2572362
orientation: 1.212555 1.572919 151.292
enu_velocity: -0.007118311 0.002497653 -0.04795505
velocity: 0.008756582 0.0002182482 -0.04774799
angularVelocity: -0.0001719007 0.005903881 -0.0001004599
acceleration: -0.006549022 0.001254859 -0.000796781
accel: 0.0
brake: 1.0
steer: -0.0061
linkid: A219BS010391
trafficlightid: C119BS010007
turn_signal_lamp: 0.0