position: 95.613609 130.23400000000015 -0.2573303
orientation: 1.212311 1.57925 151.292
enu_velocity: -0.006631299 0.00220297 -0.04697441
velocity: 0.008166349 0.0002633948 -0.04678315
angularVelocity: -0.0002185381 0.005394007 -0.0001005536
acceleration: -0.008625867 0.0008676578 0.01826703
accel: 0.0
brake: 1.0
steer: -0.0062
linkid: A219BS010391
trafficlightid: C119BS010007
turn_signal_lamp: 0.0