position: 95.61357899999999 130.23400000000015 -0.2574309
orientation: 1.212067 1.584942 151.292
enu_velocity: -0.006084809 0.00188969 -0.0447901
velocity: 0.007481022 0.0003217 -0.04461703
angularVelocity: -0.0002207253 0.004822406 -0.0001010539
acceleration: -0.009996845 0.0006579524 0.03467998
accel: 0.0
brake: 1.0
steer: -0.0062
linkid: A219BS010391
trafficlightid: C119BS010007
turn_signal_lamp: 0.0