position: 95.613509 130.23400000000015 -0.2576309
orientation: 1.211578 1.594319 151.292
enu_velocity: -0.0048269 0.001332521 -0.03747696
velocity: 0.005914462 0.0003603422 -0.03734282
angularVelocity: -0.0001969305 0.003643133 -0.0001027527
acceleration: -0.01138778 5.581044e-05 0.05927215
accel: 0.0
brake: 1.0
steer: -0.0063
linkid: A219BS010391
trafficlightid: C119BS010007
turn_signal_lamp: 0.0