position: 95.61346900000001 130.23400000000015 -0.257722
orientation: 1.211365 1.597975 151.292
enu_velocity: -0.004160111 0.001082078 -0.03269291
velocity: 0.005078582 0.0003605674 -0.03257886
angularVelocity: -0.0001784158 0.003042607 -0.0001039928
acceleration: -0.01178889 -8.112285e-06 0.06850662
accel: 0.0
brake: 1.0
steer: -0.0063
linkid: A219BS010391
trafficlightid: C119BS010007
turn_signal_lamp: 0.0