position: 95.613459 130.23400000000015 -0.2578017
orientation: 1.211151 1.600971 151.2919
enu_velocity: -0.003494121 0.0008547949 -0.02731001
velocity: 0.004236863 0.0003534877 -0.02721581
angularVelocity: -0.0001862736 0.002478221 -0.000105823
acceleration: -0.01175614 -4.057307e-05 0.07745082
accel: 0.0
brake: 1.0
steer: -0.0063
linkid: A219BS010391
trafficlightid: C119BS010007
turn_signal_lamp: 0.0