position: 95.613419 130.23400000000015 -0.2579172
orientation: 1.210754 1.605064 151.2917
enu_velocity: -0.002234032 0.0004556584 -0.01586148
velocity: 0.002621719 0.0003395822 -0.01580495
angularVelocity: -0.0001545424 0.00138563 -0.0001098556
acceleration: -0.01103726 -0.0003821338 0.08084308
accel: 0.0
brake: 1.0
steer: -0.0063
linkid: A219BS010391
trafficlightid: C119BS010007
turn_signal_lamp: 0.0