position: 95.61339899999999 130.23400000000015 -0.2579503
orientation: 1.210602 1.606223 151.2916
enu_velocity: -0.001640146 0.0002833269 -0.01009574
velocity: 0.001856996 0.000326945 -0.01005678
angularVelocity: -0.0001179866 0.0008872868 -0.000112191
acceleration: -0.01050161 -0.0001587649 0.07938993
accel: 0.0
brake: 1.0
steer: -0.0063
linkid: A219BS010391
trafficlightid: C119BS010007
turn_signal_lamp: 0.0