position: 95.61339899999999 130.23400000000015 -0.2579666
orientation: 1.210449 1.606846 151.2915
enu_velocity: -0.001072999 0.000145823 -0.004542135
velocity: 0.001138116 0.000292119 -0.004519174
angularVelocity: -0.0001290136 0.0004289871 -0.0001144484
acceleration: -0.009800778 -0.0002300525 0.07614298
accel: 0.0
brake: 1.0
steer: -0.0063
linkid: A219BS010391
trafficlightid: C119BS010007
turn_signal_lamp: 0.0