position: 95.61339899999999 130.23400000000015 -0.2579173
orientation: 1.210175 1.606031 151.2911
enu_velocity: 0.000338208 -0.000160199 0.009956785
velocity: -0.0006524965 0.0001880313 0.009940649
angularVelocity: -1.413008e-05 -0.0006568697 -0.0001190923
acceleration: -0.006990723 -0.000990394 0.0575497
accel: 0.0
brake: 1.0
steer: -0.0065
linkid: A219BS010391
trafficlightid: C119BS010007
turn_signal_lamp: 0.0