position: 95.613419 130.23400000000015 -0.2576091
orientation: 1.210602 1.599 151.2903
enu_velocity: 0.001673408 -0.0002791062 0.02169218
velocity: -0.002206441 -0.0001017655 0.02164602
angularVelocity: 0.00014304 -0.001533448 -0.0001240742
acceleration: -0.002042131 -0.0004491226 0.01035958
accel: 0.0
brake: 1.0
steer: -0.0064
linkid: A219BS010391
trafficlightid: C119BS010007
turn_signal_lamp: 0.0