position: 22.711509 40.73299999999995 -0.2502114
orientation: 1.544403 1.04681 61.10507
enu_velocity: 19.40092 34.98891 -0.07112126
velocity: 40.00228 -0.0610218 0.6616858
angularVelocity: 0.01403244 0.007843714 -0.00145846
acceleration: 0.09677829 -0.02969006 -0.05784259
accel: 0.02921459
brake: 0.0
steer: -0.0002
linkid: A219BS010380
trafficlightid: null
turn_signal_lamp: 0.0