position: 95.613519 130.23400000000015 -0.2571774
orientation: 1.211304 1.58749 151.2897
enu_velocity: 0.00133357 -0.0002865702 0.0132728
velocity: -0.001674483 -0.0001094853 0.01323676
angularVelocity: 6.620341e-05 -0.001128465 -2.683959e-06
acceleration: 0.002963148 0.0002150096 -0.03335621
accel: 0.0
brake: 1.0
steer: -0.0063
linkid: A219BS010391
trafficlightid: C119BS010007
turn_signal_lamp: 0.0