position: 95.613529 130.23400000000015 -0.2571445
orientation: 1.211365 1.586335 151.2897
enu_velocity: 0.001136864 -0.0002744808 0.01080221
velocity: -0.001427561 -7.770665e-05 0.01077087
angularVelocity: 4.441408e-05 -0.0009718976 -2.672452e-06
acceleration: 0.003283461 0.000247884 -0.0359794
accel: 0.0
brake: 1.0
steer: -0.0063
linkid: A219BS010391
trafficlightid: C119BS010007
turn_signal_lamp: 0.0