position: 95.613529 130.23400000000015 -0.2571284
orientation: 1.211487 1.583422 151.2896
enu_velocity: -3.759251e-05 -4.885668e-05 -0.003324337
velocity: 0.0001013568 -9.357485e-06 -0.003323351
angularVelocity: 1.491413e-05 1.910917e-05 -7.457508e-07
acceleration: 0.003151133 -0.0002824442 -0.02690183
accel: 0.0
brake: 1.0
steer: -0.0063
linkid: A219BS010391
trafficlightid: C119BS010007
turn_signal_lamp: 0.0