position: 95.613529 130.23400000000015 -0.2571505
orientation: 1.211487 1.583559 151.2896
enu_velocity: -0.0001991207 -1.904718e-05 -0.005055455
velocity: 0.000305134 5.585753e-06 -0.005050197
angularVelocity: 5.19988e-06 0.0001541637 -5.680008e-07
acceleration: 0.002862243 0.0001307308 -0.02323199
accel: 0.0
brake: 1.0
steer: -0.0063
linkid: A219BS010391
trafficlightid: C119BS010007
turn_signal_lamp: 0.0