position: 22.819279 40.92800000000011 -0.2503771
orientation: 1.559784 1.05549 61.10356
enu_velocity: 19.40455 34.9915 -0.07137708
velocity: 40.00621 -0.06156158 0.6676031
angularVelocity: 0.01315289 0.007393984 -0.001509611
acceleration: 0.05024509 -0.02098751 0.007008922
accel: 0.02851682
brake: 0.0
steer: -0.0001
linkid: A219BS010380
trafficlightid: null
turn_signal_lamp: 0.0