position: 95.613519 130.23400000000015 -0.257376
orientation: 1.211426 1.587364 151.2897
enu_velocity: -0.0007249506 0.0001348255 -0.009150716
velocity: 0.0009538095 3.697112e-05 -0.009130619
angularVelocity: -1.217902e-05 0.0006115423 2.954675e-07
acceleration: 5.151873e-05 -0.0003847758 0.003796037
accel: 0.0
brake: 1.0
steer: -0.0063
linkid: A219BS010391
trafficlightid: C119BS010007
turn_signal_lamp: 0.0