position: 95.613519 130.23400000000015 -0.2574063
orientation: 1.211426 1.588061 151.2897
enu_velocity: -0.0007136505 0.0001420129 -0.008685535
velocity: 0.0009345733 3.507215e-05 -0.00866564
angularVelocity: -1.12023e-05 0.0006046266 2.986108e-07
acceleration: -0.0004179192 -0.0005567432 0.006333788
accel: 0.0
brake: 1.0
steer: -0.0063
linkid: A219BS010391
trafficlightid: C119BS010007
turn_signal_lamp: 0.0