position: 22.927059 41.12200000000007 -0.2505539
orientation: 1.573456 1.06351 61.10208
enu_velocity: 19.40693 34.99376 -0.06981201
velocity: 40.00924 -0.06115723 0.6748361
angularVelocity: 0.0114939 0.006812727 -0.001490184
acceleration: 0.04150063 -0.01080485 0.02779046
accel: 0.02759546
brake: 0.0
steer: -0.0003
linkid: A219BS010380
trafficlightid: null
turn_signal_lamp: 0.0