position: 95.613519 130.23400000000015 -0.2574944
orientation: 1.211334 1.590516 151.2898
enu_velocity: -0.0005310261 0.0001279873 -0.005260726
velocity: 0.000673039 3.19509e-05 -0.005245913
angularVelocity: -1.538626e-05 0.000455301 -1.214421e-07
acceleration: -0.001202538 -0.0002775725 0.01384894
accel: 0.0
brake: 1.0
steer: -0.0063
linkid: A219BS010391
trafficlightid: C119BS010007
turn_signal_lamp: 0.0