position: 95.613519 130.23400000000015 -0.2575152
orientation: 1.211273 1.591371 151.2898
enu_velocity: -0.0003712844 0.0001013716 -0.003095282
velocity: 0.0004601507 2.42414e-05 -0.003084894
angularVelocity: -1.289815e-05 0.0003210212 -4.023705e-07
acceleration: -0.001773115 -0.0003892698 0.01512693
accel: 0.0
brake: 1.0
steer: -0.0063
linkid: A219BS010391
trafficlightid: C119BS010007
turn_signal_lamp: 0.0