position: 95.613519 130.23400000000015 -0.2575201
orientation: 1.211273 1.591919 151.2898
enu_velocity: -0.0002154569 7.038654e-05 -0.0009782459
velocity: 0.0002498714 2.121841e-05 -0.0009723451
angularVelocity: -1.550411e-05 0.0001885602 -7.656981e-07
acceleration: -0.001452364 0.000387928 0.01452368
accel: 0.0
brake: 1.0
steer: -0.0063
linkid: A219BS010391
trafficlightid: C119BS010007
turn_signal_lamp: 0.0