position: 95.613519 130.23400000000015 -0.257503
orientation: 1.211243 1.592151 151.2898
enu_velocity: 2.390522e-05 2.849861e-05 0.001686192
velocity: -5.412371e-05 -8.45057e-07 0.001685733
angularVelocity: -1.09446e-06 -1.154274e-05 -1.023805e-06
acceleration: -0.001400012 -0.0004162011 0.009994986
accel: 0.0
brake: 1.0
steer: -0.0063
linkid: A219BS010391
trafficlightid: C119BS010007
turn_signal_lamp: 0.0