position: 23.034849 41.31600000000003 -0.2507973
orientation: 1.585541 1.068904 61.10068
enu_velocity: 19.40808 34.99648 -0.07018489
velocity: 40.01212 -0.05962372 0.6782601
angularVelocity: 0.01059189 0.003660017 -0.001295897
acceleration: 0.03848487 0.007617905 -0.02755159
accel: 0.02643485
brake: 0.0
steer: -0.0002
linkid: A219BS010380
trafficlightid: null
turn_signal_lamp: 0.0