position: 95.613519 130.23400000000015 -0.2574224
orientation: 1.211273 1.591058 151.2897
enu_velocity: 0.0002902561 -3.492011e-05 0.003969419
velocity: -0.0003814559 -2.506297e-05 0.00396177
angularVelocity: 1.427752e-05 -0.0002383022 -1.332598e-06
acceleration: -0.0003019599 -0.0001208107 0.0005827469
accel: 0.0
brake: 1.0
steer: -0.0063
linkid: A219BS010391
trafficlightid: C119BS010007
turn_signal_lamp: 0.0