position: 95.613519 130.23400000000015 -0.2573822
orientation: 1.211273 1.590183 151.2897
enu_velocity: 0.0002967468 -7.698018e-05 0.003570292
velocity: -0.000396207 2.515153e-07 0.003561459
angularVelocity: -6.784685e-06 -0.000258273 -1.730507e-06
acceleration: 0.0001225802 0.0004505084 -0.00247295
accel: 0.0
brake: 1.0
steer: -0.0063
linkid: A219BS010391
trafficlightid: C119BS010007
turn_signal_lamp: 0.0