position: 95.613519 130.23400000000015 -0.2573476
orientation: 1.211273 1.589155 151.2897
enu_velocity: 0.0002030647 -6.547121e-05 0.002103551
velocity: -0.0002678071 4.21032e-06 0.00209731
angularVelocity: -6.784714e-06 -0.0001803033 -1.557287e-06
acceleration: 0.0008960225 4.999252e-05 -0.005074063
accel: 0.0
brake: 1.0
steer: -0.0063
linkid: A219BS010391
trafficlightid: C119BS010007
turn_signal_lamp: 0.0