position: 95.613519 130.23400000000015 -0.25734
orientation: 1.211273 1.588811 151.2897
enu_velocity: 0.000143836 -5.26319e-05 0.001145354
velocity: -0.0001831345 1.184024e-06 0.001140945
angularVelocity: -2.710847e-06 -0.0001292211 -1.357181e-06
acceleration: 0.0006702812 0.000259826 -0.006829155
accel: 0.0
brake: 1.0
steer: -0.0063
linkid: A219BS010391
trafficlightid: C119BS010007
turn_signal_lamp: 0.0