position: 95.613519 130.23400000000015 -0.257339
orientation: 1.211273 1.5886 151.2896
enu_velocity: 8.121684e-05 -2.471548e-05 0.0002574209
velocity: -9.020936e-05 -1.194338e-05 0.0002553276
angularVelocity: 1.066914e-05 -6.964576e-05 -9.959242e-07
acceleration: 0.0008167898 -0.000338373 -0.006451647
accel: 0.0
brake: 1.0
steer: -0.0063
linkid: A219BS010391
trafficlightid: C119BS010007
turn_signal_lamp: 0.0