position: 95.613519 130.23400000000015 -0.2573408
orientation: 1.211304 1.588542 151.2896
enu_velocity: 5.171081e-05 -2.124339e-05 -0.000146544
velocity: -5.147459e-05 -9.337093e-06 -0.0001478635
angularVelocity: 8.57628e-06 -4.567393e-05 -9.623637e-07
acceleration: 0.0004557461 0.0001561906 -0.005460311
accel: 0.0
brake: 1.0
steer: -0.0063
linkid: A219BS010391
trafficlightid: C119BS010007
turn_signal_lamp: 0.0