position: 95.613519 130.23400000000015 -0.257348
orientation: 1.211304 1.588516 151.2896
enu_velocity: -2.816643e-06 -5.328721e-07 -0.0008432498
velocity: 2.558949e-05 -1.599796e-05 -0.0008427144
angularVelocity: 1.609046e-05 4.505978e-06 -7.182926e-07
acceleration: 0.0004739392 -0.0002955113 -0.004782473
accel: 0.0
brake: 1.0
steer: -0.0063
linkid: A219BS010391
trafficlightid: C119BS010007
turn_signal_lamp: 0.0