position: 95.613519 130.23400000000015 -0.2573768
orientation: 1.211334 1.588896 151.2896
enu_velocity: -0.0001250172 1.324752e-05 -0.001682444
velocity: 0.0001626174 1.294094e-05 -0.00167923
angularVelocity: -7.028037e-06 0.0001020651 -8.603615e-07
acceleration: 0.000221296 0.0001467417 -0.001494267
accel: 0.0
brake: 1.0
steer: -0.0063
linkid: A219BS010391
trafficlightid: C119BS010007
turn_signal_lamp: 0.0