position: 95.613519 130.23400000000015 -0.2573834
orientation: 1.211334 1.58901 151.2896
enu_velocity: -0.0001122322 3.85626e-05 -0.001722222
velocity: 0.0001646711 -1.623783e-05 -0.001718358
angularVelocity: 1.757136e-05 0.0001027303 -4.454337e-07
acceleration: 0.0001975837 -5.562493e-05 6.871067e-05
accel: 0.0
brake: 1.0
steer: -0.0063
linkid: A219BS010391
trafficlightid: C119BS010007
turn_signal_lamp: 0.0