position: 95.613519 130.23400000000015 -0.2574002
orientation: 1.211365 1.589384 151.2897
enu_velocity: -0.0001306895 3.079998e-05 -0.001465899
velocity: 0.0001700272 4.857335e-06 -0.001462175
angularVelocity: -1.096691e-06 0.0001126299 -7.303572e-07
acceleration: 0.0001817949 0.0004086758 0.002591625
accel: 0.0
brake: 1.0
steer: -0.0063
linkid: A219BS010391
trafficlightid: C119BS010007
turn_signal_lamp: 0.0