position: 23.358249 41.899000000000115 -0.2521389
orientation: 1.611603 1.062126 61.09659
enu_velocity: 19.41041 35.00151 -0.065952
velocity: 40.01765 -0.05609131 0.6777984
angularVelocity: 0.003987597 -0.004095119 -0.00111327
acceleration: 0.02334311 0.0007683784 0.06749417
accel: 0.02459704
brake: 0.0
steer: -0.0003
linkid: A219BS010380
trafficlightid: null
turn_signal_lamp: 0.0