position: 95.613519 130.23400000000015 -0.2574155
orientation: 1.211304 1.589882 151.2897
enu_velocity: -7.730434e-05 1.429975e-05 -0.0005984139
velocity: 9.124416e-05 1.198673e-05 -0.0005964985
angularVelocity: -8.246585e-06 6.42239e-05 -9.669213e-07
acceleration: -0.0002221112 0.0001755274 0.00207605
accel: 0.0
brake: 1.0
steer: -0.0063
linkid: A219BS010391
trafficlightid: C119BS010007
turn_signal_lamp: 0.0