position: 95.613519 130.23400000000015 -0.2574164
orientation: 1.211304 1.589945 151.2897
enu_velocity: -5.731348e-05 1.710514e-05 -0.0004336065
velocity: 7.049276e-05 3.398825e-06 -0.0004319852
angularVelocity: -1.391054e-06 5.004104e-05 -8.84108e-07
acceleration: -0.0003946744 0.0001308609 0.00210409
accel: 0.0
brake: 1.0
steer: -0.0063
linkid: A219BS010391
trafficlightid: C119BS010007
turn_signal_lamp: 0.0