position: 95.613519 130.23400000000015 -0.2574167
orientation: 1.211304 1.589993 151.2897
enu_velocity: -3.983676e-05 9.257978e-06 -0.0002314319
velocity: 4.579297e-05 6.1472e-06 -0.0002304314
angularVelocity: -3.600657e-06 3.33902e-05 -9.630484e-07
acceleration: -0.0006094758 -0.0001795925 0.002304709
accel: 0.0
brake: 1.0
steer: -0.0063
linkid: A219BS010391
trafficlightid: C119BS010007
turn_signal_lamp: 0.0