position: 95.613519 130.23400000000015 -0.257415
orientation: 1.211273 1.590054 151.2897
enu_velocity: -1.305336e-05 2.220827e-05 0.000129055
velocity: 1.852747e-05 -1.046438e-05 0.0001298693
angularVelocity: 1.023156e-05 1.796207e-05 -7.794849e-07
acceleration: -0.0003235444 -0.0007130035 0.002266892
accel: 0.0
brake: 1.0
steer: -0.0063
linkid: A219BS010391
trafficlightid: C119BS010007
turn_signal_lamp: 0.0