position: 95.613519 130.23400000000015 -0.2574135
orientation: 1.211304 1.590061 151.2897
enu_velocity: 8.46824e-06 1.510967e-05 0.0002431207
velocity: -6.91485e-06 -1.217884e-05 0.0002433343
angularVelocity: 1.06321e-05 -1.121177e-06 -8.079941e-07
acceleration: -0.000521487 -0.0001481232 0.001140458
accel: 0.0
brake: 1.0
steer: -0.0063
linkid: A219BS010391
trafficlightid: C119BS010007
turn_signal_lamp: 0.0