position: 95.613519 130.23400000000015 -0.2574094
orientation: 1.211273 1.590039 151.2897
enu_velocity: 2.195973e-05 -9.938257e-06 0.0005218388
velocity: -3.85048e-05 9.180785e-06 0.0005208934
angularVelocity: -8.326851e-06 -2.148588e-05 -1.172544e-06
acceleration: -0.0002957962 0.0003686555 0.002046934
accel: 0.0
brake: 1.0
steer: -0.0063
linkid: A219BS010391
trafficlightid: C119BS010007
turn_signal_lamp: 0.0