position: 95.613519 130.23400000000015 -0.2574069
orientation: 1.211273 1.590007 151.2897
enu_velocity: 2.956963e-05 -7.474197e-06 0.0006347774
velocity: -4.712678e-05 5.748576e-06 0.0006337338
angularVelocity: -5.467085e-06 -2.622599e-05 -1.143563e-06
acceleration: 1.040872e-05 0.0001857142 0.002456682
accel: 0.0
brake: 1.0
steer: -0.0063
linkid: A219BS010391
trafficlightid: C119BS010007
turn_signal_lamp: 0.0