position: 95.613519 130.23400000000015 -0.2574042
orientation: 1.211273 1.589974 151.2897
enu_velocity: 3.658725e-05 3.902608e-06 0.0006797264
velocity: -4.9063e-05 -6.648274e-06 0.0006789186
angularVelocity: 5.283597e-06 -2.701597e-05 -9.72318e-07
acceleration: 8.604812e-05 -0.0002305446 0.001577802
accel: 0.0
brake: 1.0
steer: -0.0063
linkid: A219BS010391
trafficlightid: C119BS010007
turn_signal_lamp: 0.0