position: 95.613519 130.23400000000015 -0.2574017
orientation: 1.211304 1.589926 151.2897
enu_velocity: 5.82938e-05 8.654342e-06 0.0006754617
velocity: -6.569295e-05 -2.133981e-05 0.0006745003
angularVelocity: 1.798139e-05 -4.11921e-05 -7.936663e-07
acceleration: 2.062705e-05 -0.0005593339 -2.567999e-05
accel: 0.0
brake: 1.0
steer: -0.0063
linkid: A219BS010391
trafficlightid: C119BS010007
turn_signal_lamp: 0.0