position: 95.613519 130.23400000000015 -0.2573963
orientation: 1.211304 1.589833 151.2897
enu_velocity: 5.102889e-05 -2.953624e-06 0.0007194791
velocity: -6.611789e-05 -6.741313e-06 0.000718224
angularVelocity: 4.404686e-06 -4.038639e-05 -1.011611e-06
acceleration: 0.0001818957 0.0003987615 0.000780985
accel: 0.0
brake: 1.0
steer: -0.0063
linkid: A219BS010391
trafficlightid: C119BS010007
turn_signal_lamp: 0.0