position: 95.613519 130.23400000000015 -0.2573913
orientation: 1.211334 1.589734 151.2897
enu_velocity: 5.839116e-05 -3.264063e-06 0.0006490842
velocity: -7.076746e-05 -1.149627e-05 0.0006477579
angularVelocity: 8.854153e-06 -4.582811e-05 -9.518509e-07
acceleration: 8.594025e-05 0.0001566015 -0.0004799182
accel: 0.0
brake: 1.0
steer: -0.0063
linkid: A219BS010391
trafficlightid: C119BS010007
turn_signal_lamp: 0.0