position: 95.613519 130.23400000000015 -0.2573891
orientation: 1.211334 1.589683 151.2897
enu_velocity: 5.327345e-05 -9.145231e-06 0.0006276479
velocity: -6.85095e-05 -4.33328e-06 0.0006262198
angularVelocity: 2.59489e-06 -4.432296e-05 -1.05156e-06
acceleration: 5.796907e-05 0.0004243815 -0.0004135254
accel: 0.0
brake: 1.0
steer: -0.0063
linkid: A219BS010391
trafficlightid: C119BS010007
turn_signal_lamp: 0.0