position: 95.613519 130.23400000000015 -0.2573873
orientation: 1.211334 1.589634 151.2897
enu_velocity: 5.2922e-05 -1.245461e-05 0.000549454
velocity: -6.762084e-05 -2.915767e-06 0.0005479731
angularVelocity: 2.474953e-06 -4.530673e-05 -1.060665e-06
acceleration: -0.0001232205 -0.0002339245 -0.0008045131
accel: 0.0
brake: 1.0
steer: -0.0063
linkid: A219BS010391
trafficlightid: C119BS010007
turn_signal_lamp: 0.0