position: 95.613519 130.23400000000015 -0.2573845
orientation: 1.211334 1.589547 151.2897
enu_velocity: 3.40901e-05 -1.15072e-05 0.0004072433
velocity: -4.670989e-05 2.302699e-06 0.0004061459
angularVelocity: -1.967212e-06 -3.039213e-05 -1.102611e-06
acceleration: 0.0002996328 5.92027e-05 -0.001017218
accel: 0.0
brake: 1.0
steer: -0.0063
linkid: A219BS010391
trafficlightid: C119BS010007
turn_signal_lamp: 0.0