position: 95.613519 130.23400000000015 -0.2573837
orientation: 1.211334 1.58951 151.2897
enu_velocity: 3.867368e-05 -1.457005e-05 0.0002937257
velocity: -4.905011e-05 3.849236e-07 0.0002925349
angularVelocity: 4.220856e-07 -3.498342e-05 -1.06971e-06
acceleration: -0.0001310946 -0.0003536826 -0.001984683
accel: 0.0
brake: 1.0
steer: -0.0063
linkid: A219BS010391
trafficlightid: C119BS010007
turn_signal_lamp: 0.0