position: 95.613519 130.23400000000015 -0.257383
orientation: 1.211304 1.589452 151.2897
enu_velocity: 2.037661e-05 -1.81525e-06 0.000142789
velocity: -2.269692e-05 -5.188242e-06 0.0001423556
angularVelocity: 5.296522e-06 -1.572132e-05 -9.494754e-07
acceleration: 0.0003961865 -0.0003418578 -0.001322706
accel: 0.0
brake: 1.0
steer: -0.0063
linkid: A219BS010391
trafficlightid: C119BS010007
turn_signal_lamp: 0.0