position: 95.613519 130.23400000000015 -0.257385
orientation: 1.211334 1.589403 151.2897
enu_velocity: 1.176883e-05 -1.26757e-07 -0.0001807243
velocity: -5.366156e-06 -9.366244e-06 -0.0001807851
angularVelocity: 9.39076e-06 -8.214876e-06 -8.553404e-07
acceleration: -0.0001454246 -0.0003117057 -0.001818856
accel: 0.0
brake: 1.0
steer: -0.0063
linkid: A219BS010391
trafficlightid: C119BS010007
turn_signal_lamp: 0.0