position: 95.613519 130.23400000000015 -0.2573867
orientation: 1.211304 1.58942 151.2897
enu_velocity: -4.241577e-06 -7.983717e-06 -0.0002399965
velocity: 6.541726e-06 3.966185e-06 -0.0002400449
angularVelocity: -1.866148e-06 5.011989e-07 -1.014519e-06
acceleration: -0.0003892113 -0.0001082695 -0.0009529756
accel: 0.0
brake: 1.0
steer: -0.0063
linkid: A219BS010391
trafficlightid: C119BS010007
turn_signal_lamp: 0.0