position: 95.613519 130.23400000000015 -0.2573879
orientation: 1.211304 1.589429 151.2897
enu_velocity: -5.042747e-06 3.021347e-06 -0.0002953125
velocity: 1.406308e-05 -6.464405e-06 -0.0002949652
angularVelocity: 6.876989e-06 5.743779e-06 -8.608579e-07
acceleration: -0.0001181513 -7.781797e-05 -0.001705716
accel: 0.0
brake: 1.0
steer: -0.0063
linkid: A219BS010391
trafficlightid: C119BS010007
turn_signal_lamp: 0.0