position: 95.613519 130.23400000000015 -0.257389
orientation: 1.211334 1.589448 151.2897
enu_velocity: -1.602547e-05 8.474702e-06 -0.0002942048
velocity: 2.627992e-05 -5.940985e-06 -0.0002935288
angularVelocity: 6.177375e-06 1.608073e-05 -8.483854e-07
acceleration: 1.099427e-05 6.619561e-05 -0.0004749522
accel: 0.0
brake: 1.0
steer: -0.0063
linkid: A219BS010391
trafficlightid: C119BS010007
turn_signal_lamp: 0.0