position: 95.613519 130.23400000000015 -0.2573921
orientation: 1.211304 1.589517 151.2897
enu_velocity: -2.272398e-05 1.128953e-05 -0.0003054381
velocity: 3.381629e-05 -5.425154e-06 -0.0003045707
angularVelocity: 6.075519e-06 2.211071e-05 -8.366469e-07
acceleration: -4.676524e-05 -0.0001490683 -9.148566e-05
accel: 0.0
brake: 1.0
steer: -0.0063
linkid: A219BS010391
trafficlightid: C119BS010007
turn_signal_lamp: 0.0