position: 95.613519 130.23400000000015 -0.2573953
orientation: 1.211304 1.589614 151.2897
enu_velocity: -8.803424e-06 1.98518e-05 -0.0002513284
velocity: 2.422289e-05 -1.848014e-05 -0.0002504183
angularVelocity: 1.731914e-05 1.498501e-05 -6.653542e-07
acceleration: -0.0001763054 -0.0005027648 -0.0006621131
accel: 0.0
brake: 1.0
steer: -0.0063
linkid: A219BS010391
trafficlightid: C119BS010007
turn_signal_lamp: 0.0