position: 95.613519 130.23400000000015 -0.257396
orientation: 1.211334 1.58963 151.2897
enu_velocity: -2.360511e-06 2.073834e-05 -0.0002177971
velocity: 1.806985e-05 -2.164643e-05 -0.0002169704
angularVelocity: 1.971216e-05 1.046369e-05 -6.351303e-07
acceleration: -0.0002421855 -0.0003877499 -0.0004030539
accel: 0.0
brake: 1.0
steer: -0.0063
linkid: A219BS010391
trafficlightid: C119BS010007
turn_signal_lamp: 0.0