position: 23.789199 42.677000000000135 -0.2542772
orientation: 1.61441 1.026523 61.09177
enu_velocity: 19.39672 34.99178 -0.04030804
velocity: 40.00248 -0.04539871 0.6780027
angularVelocity: -0.002097365 -0.01092773 -0.0002434388
acceleration: 0.05811882 0.02977153 0.167562
accel: 0.02985975
brake: 0.0
steer: 0.0003
linkid: A219BS010380
trafficlightid: null
turn_signal_lamp: 0.0