position: 95.613519 130.23400000000015 -0.2573972
orientation: 1.211334 1.589674 151.2897
enu_velocity: -6.840939e-06 -1.875935e-05 5.433757e-05
velocity: -4.517984e-06 2.088141e-05 5.380369e-05
angularVelocity: -1.782783e-05 -2.374521e-06 -1.283152e-06
acceleration: -0.0001172909 0.0008481374 0.001206203
accel: 0.0
brake: 1.0
steer: -0.0063
linkid: A219BS010391
trafficlightid: C119BS010007
turn_signal_lamp: 0.0