position: 95.613519 130.23400000000015 -0.2573964
orientation: 1.211334 1.589671 151.2897
enu_velocity: -4.519426e-06 -1.177671e-05 0.0001246648
velocity: -5.151238e-06 1.513054e-05 0.0001242777
angularVelocity: -1.296847e-05 -1.458835e-06 -1.202841e-06
acceleration: -1.764426e-05 0.0006619938 0.001538507
accel: 0.0
brake: 1.0
steer: -0.0063
linkid: A219BS010391
trafficlightid: C119BS010007
turn_signal_lamp: 0.0