position: 95.613519 130.23400000000015 -0.2573961
orientation: 1.211334 1.589663 151.2897
enu_velocity: 7.242485e-06 -5.103087e-06 8.783567e-05
velocity: -1.123681e-05 2.8473e-06 8.751702e-05
angularVelocity: -1.743976e-06 -7.444174e-06 -1.035547e-06
acceleration: -1.669126e-05 4.277719e-06 -0.0003414631
accel: 0.0
brake: 1.0
steer: -0.0063
linkid: A219BS010391
trafficlightid: C119BS010007
turn_signal_lamp: 0.0