position: 95.613519 130.23400000000015 -0.2573953
orientation: 1.211304 1.589666 151.2897
enu_velocity: -8.652169e-06 -6.61115e-06 0.0001393418
velocity: 5.453667e-07 1.289961e-05 0.0001391689
angularVelocity: -1.034843e-05 3.591376e-06 -1.157795e-06
acceleration: 6.093166e-05 0.0001073547 0.0001904146
accel: 0.0
brake: 1.0
steer: -0.0063
linkid: A219BS010391
trafficlightid: C119BS010007
turn_signal_lamp: 0.0