position: 23.896939 42.871000000000095 -0.2547603
orientation: 1.609802 1.014888 61.0914
enu_velocity: 19.39551 34.99641 -0.02806973
velocity: 40.00585 -0.04177475 0.6820719
angularVelocity: -0.004569625 -0.009882756 -2.403824e-06
acceleration: 0.04427355 0.04934251 0.1704004
accel: 0.02916247
brake: 0.0
steer: 0.0004
linkid: A219BS010380
trafficlightid: null
turn_signal_lamp: 0.0