position: 95.613519 130.23400000000015 -0.257395
orientation: 1.211304 1.589655 151.2897
enu_velocity: 1.717123e-05 7.84753e-06 9.934982e-05
velocity: -1.404211e-05 -1.303531e-05 9.929613e-05
angularVelocity: 1.245675e-05 -9.705667e-06 -8.102533e-07
acceleration: -9.024807e-06 -0.0007395584 -0.0004619393
accel: 0.0
brake: 1.0
steer: -0.0063
linkid: A219BS010391
trafficlightid: C119BS010007
turn_signal_lamp: 0.0