position: 95.613519 130.23400000000015 -0.2573934
orientation: 1.211304 1.589611 151.2897
enu_velocity: 6.453104e-06 -6.007961e-06 0.0001322525
velocity: -1.221132e-05 4.958578e-06 0.0001318892
angularVelocity: -3.32114e-06 -7.404979e-06 -1.066351e-06
acceleration: -0.0001017388 -0.0001727493 -0.0004477792
accel: 0.0
brake: 1.0
steer: -0.0063
linkid: A219BS010391
trafficlightid: C119BS010007
turn_signal_lamp: 0.0