position: 95.613519 130.23400000000015 -0.2573922
orientation: 1.211273 1.589583 151.2897
enu_velocity: 8.396104e-06 -1.733714e-06 9.989335e-05
velocity: -1.096461e-05 -4.061562e-07 9.965839e-05
angularVelocity: 1.32382e-06 -6.904903e-06 -9.899828e-07
acceleration: 0.0001326322 -0.0002706336 -0.0001601326
accel: 0.0
brake: 1.0
steer: -0.0063
linkid: A219BS010391
trafficlightid: C119BS010007
turn_signal_lamp: 0.0