position: 24.004679000000003 43.06600000000003 -0.2552206
orientation: 1.60434 1.002221 61.09122
enu_velocity: 19.39421 35.001 -0.02061645
velocity: 40.00927 -0.03840637 0.6806381
angularVelocity: -0.004468976 -0.01170666 0.0002653833
acceleration: 0.04263417 0.05131252 0.07989526
accel: 0.02779588
brake: 0.0
steer: 0.0005
linkid: A219BS010380
trafficlightid: null
turn_signal_lamp: 0.0