position: 95.613519 130.23400000000015 -0.2573917
orientation: 1.211273 1.58955 151.2897
enu_velocity: 5.165561e-06 7.513126e-06 3.463038e-05
velocity: -1.881604e-06 -8.337634e-06 3.477552e-05
angularVelocity: 7.242622e-06 -5.272677e-07 -8.713054e-07
acceleration: 0.0003891785 0.000270898 -0.0004540749
accel: 0.0
brake: 1.0
steer: -0.0063
linkid: A219BS010391
trafficlightid: C119BS010007
turn_signal_lamp: 0.0