position: 95.613519 130.23400000000015 -0.2573918
orientation: 1.211273 1.589552 151.2897
enu_velocity: -4.892374e-06 -8.461566e-06 -4.698947e-05
velocity: 1.529493e-06 8.776513e-06 -4.716119e-05
angularVelocity: -6.901939e-06 4.144383e-07 -1.098261e-06
acceleration: -0.0002079743 0.0003512259 -0.0004443561
accel: 0.0
brake: 1.0
steer: -0.0063
linkid: A219BS010391
trafficlightid: C119BS010007
turn_signal_lamp: 0.0