position: 24.112429 43.25999999999999 -0.2557263
orientation: 1.599762 0.9866654 61.09142
enu_velocity: 19.39306 35.0045 -0.01498878
velocity: 40.01187 -0.03603363 0.6753727
angularVelocity: -0.003888511 -0.01417483 0.0006374172
acceleration: 0.03070967 0.04039983 0.07699979
accel: 0.02697548
brake: 0.0
steer: 0.0005
linkid: A219BS010380
trafficlightid: null
turn_signal_lamp: 0.0