position: 95.613519 130.23400000000015 -0.2573928
orientation: 1.211273 1.589567 151.2897
enu_velocity: -1.813615e-05 1.134563e-06 -4.26617e-05
velocity: 1.762859e-05 6.82364e-06 -4.234264e-05
angularVelocity: -4.907186e-06 1.429679e-05 -1.041884e-06
acceleration: 0.0003413924 6.818688e-05 0.0001449289
accel: 0.0
brake: 1.0
steer: -0.0063
linkid: A219BS010391
trafficlightid: C119BS010007
turn_signal_lamp: 0.0