position: 95.613519 130.23400000000015 -0.2573931
orientation: 1.211273 1.589605 151.2897
enu_velocity: -1.035754e-05 8.84196e-06 -3.213648e-05
velocity: 1.421804e-05 -3.449994e-06 -3.168844e-05
angularVelocity: 4.356e-06 1.145148e-05 -8.986696e-07
acceleration: 0.000182763 -0.0005108331 9.037982e-05
accel: 0.0
brake: 1.0
steer: -0.0063
linkid: A219BS010391
trafficlightid: C119BS010007
turn_signal_lamp: 0.0