position: 95.613519 130.23400000000015 -0.2573931
orientation: 1.211273 1.589622 151.2897
enu_velocity: 1.033648e-05 1.414937e-05 -8.02674e-06
velocity: -2.045072e-06 -1.754236e-05 -7.717477e-06
angularVelocity: 1.679555e-05 -1.958427e-06 -7.224982e-07
acceleration: -8.007232e-05 -0.001023398 -0.000337545
accel: 0.0
brake: 1.0
steer: -0.0063
linkid: A219BS010391
trafficlightid: C119BS010007
turn_signal_lamp: 0.0