position: 95.613519 130.23400000000015 -0.2573931
orientation: 1.211273 1.589621 151.2897
enu_velocity: 1.384124e-06 8.979916e-06 2.446516e-05
velocity: 2.419959e-06 -8.020131e-06 2.471679e-05
angularVelocity: 8.242066e-06 2.665313e-06 -8.550425e-07
acceleration: 0.0001184226 -0.0006216788 0.0003258088
accel: 0.0
brake: 1.0
steer: -0.0063
linkid: A219BS010391
trafficlightid: C119BS010007
turn_signal_lamp: 0.0