position: 95.613519 130.23400000000015 -0.2573929
orientation: 1.211273 1.589617 151.2897
enu_velocity: -3.095857e-06 -6.167711e-06 1.132113e-05
velocity: -5.615639e-07 7.134186e-06 1.116159e-05
angularVelocity: -5.679746e-06 9.056316e-08 -1.0819e-06
acceleration: 0.0001669534 0.0003774566 -0.0002386022
accel: 0.0
brake: 1.0
steer: -0.0063
linkid: A219BS010391
trafficlightid: C119BS010007
turn_signal_lamp: 0.0