position: 95.613519 130.23400000000015 -0.2573926
orientation: 1.211273 1.589599 151.2897
enu_velocity: -6.850258e-06 2.110239e-06 1.772322e-05
velocity: 6.527458e-06 1.818241e-06 1.787674e-05
angularVelocity: -1.852604e-06 6.21212e-06 -1.00006e-06
acceleration: 0.0003027912 0.0007431234 0.0007692985
accel: 0.0
brake: 1.0
steer: -0.0063
linkid: A219BS010391
trafficlightid: C119BS010007
turn_signal_lamp: 0.0