position: 24.435659 43.84400000000005 -0.2570352
orientation: 1.579987 0.9386075 61.09369
enu_velocity: 19.38996 35.01313 0.00919439
velocity: 40.01807 -0.03123283 0.6659361
angularVelocity: -0.007648575 -0.01161233 0.001210489
acceleration: 0.02364594 0.03777891 0.1330926
accel: 0.02486396
brake: 0.0
steer: 0.0003
linkid: A219BS010380
trafficlightid: null
turn_signal_lamp: 0.0