position: 95.613519 130.23400000000015 -0.2573926
orientation: 1.211334 1.589592 151.2897
enu_velocity: 9.023281e-06 1.387052e-05 -1.714717e-05
velocity: -7.746639e-07 -1.68593e-05 -1.682262e-05
angularVelocity: 1.532283e-05 -1.138124e-06 -7.389095e-07
acceleration: -0.0001889857 -0.0003631325 -0.0009334711
accel: 0.0
brake: 1.0
steer: -0.0063
linkid: A219BS010391
trafficlightid: C119BS010007
turn_signal_lamp: 0.0