position: 95.613519 130.23400000000015 -0.2573926
orientation: 1.211334 1.589593 151.2897
enu_velocity: 7.883223e-06 4.908252e-06 2.782238e-06
velocity: -4.631647e-06 -8.033856e-06 2.825246e-06
angularVelocity: 7.983723e-06 -3.924734e-06 -8.674263e-07
acceleration: -0.0002810839 -0.0004010942 0.000211814
accel: 0.0
brake: 1.0
steer: -0.0063
linkid: A219BS010391
trafficlightid: C119BS010007
turn_signal_lamp: 0.0