position: 95.613519 130.23400000000015 -0.2573926
orientation: 1.211334 1.589592 151.2897
enu_velocity: 7.215192e-06 2.869389e-06 -9.204477e-06
velocity: -4.692514e-06 -6.178747e-06 -9.20968e-06
angularVelocity: 6.328747e-06 -4.13285e-06 -8.961566e-07
acceleration: -0.0001686944 -0.0002834687 -0.0004323922
accel: 0.0
brake: 1.0
steer: -0.0063
linkid: A219BS010391
trafficlightid: C119BS010007
turn_signal_lamp: 0.0