position: 95.613519 130.23400000000015 -0.2573927
orientation: 1.211304 1.589601 151.2897
enu_velocity: -6.097955e-06 4.078015e-06 1.504425e-05
velocity: 6.887131e-06 -3.24977e-07 1.525144e-05
angularVelocity: 1.669898e-06 6.220052e-06 -9.551088e-07
acceleration: 4.510843e-05 -0.000454134 -2.345317e-05
accel: 0.0
brake: 1.0
steer: -0.0063
linkid: A219BS010391
trafficlightid: C119BS010007
turn_signal_lamp: 0.0