position: 95.613519 130.23400000000015 -0.2573924
orientation: 1.211273 1.589615 151.2897
enu_velocity: -1.250562e-05 -9.480555e-06 1.021192e-05
velocity: 6.128137e-06 1.453883e-05 1.008083e-05
angularVelocity: -1.154134e-05 5.810482e-06 -1.170401e-06
acceleration: 0.0002888718 0.0001353878 0.0008294586
accel: 0.0
brake: 1.0
steer: -0.0063
linkid: A219BS010391
trafficlightid: C119BS010007
turn_signal_lamp: 0.0