position: 95.613519 130.23400000000015 -0.2573926
orientation: 1.211273 1.589611 151.2897
enu_velocity: -8.472922e-06 -8.669669e-06 1.323072e-05
velocity: 2.898224e-06 1.195294e-05 1.306649e-05
angularVelocity: -9.362497e-06 3.087571e-06 -1.141081e-06
acceleration: 0.0001945574 0.0001230322 0.0008636666
accel: 0.0
brake: 1.0
steer: -0.0063
linkid: A219BS010391
trafficlightid: C119BS010007
turn_signal_lamp: 0.0