position: 24.651059 44.23299999999995 -0.2571608
orientation: 1.558502 0.9251712 61.09532
enu_velocity: 19.37435 34.99095 0.02729845
velocity: 39.99097 -0.02946854 0.6741545
angularVelocity: -0.009625896 -0.002107622 0.00066448
acceleration: -0.2888516 0.01776354 0.1063915
accel: 0.03885154
brake: 0.0
steer: -0.0001
linkid: A219BS010380
trafficlightid: null
turn_signal_lamp: 0.0