position: 95.613519 130.23400000000015 -0.2573931
orientation: 1.211273 1.589598 151.2897
enu_velocity: -3.671249e-06 -4.672453e-07 2.033411e-05
velocity: 2.430224e-06 2.604358e-06 2.035887e-05
angularVelocity: -1.999432e-06 2.925551e-06 -1.015567e-06
acceleration: 0.0004138397 0.0003658779 0.001612935
accel: 0.0
brake: 1.0
steer: -0.0063
linkid: A219BS010391
trafficlightid: C119BS010007
turn_signal_lamp: 0.0