position: 95.613519 130.23400000000015 -0.2573929
orientation: 1.211273 1.5896 151.2897
enu_velocity: -6.605909e-06 -1.614956e-05 1.088359e-05
velocity: -2.265335e-06 1.756244e-05 1.045599e-05
angularVelocity: -1.443137e-05 -1.322247e-06 -1.229247e-06
acceleration: 5.346339e-05 0.0004340414 8.879734e-05
accel: 0.0
brake: 1.0
steer: -0.0063
linkid: A219BS010391
trafficlightid: C119BS010007
turn_signal_lamp: 0.0