position: 24.758699 44.427000000000135 -0.2570345
orientation: 1.549438 0.9235288 61.09578
enu_velocity: 19.37507 34.99335 0.03147104
velocity: 39.99338 -0.02927208 0.6772079
angularVelocity: -0.007321967 -0.001394087 0.0003975925
acceleration: 0.08618269 0.004625361 0.049091
accel: 0.03673423
brake: 0.0
steer: -0.0001
linkid: A219BS010380
trafficlightid: null
turn_signal_lamp: 0.0