position: 95.613519 130.23400000000015 -0.2573932
orientation: 1.211273 1.589592 151.2897
enu_velocity: -7.38789e-06 -2.205888e-06 1.868193e-05
velocity: 4.899628e-06 5.880426e-06 1.870496e-05
angularVelocity: -4.841389e-06 4.772051e-06 -1.056939e-06
acceleration: 0.0001232588 0.0004859819 0.0002673622
accel: 0.0
brake: 1.0
steer: -0.0063
linkid: A219BS010391
trafficlightid: C119BS010007
turn_signal_lamp: 0.0