position: 95.613519 130.23400000000015 -0.2573933
orientation: 1.211273 1.589588 151.2897
enu_velocity: 6.999282e-06 7.638162e-07 1.010843e-05
velocity: -6.050051e-06 -3.821122e-06 1.002744e-05
angularVelocity: 4.127146e-06 -4.790953e-06 -9.331417e-07
acceleration: -0.0001070219 -0.0001306286 0.0008412547
accel: 0.0
brake: 1.0
steer: -0.0063
linkid: A219BS010391
trafficlightid: C119BS010007
turn_signal_lamp: 0.0