position: 95.613519 130.23400000000015 -0.2573927
orientation: 1.211273 1.589608 151.2897
enu_velocity: -6.86998e-06 -4.425548e-06 2.473362e-05
velocity: 3.21181e-06 7.705015e-06 2.467491e-05
angularVelocity: -6.098609e-06 3.482763e-06 -1.081096e-06
acceleration: 9.956007e-05 0.0002892394 0.000571102
accel: 0.0
brake: 1.0
steer: -0.0063
linkid: A219BS010391
trafficlightid: C119BS010007
turn_signal_lamp: 0.0