position: 95.613519 130.23400000000015 -0.2573926
orientation: 1.211304 1.589612 151.2897
enu_velocity: 7.707627e-06 3.28696e-06 3.813305e-06
velocity: -5.284842e-06 -6.506449e-06 3.806508e-06
angularVelocity: 6.733357e-06 -4.443106e-06 -8.893079e-07
acceleration: -0.0002908754 -0.0004248376 0.0002372141
accel: 0.0
brake: 1.0
steer: -0.0063
linkid: A219BS010391
trafficlightid: C119BS010007
turn_signal_lamp: 0.0