position: 95.613519 130.23400000000015 -0.2573925
orientation: 1.211304 1.589613 151.2897
enu_velocity: -6.209206e-06 -9.508887e-06 3.052798e-05
velocity: 3.075002e-08 1.196573e-05 3.029441e-05
angularVelocity: -9.437055e-06 1.036748e-06 -1.145677e-06
acceleration: 0.0001768298 0.0001343526 0.001187618
accel: 0.0
brake: 1.0
steer: -0.0063
linkid: A219BS010391
trafficlightid: C119BS010007
turn_signal_lamp: 0.0