position: 24.974039 44.81600000000003 -0.2566687
orientation: 1.536133 0.9226465 61.09554
enu_velocity: 19.38432 35.00119 0.03781172
velocity: 40.00461 -0.03339958 0.6832161
angularVelocity: -0.005753617 0.001511692 -0.0003146171
acceleration: 0.04926524 -0.01930906 0.06164739
accel: 0.02971131
brake: 0.0
steer: -0.0003
linkid: A219BS010380
trafficlightid: null
turn_signal_lamp: 0.0