position: 95.613519 130.23400000000015 -0.2573924
orientation: 1.211273 1.589613 151.2897
enu_velocity: -9.60084e-06 2.982165e-08 1.504479e-06
velocity: 8.389855e-06 4.621626e-06 1.640554e-06
angularVelocity: -3.107975e-06 7.478908e-06 -1.028057e-06
acceleration: 0.0003686845 1.516644e-05 0.0003283655
accel: 0.0
brake: 1.0
steer: -0.0063
linkid: A219BS010391
trafficlightid: C119BS010007
turn_signal_lamp: 0.0