position: 95.613519 130.23400000000015 -0.2573925
orientation: 1.211273 1.589611 151.2897
enu_velocity: -6.672051e-06 1.270298e-06 6.437941e-06
velocity: 6.280937e-06 2.230369e-06 6.569042e-06
angularVelocity: -1.166071e-06 5.697253e-06 -9.978206e-07
acceleration: 0.0002088328 3.473887e-05 0.0008025459
accel: 0.0
brake: 1.0
steer: -0.0063
linkid: A219BS010391
trafficlightid: C119BS010007
turn_signal_lamp: 0.0