position: 95.613519 130.23400000000015 -0.2573926
orientation: 1.211273 1.589609 151.2897
enu_velocity: 5.936065e-06 8.387162e-06 -1.405665e-05
velocity: -7.868539e-07 -1.050306e-05 -1.386497e-05
angularVelocity: 1.018421e-05 -8.193433e-07 -8.266592e-07
acceleration: 0.0001207729 -0.0004823823 -0.0001574562
accel: 0.0
brake: 1.0
steer: -0.0063
linkid: A219BS010391
trafficlightid: C119BS010007
turn_signal_lamp: 0.0