position: 95.613519 130.23400000000015 -0.2573926
orientation: 1.211273 1.589611 151.2897
enu_velocity: -5.208021e-06 3.969834e-06 4.744435e-06
velocity: 6.340677e-06 -8.756713e-07 4.941837e-06
angularVelocity: 1.351219e-06 5.688075e-06 -9.56606e-07
acceleration: 0.0002118901 5.823565e-05 0.0008040658
accel: 0.0
brake: 1.0
steer: -0.0063
linkid: A219BS010391
trafficlightid: C119BS010007
turn_signal_lamp: 0.0