position: 95.613519 130.23400000000015 -0.2573927
orientation: 1.211304 1.589611 151.2897
enu_velocity: -7.883564e-06 2.856122e-06 -3.254767e-06
velocity: 8.373485e-06 1.217926e-06 -3.050075e-06
angularVelocity: -5.277407e-07 7.281026e-06 -9.846373e-07
acceleration: 0.0002716256 0.0001658291 0.0006262985
accel: 0.0
brake: 1.0
steer: -0.0063
linkid: A219BS010391
trafficlightid: C119BS010007
turn_signal_lamp: 0.0