position: 95.613519 130.23400000000015 -0.2573925
orientation: 1.211304 1.58962 151.2897
enu_velocity: -5.658628e-06 -4.303939e-06 -3.250722e-06
velocity: 2.984483e-06 6.424667e-06 -3.305703e-06
angularVelocity: -4.776268e-06 2.4903e-06 -1.059745e-06
acceleration: -0.0002158227 0.0001771499 -0.0002271293
accel: 0.0
brake: 1.0
steer: -0.0063
linkid: A219BS010391
trafficlightid: C119BS010007
turn_signal_lamp: 0.0