position: 95.613519 130.23400000000015 -0.2573925
orientation: 1.211304 1.58962 151.2897
enu_velocity: -4.085424e-06 -4.563071e-06 2.341219e-05
velocity: 7.411418e-07 6.458867e-06 2.331044e-05
angularVelocity: -5.103193e-06 1.44219e-06 -1.069344e-06
acceleration: 0.0001833238 0.0003194824 0.0006028152
accel: 0.0
brake: 1.0
steer: -0.0063
linkid: A219BS010391
trafficlightid: C119BS010007
turn_signal_lamp: 0.0