position: 95.613519 130.23400000000015 -0.2573925
orientation: 1.211304 1.589621 151.2897
enu_velocity: 2.546481e-06 6.628886e-06 2.695622e-05
velocity: 2.028337e-07 -6.465456e-06 2.711496e-05
angularVelocity: 6.167692e-06 9.167479e-07 -8.865134e-07
acceleration: 0.0001308632 -6.318134e-05 0.001335178
accel: 0.0
brake: 1.0
steer: -0.0063
linkid: A219BS010391
trafficlightid: C119BS010007
turn_signal_lamp: 0.0