position: 95.613519 130.23400000000015 -0.2573929
orientation: 1.211334 1.589611 151.2897
enu_velocity: 1.022384e-05 5.584108e-06 -2.679739e-05
velocity: -5.538627e-06 -1.037672e-05 -2.674802e-05
angularVelocity: 8.886924e-06 -4.901759e-06 -8.491278e-07
acceleration: 0.0002849126 0.0003812219 8.98044e-05
accel: 0.0
brake: 1.0
steer: -0.0063
linkid: A219BS010391
trafficlightid: C119BS010007
turn_signal_lamp: 0.0