position: 95.613519 130.23400000000015 -0.2573929
orientation: 1.211304 1.589599 151.2897
enu_velocity: -2.834119e-06 3.276514e-07 1.890241e-05
velocity: 2.117716e-06 1.474836e-06 1.894151e-05
angularVelocity: -1.849057e-07 2.519295e-06 -9.917615e-07
acceleration: 0.0003045686 -0.0002336859 0.0005350778
accel: 0.0
brake: 1.0
steer: -0.0063
linkid: A219BS010391
trafficlightid: C119BS010007
turn_signal_lamp: 0.0