position: 25.297149 45.399000000000115 -0.2554865
orientation: 1.520782 0.9422973 61.09248
enu_velocity: 19.39563 35.00592 0.03566088
velocity: 40.01402 -0.03875732 0.6950764
angularVelocity: -0.001577007 0.00670487 -0.001330265
acceleration: 0.04343469 -0.05372532 -0.07339767
accel: 0.02625658
brake: 0.0
steer: -0.0004
linkid: A219BS010380
trafficlightid: null
turn_signal_lamp: 0.0