position: 95.613519 130.23400000000015 -0.2573928
orientation: 1.211304 1.589602 151.2897
enu_velocity: 4.889252e-06 3.199485e-06 -2.788656e-05
velocity: -1.976553e-06 -5.744598e-06 -2.783693e-05
angularVelocity: 5.930158e-06 -2.330574e-06 -8.945556e-07
acceleration: -0.0002876848 -0.0002044969 -0.001247248
accel: 0.0
brake: 1.0
steer: -0.0063
linkid: A219BS010391
trafficlightid: C119BS010007
turn_signal_lamp: 0.0