position: 95.613519 130.23400000000015 -0.2573927
orientation: 1.211304 1.589605 151.2897
enu_velocity: -1.016319e-05 -8.948458e-07 5.636249e-06
velocity: 8.324237e-06 5.789854e-06 5.748313e-06
angularVelocity: -4.045477e-06 7.266877e-06 -1.043643e-06
acceleration: 8.801353e-06 -6.840621e-06 -0.0002499731
accel: 0.0
brake: 1.0
steer: -0.0063
linkid: A219BS010391
trafficlightid: C119BS010007
turn_signal_lamp: 0.0