position: 95.613519 130.23400000000015 -0.2573927
orientation: 1.211304 1.589608 151.2897
enu_velocity: -9.746936e-06 -6.64256e-06 -8.707066e-06
velocity: 5.597155e-06 1.032497e-05 -8.77532e-06
angularVelocity: -8.410519e-06 4.830727e-06 -1.115085e-06
acceleration: 0.0001186286 0.0004345574 0.0001475753
accel: 0.0
brake: 1.0
steer: -0.0063
linkid: A219BS010391
trafficlightid: C119BS010007
turn_signal_lamp: 0.0