position: 95.613519 130.23400000000015 -0.2573925
orientation: 1.211304 1.589614 151.2897
enu_velocity: -1.10396e-05 -7.131752e-06 1.354612e-05
velocity: 5.87824e-06 1.184553e-05 1.346706e-05
angularVelocity: -8.995252e-06 5.455066e-06 -1.129584e-06
acceleration: 1.645691e-05 -6.628589e-05 0.0005438679
accel: 0.0
brake: 1.0
steer: -0.0063
linkid: A219BS010391
trafficlightid: C119BS010007
turn_signal_lamp: 0.0