position: 25.404899 45.59400000000005 -0.2550927
orientation: 1.520294 0.9504774 61.09108
enu_velocity: 19.40027 35.00631 0.03057815
velocity: 40.0166 -0.04164314 0.6958266
angularVelocity: -0.000395224 0.00753839 -0.00146174
acceleration: 0.02913185 -0.05587943 -0.05576591
accel: 0.02502554
brake: 0.0
steer: -0.0006
linkid: A219BS010380
trafficlightid: null
turn_signal_lamp: 0.0