position: 95.613519 130.23400000000015 -0.2573926
orientation: 1.211273 1.589613 151.2897
enu_velocity: -6.311125e-06 -6.415262e-06 2.105919e-05
velocity: 1.868323e-06 9.102822e-06 2.09314e-05
angularVelocity: -7.110178e-06 2.395249e-06 -1.103216e-06
acceleration: 0.0002409906 0.0002032402 0.0007131002
accel: 0.0
brake: 1.0
steer: -0.0063
linkid: A219BS010391
trafficlightid: C119BS010007
turn_signal_lamp: 0.0