position: 95.613519 130.23400000000015 -0.2573929
orientation: 1.211273 1.589602 151.2897
enu_velocity: 6.965998e-06 -1.077331e-07 8.107772e-07
velocity: -6.181469e-06 -3.237604e-06 7.081466e-07
angularVelocity: 3.621376e-06 -5.087038e-06 -9.39958e-07
acceleration: -8.830088e-05 -0.0001018707 -9.315741e-05
accel: 0.0
brake: 1.0
steer: -0.0063
linkid: A219BS010391
trafficlightid: C119BS010007
turn_signal_lamp: 0.0