position: 95.613519 130.23400000000015 -0.2573928
orientation: 1.211273 1.589603 151.2897
enu_velocity: -8.1322e-06 -6.988138e-06 1.910791e-05
velocity: 3.243938e-06 1.043932e-05 1.898885e-05
angularVelocity: -8.998199e-06 3.593281e-06 -1.126539e-06
acceleration: 0.0003322996 0.0007354147 0.0009759552
accel: 0.0
brake: 1.0
steer: -0.0063
linkid: A219BS010391
trafficlightid: C119BS010007
turn_signal_lamp: 0.0