position: 95.613519 130.23400000000015 -0.2573928
orientation: 1.211273 1.589602 151.2897
enu_velocity: -8.145405e-06 5.674643e-06 9.583271e-06
velocity: 9.60036e-06 -8.555653e-07 9.873672e-06
angularVelocity: 1.26268e-06 8.581917e-06 -9.529218e-07
acceleration: 0.0003341888 0.0001047851 0.0002027735
accel: 0.0
brake: 1.0
steer: -0.0063
linkid: A219BS010391
trafficlightid: C119BS010007
turn_signal_lamp: 0.0