position: 95.613519 130.23400000000015 -0.2573928
orientation: 1.211273 1.589602 151.2897
enu_velocity: -8.693256e-06 -6.791055e-06 1.640731e-05
velocity: 3.905383e-06 1.047924e-05 1.630413e-05
angularVelocity: -8.321653e-06 4.016771e-06 -1.118949e-06
acceleration: 0.0002457016 0.0002288408 0.0006842559
accel: 0.0
brake: 1.0
steer: -0.0063
linkid: A219BS010391
trafficlightid: C119BS010007
turn_signal_lamp: 0.0