position: 95.613519 130.23400000000015 -0.2573927
orientation: 1.211273 1.589602 151.2897
enu_velocity: -1.049301e-05 -1.027557e-05 2.001735e-05
velocity: 3.709871e-06 1.447528e-05 1.982644e-05
angularVelocity: -1.176505e-05 3.932457e-06 -1.175709e-06
acceleration: 0.0002094251 0.0003420014 0.0002430824
accel: 0.0
brake: 1.0
steer: -0.0063
linkid: A219BS010391
trafficlightid: C119BS010007
turn_signal_lamp: 0.0