position: 95.613519 130.23400000000015 -0.2573927
orientation: 1.211273 1.589604 151.2897
enu_velocity: -9.222636e-06 3.179901e-07 4.252127e-06
velocity: 8.120432e-06 4.245247e-06 4.390353e-06
angularVelocity: -3.704213e-06 7.319394e-06 -1.030851e-06
acceleration: 0.0003489014 0.0006495058 0.0009160456
accel: 0.0
brake: 1.0
steer: -0.0063
linkid: A219BS010391
trafficlightid: C119BS010007
turn_signal_lamp: 0.0