position: 95.613519 130.23400000000015 -0.2573927
orientation: 1.211273 1.589606 151.2897
enu_velocity: -9.981224e-06 -5.877113e-07 4.205882e-06
velocity: 8.351871e-06 5.402912e-06 4.326027e-06
angularVelocity: -3.994719e-06 7.447903e-06 -1.040314e-06
acceleration: 0.0002786485 0.0001802897 3.584001e-05
accel: 0.0
brake: 1.0
steer: -0.0063
linkid: A219BS010391
trafficlightid: C119BS010007
turn_signal_lamp: 0.0