position: 95.613519 130.23400000000015 -0.2573926
orientation: 1.211273 1.589608 151.2897
enu_velocity: -1.02682e-05 -8.133923e-06 1.762503e-05
velocity: 4.607552e-06 1.243932e-05 1.750064e-05
angularVelocity: -1.015278e-05 4.584975e-06 -1.145556e-06
acceleration: 0.0001555162 0.0003940591 0.0003918092
accel: 0.0
brake: 1.0
steer: -0.0063
linkid: A219BS010391
trafficlightid: C119BS010007
turn_signal_lamp: 0.0