position: 95.613519 130.23400000000015 -0.2573927
orientation: 1.211273 1.589606 151.2897
enu_velocity: 6.102476e-06 6.681953e-06 4.738739e-06
velocity: -2.272977e-06 -8.691146e-06 4.862297e-06
angularVelocity: 8.312962e-06 -1.757913e-06 -8.557847e-07
acceleration: -5.446107e-05 -0.0002376872 0.0006617482
accel: 0.0
brake: 1.0
steer: -0.0063
linkid: A219BS010391
trafficlightid: C119BS010007
turn_signal_lamp: 0.0