position: 95.613519 130.23400000000015 -0.2573928
orientation: 1.211273 1.589602 151.2897
enu_velocity: -6.053406e-06 -5.775943e-06 2.395595e-05
velocity: 1.869023e-06 8.47971e-06 2.384311e-05
angularVelocity: -6.293747e-06 2.221894e-06 -1.090655e-06
acceleration: -6.964053e-05 -3.179822e-05 -1.208011e-05
accel: 0.0
brake: 1.0
steer: -0.0063
linkid: A219BS010391
trafficlightid: C119BS010007
turn_signal_lamp: 0.0