position: 95.613519 130.23400000000015 -0.2573929
orientation: 1.211273 1.589597 151.2897
enu_velocity: -6.060086e-06 -4.472374e-06 1.655724e-05
velocity: 2.706092e-06 7.183897e-06 1.649053e-05
angularVelocity: -6.416227e-06 3.134177e-06 -1.084965e-06
acceleration: 0.0004201953 0.0008292754 0.001265945
accel: 0.0
brake: 1.0
steer: -0.0063
linkid: A219BS010391
trafficlightid: C119BS010007
turn_signal_lamp: 0.0