position: 95.613519 130.23400000000015 -0.2573926
orientation: 1.211273 1.589603 151.2897
enu_velocity: -9.216968e-06 4.769209e-07 8.876134e-06
velocity: 8.063509e-06 4.200916e-06 9.016532e-06
angularVelocity: -2.519742e-06 7.158292e-06 -1.019131e-06
acceleration: 0.000106585 -0.0001574414 -0.0005477322
accel: 0.0
brake: 1.0
steer: -0.0063
linkid: A219BS010391
trafficlightid: C119BS010007
turn_signal_lamp: 0.0