position: 95.613519 130.23400000000015 -0.2573926
orientation: 1.211273 1.589602 151.2897
enu_velocity: -8.707958e-06 1.630576e-06 7.155476e-06
velocity: 8.218963e-06 2.908557e-06 7.326466e-06
angularVelocity: -1.43582e-06 7.24334e-06 -1.000613e-06
acceleration: 0.0001064325 -0.0001533117 -0.0005476173
accel: 0.0
brake: 1.0
steer: -0.0063
linkid: A219BS010391
trafficlightid: C119BS010007
turn_signal_lamp: 0.0