position: 95.613519 130.23400000000015 -0.2573926
orientation: 1.211273 1.589604 151.2897
enu_velocity: -8.828148e-06 1.615947e-06 6.031553e-06
velocity: 8.348488e-06 2.955417e-06 6.204465e-06
angularVelocity: -1.755882e-06 7.520308e-06 -1.004782e-06
acceleration: 0.0003665098 1.481106e-05 0.0003282604
accel: 0.0
brake: 1.0
steer: -0.0063
linkid: A219BS010391
trafficlightid: C119BS010007
turn_signal_lamp: 0.0