position: 95.613519 130.23400000000015 -0.2573924
orientation: 1.211273 1.589606 151.2897
enu_velocity: -9.158996e-06 -5.89777e-06 1.944813e-05
velocity: 4.658307e-06 9.984382e-06 1.937816e-05
angularVelocity: -8.124575e-06 4.643282e-06 -1.111438e-06
acceleration: 0.0001553688 0.0003958025 0.000391845
accel: 0.0
brake: 1.0
steer: -0.0063
linkid: A219BS010391
trafficlightid: C119BS010007
turn_signal_lamp: 0.0