position: 95.613519 130.23400000000015 -0.2573924
orientation: 1.211304 1.589611 151.2897
enu_velocity: -8.099758e-06 1.111815e-06 1.864245e-05
velocity: 7.117979e-06 3.313613e-06 1.87813e-05
angularVelocity: -2.351534e-06 6.689157e-06 -1.015195e-06
acceleration: 0.0002412124 0.0001934579 0.001295904
accel: 0.0
brake: 1.0
steer: -0.0063
linkid: A219BS010391
trafficlightid: C119BS010007
turn_signal_lamp: 0.0