position: 95.613519 130.23400000000015 -0.2573925
orientation: 1.211273 1.589609 151.2897
enu_velocity: 2.55774e-06 1.789523e-07 -7.661576e-06
velocity: -1.94396e-06 -1.548497e-06 -7.687457e-06
angularVelocity: 2.228367e-06 -1.636366e-06 -9.564511e-07
acceleration: 1.257625e-05 -8.726972e-05 -0.0001267079
accel: 0.0
brake: 1.0
steer: -0.0063
linkid: A219BS010391
trafficlightid: C119BS010007
turn_signal_lamp: 0.0