position: 95.613519 130.23400000000015 -0.2573929
orientation: 1.211273 1.589602 151.2897
enu_velocity: -9.480475e-06 -2.634889e-06 -4.955746e-06
velocity: 7.183949e-06 6.763082e-06 -4.902355e-06
angularVelocity: -5.369905e-06 6.49219e-06 -1.065368e-06
acceleration: 0.0005410045 0.0003523831 0.0009123195
accel: 0.0
brake: 1.0
steer: -0.0063
linkid: A219BS010391
trafficlightid: C119BS010007
turn_signal_lamp: 0.0