position: 95.613519 130.23400000000015 -0.2573929
orientation: 1.211273 1.589605 151.2897
enu_velocity: -4.896146e-06 4.085033e-06 5.100166e-06
velocity: 6.1127e-06 -1.119082e-06 5.296603e-06
angularVelocity: 1.761996e-06 5.559904e-06 -9.509243e-07
acceleration: 0.000310377 -8.623325e-05 0.0005073695
accel: 0.0
brake: 1.0
steer: -0.0063
linkid: A219BS010391
trafficlightid: C119BS010007
turn_signal_lamp: 0.0