position: 95.613519 130.23400000000015 -0.2573929
orientation: 1.211273 1.589604 151.2897
enu_velocity: -4.975309e-06 -4.004455e-06 -6.664664e-06
velocity: 2.623915e-06 5.761474e-06 -6.717708e-06
angularVelocity: -4.184458e-06 2.400255e-06 -1.054124e-06
acceleration: 0.0002104877 0.0001080441 0.0001742397
accel: 0.0
brake: 1.0
steer: -0.0063
linkid: A219BS010391
trafficlightid: C119BS010007
turn_signal_lamp: 0.0