position: 95.613519 130.23400000000015 -0.2573929
orientation: 1.211273 1.589601 151.2897
enu_velocity: -6.3979e-06 -7.717455e-06 2.133598e-05
velocity: 1.311418e-06 1.029187e-05 2.116776e-05
angularVelocity: -8.159845e-06 1.88089e-06 -1.120463e-06
acceleration: 0.0001532267 0.0002401509 0.0004219154
accel: 0.0
brake: 1.0
steer: -0.0063
linkid: A219BS010391
trafficlightid: C119BS010007
turn_signal_lamp: 0.0