position: 95.613519 130.23400000000015 -0.2573928
orientation: 1.211273 1.589602 151.2897
enu_velocity: -3.359492e-06 -1.149927e-05 1.835084e-05
velocity: -3.085632e-06 1.208303e-05 1.802088e-05
angularVelocity: -1.036456e-05 -2.029643e-06 -1.156891e-06
acceleration: -0.0001627048 0.0007344239 0.0007139868
accel: 0.0
brake: 1.0
steer: -0.0063
linkid: A219BS010391
trafficlightid: C119BS010007
turn_signal_lamp: 0.0