position: 95.613519 130.23400000000015 -0.2573927
orientation: 1.211273 1.589604 151.2897
enu_velocity: -5.441382e-06 -7.607832e-06 3.026901e-05
velocity: 2.776524e-07 9.924657e-06 3.008529e-05
angularVelocity: -8.237668e-06 1.071938e-06 -1.119221e-06
acceleration: -5.909143e-05 0.0005167584 0.001045825
accel: 0.0
brake: 1.0
steer: -0.0063
linkid: A219BS010391
trafficlightid: C119BS010007
turn_signal_lamp: 0.0