position: 95.613519 130.23400000000015 -0.2573932
orientation: 1.211304 1.589592 151.2897
enu_velocity: 7.730679e-06 4.995216e-06 -3.436959e-05
velocity: -3.425555e-06 -8.821817e-06 -3.429905e-05
angularVelocity: 7.332961e-06 -3.358643e-06 -8.698983e-07
acceleration: 0.0001656227 0.0006110835 -0.0003795964
accel: 0.0
brake: 1.0
steer: -0.0063
linkid: A219BS010391
trafficlightid: C119BS010007
turn_signal_lamp: 0.0