position: 95.613519 130.23400000000015 -0.257393
orientation: 1.211304 1.589599 151.2897
enu_velocity: 9.200939e-08 1.053199e-05 9.780386e-06
velocity: 4.705452e-06 -9.069713e-06 1.010872e-05
angularVelocity: 8.579756e-06 4.12416e-06 -8.391135e-07
acceleration: -0.0001084508 -0.000211396 0.0001072062
accel: 0.0
brake: 1.0
steer: -0.0063
linkid: A219BS010391
trafficlightid: C119BS010007
turn_signal_lamp: 0.0