position: 95.613519 130.23400000000015 -0.2573924
orientation: 1.211273 1.589615 151.2897
enu_velocity: -7.242491e-06 -5.838342e-06 2.564463e-05
velocity: 2.834705e-06 9.141797e-06 2.554563e-05
angularVelocity: -7.28634e-06 3.199022e-06 -1.101812e-06
acceleration: 0.0001003721 0.0002880846 0.000570955
accel: 0.0
brake: 1.0
steer: -0.0063
linkid: A219BS010391
trafficlightid: C119BS010007
turn_signal_lamp: 0.0