position: 95.613519 130.23400000000015 -0.2573927
orientation: 1.211273 1.589605 151.2897
enu_velocity: 6.465918e-06 4.706496e-07 -2.525471e-05
velocity: -4.742236e-06 -4.054966e-06 -2.531597e-05
angularVelocity: 4.368861e-06 -4.416147e-06 -9.269658e-07
acceleration: -6.445413e-05 -0.0001053249 -0.0007819282
accel: 0.0
brake: 1.0
steer: -0.0063
linkid: A219BS010391
trafficlightid: C119BS010007
turn_signal_lamp: 0.0