position: 95.613519 130.23400000000015 -0.2573929
orientation: 1.211273 1.589603 151.2897
enu_velocity: -5.534737e-06 -7.346378e-06 -5.682628e-06
velocity: 1.482356e-06 8.980662e-06 -5.834827e-06
angularVelocity: -6.844442e-06 1.4993e-06 -1.102755e-06
acceleration: 0.0002177964 0.0001128165 0.0001747531
accel: 0.0
brake: 1.0
steer: -0.0063
linkid: A219BS010391
trafficlightid: C119BS010007
turn_signal_lamp: 0.0