position: 95.613519 130.23400000000015 -0.2573928
orientation: 1.211273 1.589603 151.2897
enu_velocity: -5.464261e-06 -6.749211e-06 1.910408e-05
velocity: 1.019737e-06 8.94708e-06 1.895483e-05
angularVelocity: -7.083861e-06 1.551588e-06 -1.102294e-06
acceleration: 0.0001028115 0.0002860212 0.0005713818
accel: 0.0
brake: 1.0
steer: -0.0063
linkid: A219BS010391
trafficlightid: C119BS010007
turn_signal_lamp: 0.0