position: 95.613519 130.23400000000015 -0.2573933
orientation: 1.211273 1.589586 151.2897
enu_velocity: 5.067889e-06 1.977924e-06 -2.774782e-05
velocity: -2.723614e-06 -4.756737e-06 -2.773973e-05
angularVelocity: 4.704018e-06 -2.522821e-06 -9.172983e-07
acceleration: 0.0003018694 5.508796e-05 8.081058e-05
accel: 0.0
brake: 1.0
steer: -0.0063
linkid: A219BS010391
trafficlightid: C119BS010007
turn_signal_lamp: 0.0