position: 95.613519 130.23400000000015 -0.2573936
orientation: 1.211273 1.589582 151.2897
enu_velocity: 5.74281e-06 -2.70383e-06 -2.195897e-05
velocity: -5.72408e-06 -8.549657e-07 -2.211313e-05
angularVelocity: 1.325104e-06 -5.166535e-06 -9.76432e-07
acceleration: -0.0001360517 0.0001602723 5.826751e-06
accel: 0.0
brake: 1.0
steer: -0.0063
linkid: A219BS010391
trafficlightid: C119BS010007
turn_signal_lamp: 0.0