position: 95.613519 130.23400000000015 -0.2573931
orientation: 1.211273 1.589594 151.2897
enu_velocity: -6.137126e-06 -1.310568e-05 2.733548e-05
velocity: -1.671042e-06 1.501648e-05 2.698823e-05
angularVelocity: -1.189923e-05 -5.510515e-07 -1.189231e-06
acceleration: 6.7699e-06 0.0001148759 -8.095515e-06
accel: 0.0
brake: 1.0
steer: -0.0063
linkid: A219BS010391
trafficlightid: C119BS010007
turn_signal_lamp: 0.0