position: 95.613519 130.23400000000015 -0.257393
orientation: 1.211273 1.589592 151.2897
enu_velocity: -7.111013e-06 7.046232e-06 1.566899e-05
velocity: 9.183304e-06 -2.426605e-06 1.598473e-05
angularVelocity: 2.562796e-06 8.341094e-06 -9.321768e-07
acceleration: 0.00032145 6.554311e-05 0.000791781
accel: 0.0
brake: 1.0
steer: -0.0063
linkid: A219BS010391
trafficlightid: C119BS010007
turn_signal_lamp: 0.0