position: 95.613519 130.23400000000015 -0.2573933
orientation: 1.211273 1.589581 151.2897
enu_velocity: -7.85669e-06 -1.230119e-05 1.183642e-05
velocity: 6.528007e-07 1.481052e-05 1.154859e-05
angularVelocity: -1.201225e-05 1.216799e-06 -1.188173e-06
acceleration: 0.000204938 0.000325752 0.0005177262
accel: 0.0
brake: 1.0
steer: -0.0063
linkid: A219BS010391
trafficlightid: C119BS010007
turn_signal_lamp: 0.0