position: 26.374769 47.343000000000075 -0.2531201
orientation: 1.542358 1.024703 61.07849
enu_velocity: 19.41275 34.99791 -0.0315617
velocity: 40.01547 -0.04783821 0.6856994
angularVelocity: 0.002178696 0.0004940717 -0.0009020388
acceleration: 0.03663774 -0.004623442 -0.09970284
accel: 0.02546592
brake: 0.0
steer: -0.0003
linkid: A219BS010380
trafficlightid: null
turn_signal_lamp: 0.0