position: 95.613519 130.23400000000015 -0.257393
orientation: 1.211273 1.589592 151.2897
enu_velocity: 1.089333e-05 4.015786e-06 -1.189314e-06
velocity: -7.589066e-06 -8.782688e-06 -1.214987e-06
angularVelocity: 8.317542e-06 -6.423297e-06 -8.633167e-07
acceleration: -0.0002110969 -0.0001538179 0.0005068117
accel: 0.0
brake: 1.0
steer: -0.0063
linkid: A219BS010391
trafficlightid: C119BS010007
turn_signal_lamp: 0.0