position: 95.613519 130.23400000000015 -0.2573929
orientation: 1.211273 1.589594 151.2897
enu_velocity: -8.665791e-06 -1.664083e-06 2.085643e-05
velocity: 6.219844e-06 6.065837e-06 2.091351e-05
angularVelocity: -4.042783e-06 5.901694e-06 -1.048253e-06
acceleration: 0.0001244772 -0.000210243 0.0002668175
accel: 0.0
brake: 1.0
steer: -0.0063
linkid: A219BS010391
trafficlightid: C119BS010007
turn_signal_lamp: 0.0