position: 26.482599 47.53800000000001 -0.2533734
orientation: 1.544647 1.022984 61.07744
enu_velocity: 19.41404 34.99944 -0.03916041
velocity: 40.01759 -0.04769897 0.6769326
angularVelocity: 0.001879671 -0.002169491 -0.0008829801
acceleration: 0.02706403 -0.0107665 -0.1005523
accel: 0.02461756
brake: 0.0
steer: -0.0002
linkid: A219BS010380
trafficlightid: null
turn_signal_lamp: 0.0