position: 95.613519 130.23400000000015 -0.2573931
orientation: 1.211273 1.589593 151.2897
enu_velocity: 6.80568e-06 -7.194325e-07 -6.285005e-06
velocity: -6.137813e-06 -2.77426e-06 -6.400538e-06
angularVelocity: 3.555998e-06 -5.356928e-06 -9.426122e-07
acceleration: -0.0003120613 -0.0003250333 -0.0008434549
accel: 0.0
brake: 1.0
steer: -0.0063
linkid: A219BS010391
trafficlightid: C119BS010007
turn_signal_lamp: 0.0