position: 95.613519 130.23400000000015 -0.2573931
orientation: 1.211273 1.589591 151.2897
enu_velocity: -9.045637e-06 -1.25432e-05 1.151295e-05
velocity: 1.587936e-06 1.558746e-05 1.123445e-05
angularVelocity: -1.288633e-05 1.933593e-06 -1.196433e-06
acceleration: 0.0001080434 0.0004890161 0.0002255094
accel: 0.0
brake: 1.0
steer: -0.0063
linkid: A219BS010391
trafficlightid: C119BS010007
turn_signal_lamp: 0.0