position: 95.613519 130.23400000000015 -0.2573928
orientation: 1.211273 1.589602 151.2897
enu_velocity: -5.597119e-06 5.830429e-06 1.078356e-05
velocity: 7.407734e-06 -2.191951e-06 1.104209e-05
angularVelocity: 2.143242e-06 6.597703e-06 -9.35492e-07
acceleration: 7.190564e-05 0.0002933329 0.0003629936
accel: 0.0
brake: 1.0
steer: -0.0063
linkid: A219BS010391
trafficlightid: C119BS010007
turn_signal_lamp: 0.0