position: 95.613519 130.23400000000015 -0.2573931
orientation: 1.211304 1.589597 151.2897
enu_velocity: 6.702723e-06 1.077893e-05 -9.888545e-06
velocity: -4.261055e-07 -1.288017e-05 -9.634049e-06
angularVelocity: 1.117149e-05 -3.735031e-07 -8.021316e-07
acceleration: 0.0001780111 0.0002132886 0.001067498
accel: 0.0
brake: 1.0
steer: -0.0063
linkid: A219BS010391
trafficlightid: C119BS010007
turn_signal_lamp: 0.0