position: 95.613519 130.23400000000015 -0.2573929
orientation: 1.211273 1.589605 151.2897
enu_velocity: -8.059425e-06 -1.054118e-05 5.111364e-08
velocity: 2.002615e-06 1.311617e-05 -1.705981e-07
angularVelocity: -1.027815e-05 1.917072e-06 -1.155959e-06
acceleration: -2.554181e-05 9.396068e-05 -0.0002313962
accel: 0.0
brake: 1.0
steer: -0.0063
linkid: A219BS010391
trafficlightid: C119BS010007
turn_signal_lamp: 0.0