position: 26.590399 47.73199999999997 -0.2537124
orientation: 1.546021 1.019495 61.07639
enu_velocity: 19.4064 34.98506 -0.04592131
velocity: 40.00147 -0.04747009 0.6674379
angularVelocity: 0.0009735782 -0.003289722 -0.0007873043
acceleration: -0.2545667 -0.003251471 -0.09480035
accel: 0.03262123
brake: 0.0
steer: -0.0003
linkid: A219BS010380
trafficlightid: null
turn_signal_lamp: 0.0