position: 95.613519 130.23400000000015 -0.2573929
orientation: 1.211273 1.589603 151.2897
enu_velocity: -5.705949e-06 -1.312703e-05 8.096257e-06
velocity: -1.525621e-06 1.442136e-05 7.753913e-06
angularVelocity: -1.215328e-05 -6.259402e-07 -1.188782e-06
acceleration: 0.0002638797 0.0006474319 0.001113755
accel: 0.0
brake: 1.0
steer: -0.0063
linkid: A219BS010391
trafficlightid: C119BS010007
turn_signal_lamp: 0.0