position: 95.613519 130.23400000000015 -0.2573926
orientation: 1.211273 1.589608 151.2897
enu_velocity: -6.10992e-06 -4.284263e-06 2.465132e-05
velocity: 2.615578e-06 7.213996e-06 2.458639e-05
angularVelocity: -5.867314e-06 2.919683e-06 -1.076421e-06
acceleration: -1.801935e-06 0.0004164056 0.0008679027
accel: 0.0
brake: 1.0
steer: -0.0063
linkid: A219BS010391
trafficlightid: C119BS010007
turn_signal_lamp: 0.0