position: 95.613519 130.23400000000015 -0.2573928
orientation: 1.211273 1.589603 151.2897
enu_velocity: -5.359701e-06 -1.305925e-05 1.355486e-05
velocity: -1.948058e-06 1.431082e-05 1.320645e-05
angularVelocity: -1.230605e-05 -9.281366e-07 -1.189028e-06
acceleration: 0.0001741655 0.000821795 0.0008215808
accel: 0.0
brake: 1.0
steer: -0.0063
linkid: A219BS010391
trafficlightid: C119BS010007
turn_signal_lamp: 0.0