position: 95.613519 130.23400000000015 -0.2573929
orientation: 1.211273 1.589594 151.2897
enu_velocity: -8.780797e-06 -1.614842e-05 1.070339e-05
velocity: -3.530149e-07 1.860329e-05 1.030676e-05
angularVelocity: -1.50332e-05 1.557446e-07 -1.237144e-06
acceleration: -0.0001139565 0.0002509745 -0.0005232416
accel: 0.0
brake: 1.0
steer: -0.0063
linkid: A219BS010391
trafficlightid: C119BS010007
turn_signal_lamp: 0.0