position: 95.613519 130.23400000000015 -0.2573932
orientation: 1.211273 1.589588 151.2897
enu_velocity: 4.943403e-06 1.086893e-05 -1.206836e-05
velocity: 1.220009e-06 -1.215925e-05 -1.178475e-05
angularVelocity: 1.109195e-05 1.092046e-06 -8.06404e-07
acceleration: 0.0004037364 -0.0001443542 0.0004147355
accel: 0.0
brake: 1.0
steer: -0.0063
linkid: A219BS010391
trafficlightid: C119BS010007
turn_signal_lamp: 0.0