position: 26.698159 47.92600000000016 -0.2540786
orientation: 1.54599 1.016143 61.0755
enu_velocity: 19.40119 34.97682 -0.05106855
velocity: 39.99187 -0.04649925 0.6597496
angularVelocity: -0.0002847277 -0.003039724 -0.0006641828
acceleration: -0.0007920596 0.006320514 -0.06966222
accel: 0.04184844
brake: 0.0
steer: -0.0003
linkid: A219BS010380
trafficlightid: null
turn_signal_lamp: 0.0