position: 95.613519 130.23400000000015 -0.257393
orientation: 1.211273 1.589588 151.2897
enu_velocity: -8.409286e-06 -5.334865e-06 2.592192e-05
velocity: 4.091749e-06 9.267293e-06 2.585532e-05
angularVelocity: -7.881274e-06 4.463826e-06 -1.107964e-06
acceleration: 0.0003821925 0.0006296464 0.001141462
accel: 0.0
brake: 1.0
steer: -0.0063
linkid: A219BS010391
trafficlightid: C119BS010007
turn_signal_lamp: 0.0