position: 95.613519 130.23400000000015 -0.2573926
orientation: 1.211304 1.589601 151.2897
enu_velocity: -9.223528e-06 2.770316e-06 7.359406e-06
velocity: 9.212617e-06 2.161672e-06 7.573893e-06
angularVelocity: -1.452345e-06 8.172299e-06 -9.937341e-07
acceleration: 0.000230316 0.0002774372 -0.0001104408
accel: 0.0
brake: 1.0
steer: -0.0063
linkid: A219BS010391
trafficlightid: C119BS010007
turn_signal_lamp: 0.0