position: 95.613519 130.23400000000015 -0.2573926
orientation: 1.211334 1.589609 151.2897
enu_velocity: 5.815395e-06 8.431163e-07 -1.660464e-05
velocity: -4.233005e-06 -3.885926e-06 -1.665007e-05
angularVelocity: 3.623847e-06 -3.875007e-06 -9.323721e-07
acceleration: -0.0002012706 0.0002905083 0.0001859912
accel: 0.0
brake: 1.0
steer: -0.0063
linkid: A219BS010391
trafficlightid: C119BS010007
turn_signal_lamp: 0.0