position: 95.613519 130.23400000000015 -0.2573926
orientation: 1.211334 1.589612 151.2897
enu_velocity: -7.27985e-06 -1.106653e-06 -7.436989e-06
velocity: 6.057299e-06 4.312984e-06 -7.364578e-06
angularVelocity: -3.340518e-06 5.222431e-06 -1.03286e-06
acceleration: 0.0001679375 0.0003703758 0.0003385716
accel: 0.0
brake: 1.0
steer: -0.0063
linkid: A219BS010391
trafficlightid: C119BS010007
turn_signal_lamp: 0.0