position: 95.613519 130.23400000000015 -0.2573928
orientation: 1.211304 1.589609 151.2897
enu_velocity: -1.248886e-05 -3.258058e-06 3.875858e-06
velocity: 9.277237e-06 8.942363e-06 3.946647e-06
angularVelocity: -6.294031e-06 8.180988e-06 -1.084185e-06
acceleration: 0.0001966929 -0.0002791395 0.000423834
accel: 0.0
brake: 1.0
steer: -0.0063
linkid: A219BS010391
trafficlightid: C119BS010007
turn_signal_lamp: 0.0