position: 95.613519 130.23400000000015 -0.2573927
orientation: 1.211304 1.589614 151.2897
enu_velocity: -1.170199e-05 -1.486319e-07 3.002349e-06
velocity: 1.010473e-05 5.819914e-06 3.161598e-06
angularVelocity: -4.416182e-06 8.897076e-06 -1.042958e-06
acceleration: 0.0002707438 0.000223515 0.0007143008
accel: 0.0
brake: 1.0
steer: -0.0063
linkid: A219BS010391
trafficlightid: C119BS010007
turn_signal_lamp: 0.0