position: 95.613519 130.23400000000015 -0.2573926
orientation: 1.211304 1.589611 151.2897
enu_velocity: 4.359282e-06 1.185258e-05 -5.783466e-06
velocity: 2.03013e-06 -1.260787e-05 -5.46405e-06
angularVelocity: 1.138604e-05 1.736113e-06 -7.966829e-07
acceleration: 0.0001804567 -0.0001085315 -0.0002468046
accel: 0.0
brake: 1.0
steer: -0.0063
linkid: A219BS010391
trafficlightid: C119BS010007
turn_signal_lamp: 0.0