position: 95.613519 130.23400000000015 -0.2573928
orientation: 1.211304 1.589608 151.2897
enu_velocity: -6.192276e-06 -1.616435e-05 1.270203e-05
velocity: -2.685527e-06 1.741497e-05 1.226699e-05
angularVelocity: -1.496748e-05 -1.682725e-06 -1.23532e-06
acceleration: -5.116605e-05 0.0008708377 0.0007527883
accel: 0.0
brake: 1.0
steer: -0.0063
linkid: A219BS010391
trafficlightid: C119BS010007
turn_signal_lamp: 0.0