position: 27.021519 48.509000000000015 -0.2555181
orientation: 1.543518 0.9980696 61.07237
enu_velocity: 19.40894 34.99076 -0.06051684
velocity: 40.00819 -0.04496002 0.6379136
angularVelocity: -0.000659544 -0.007457225 -0.0007641973
acceleration: 0.04534837 0.0004682112 -0.02139397
accel: 0.02818692
brake: 0.0
steer: -0.0003
linkid: A219BS010380
trafficlightid: null
turn_signal_lamp: 0.0