position: 95.613519 130.23400000000015 -0.2573925
orientation: 1.211273 1.589609 151.2897
enu_velocity: 1.010722e-06 -1.399849e-06 9.258692e-06
velocity: -1.815165e-06 9.367859e-07 9.194135e-06
angularVelocity: 2.445381e-07 -1.2817e-06 -9.896322e-07
acceleration: -0.0001519156 -0.0001581807 -0.0006184159
accel: 0.0
brake: 1.0
steer: -0.0063
linkid: A219BS010391
trafficlightid: C119BS010007
turn_signal_lamp: 0.0