position: 95.613519 130.23400000000015 -0.2573926
orientation: 1.211304 1.589611 151.2897
enu_velocity: 1.894173e-06 -6.195683e-06 -8.374028e-06
velocity: -4.403513e-06 4.343373e-06 -8.59319e-06
angularVelocity: -2.590373e-06 -3.845434e-06 -1.041291e-06
acceleration: -0.000271195 -0.0001640945 -6.665051e-05
accel: 0.0
brake: 1.0
steer: -0.0063
linkid: A219BS010391
trafficlightid: C119BS010007
turn_signal_lamp: 0.0