position: 95.613519 130.23400000000015 -0.2573925
orientation: 1.211304 1.589613 151.2897
enu_velocity: 4.637435e-06 -6.64644e-06 1.437732e-05
velocity: -7.656176e-06 3.900339e-06 1.409109e-05
angularVelocity: -3.099712e-06 -6.002697e-06 -1.047249e-06
acceleration: -0.0001628596 0.0004485401 0.0004545382
accel: 0.0
brake: 1.0
steer: -0.0063
linkid: A219BS010391
trafficlightid: C119BS010007
turn_signal_lamp: 0.0