position: 95.613519 130.23400000000015 -0.2573923
orientation: 1.211304 1.589618 151.2897
enu_velocity: 1.546028e-06 9.014501e-06 -5.009222e-06
velocity: 3.112257e-06 -8.751114e-06 -4.740846e-06
angularVelocity: 8.514317e-06 2.433046e-06 -8.446146e-07
acceleration: -0.000182703 -0.0003217464 -0.0005289825
accel: 0.4355367
brake: 0.0
steer: -0.0063
linkid: A219BS010391
trafficlightid: C119BS010007
turn_signal_lamp: 0.0