position: 95.61330899999999 130.23400000000015 -0.2574796
orientation: 1.211243 1.586386 151.2894
enu_velocity: -0.07714655 0.04249361 -0.0004450144
velocity: 0.08805386 -0.0001670234 0.001997421
angularVelocity: -0.0001047156 -0.005650819 -0.000369931
acceleration: 2.445915 -0.004511118 0.05456947
accel: 0.7510993
brake: 0.0
steer: -0.0063
linkid: A219BS010391
trafficlightid: C119BS010007
turn_signal_lamp: 0.0