position: 95.61195900000001 130.23500000000013 -0.2579758
orientation: 1.210602 1.567814 151.2884
enu_velocity: -0.3083909 0.1696299 6.973046e-06
velocity: 0.3518324 -0.0004184544 0.009647742
angularVelocity: -0.0006778315 -0.02007494 -0.0006091038
acceleration: 4.085001 -0.002376795 0.1247059
accel: 0.9048308
brake: 0.0
steer: -0.0063
linkid: A219BS010391
trafficlightid: C119BS010007
turn_signal_lamp: 0.0