position: 95.609039 130.23700000000008 -0.2589083
orientation: 1.20929 1.532395 151.2868
enu_velocity: -0.601918 0.33083 0.002915779
velocity: 0.6865191 -0.0005229414 0.02129816
angularVelocity: -0.001238521 -0.03453086 -0.0007939786
acceleration: 4.896024 -0.001358986 0.1794869
accel: 1.0
brake: 0.0
steer: -0.0061
linkid: A219BS010391
trafficlightid: C119BS010007
turn_signal_lamp: 0.0