position: 95.552189 130.26700000000005 -0.2679738
orientation: 1.18866 1.157736 151.2695
enu_velocity: -2.638668 1.457744 0.05024833
velocity: 3.012916 -0.007592678 0.1113282
angularVelocity: -0.004587129 -0.05322003 -0.001720054
acceleration: 5.390381 -0.03836465 0.2034213
accel: 1.0
brake: 0.0
steer: -0.0053
linkid: A219BS010391
trafficlightid: C119BS010007
turn_signal_lamp: 0.0