position: 95.53610900000001 130.27600000000007 -0.2691753
orientation: 1.18277 1.101278 151.2663
enu_velocity: -2.97736 1.647635 0.0558099
velocity: 3.40112 -0.01090991 0.121452
angularVelocity: -0.005221594 -0.04794526 -0.001823768
acceleration: 5.390165 -0.04459143 0.1722957
accel: 1.0
brake: 0.0
steer: -0.0052
linkid: A219BS010391
trafficlightid: C119BS010007
turn_signal_lamp: 0.0