position: 95.498279 130.29700000000003 -0.2709765
orientation: 1.169647 1.009096 151.2599
enu_velocity: -3.655348 2.025794 0.05972757
velocity: 4.177423 -0.01588023 0.1336694
angularVelocity: -0.005704388 -0.03548441 -0.002086074
acceleration: 5.389173 -0.0204432 0.09728707
accel: 1.0
brake: 0.0
steer: -0.0099
linkid: A219BS010391
trafficlightid: C119BS010007
turn_signal_lamp: 0.0