position: 95.476529 130.30899999999997 -0.2715853
orientation: 1.162323 0.9740665 151.2556
enu_velocity: -3.992451 2.218018 0.05786502
velocity: 4.565485 -0.02196193 0.1359706
angularVelocity: -0.00643361 -0.0290404 -0.003311639
acceleration: 5.38858 -0.06212735 0.05856209
accel: 1.0
brake: 0.0
steer: -0.0096
linkid: A219BS010391
trafficlightid: C119BS010007
turn_signal_lamp: 0.0