position: 95.39993899999999 130.3510000000001 -0.2724847
orientation: 1.140106 0.9104235 151.2413
enu_velocity: -5.010664 2.782829 0.03734275
velocity: 5.730182 -0.0262773 0.1289555
angularVelocity: -0.006032751 -0.01187161 -0.003893124
acceleration: 5.398452 -0.01591563 -0.06381904
accel: 1.0
brake: 0.0
steer: -0.0087
linkid: A219BS010391
trafficlightid: C119BS010007
turn_signal_lamp: 0.0