position: 95.37063900000001 130.36699999999996 -0.2725934
orientation: 1.133209 0.9005069 151.2365
enu_velocity: -5.35106 2.971265 0.02465637
velocity: 6.119427 -0.027354 0.1214099
angularVelocity: -0.00602595 -0.007752512 -0.00401535
acceleration: 5.405457 -0.02062893 -0.1006168
accel: 1.0
brake: 0.0
steer: -0.0086
linkid: A219BS010391
trafficlightid: C119BS010007
turn_signal_lamp: 0.0