position: 95.339429 130.38400000000001 -0.272669
orientation: 1.126007 0.8947766 151.2317
enu_velocity: -5.691566 3.159246 0.01024415
velocity: 6.508568 -0.02793622 0.1124673
angularVelocity: -0.006320267 -0.004225981 -0.004129346
acceleration: 5.404187 -0.01584172 -0.1185634
accel: 1.0
brake: 0.0
steer: -0.0081
linkid: A219BS010391
trafficlightid: C119BS010007
turn_signal_lamp: 0.0