position: 95.30633900000001 130.40300000000002 -0.2727327
orientation: 1.118378 0.8926547 151.2269
enu_velocity: -6.032104 3.346955 -0.005164962
velocity: 6.897613 -0.02820373 0.1028763
angularVelocity: -0.006708608 -0.001201089 -0.004231878
acceleration: 5.40296 -0.009275436 -0.1306624
accel: 1.0
brake: 0.0
steer: -0.0078
linkid: A219BS010391
trafficlightid: C119BS010007
turn_signal_lamp: 0.0