position: 95.27134899999999 130.42200000000003 -0.2728041
orientation: 1.110199 0.8935668 151.222
enu_velocity: -6.372645 3.53425 -0.02117641
velocity: 7.286463 -0.02804232 0.09302838
angularVelocity: -0.007272128 0.00131535 -0.004288648
acceleration: 5.400318 -0.008822441 -0.1353155
accel: 1.0
brake: 0.0
steer: -0.0076
linkid: A219BS010391
trafficlightid: C119BS010007
turn_signal_lamp: 0.0