position: 95.23445899999999 130.442 -0.2728975
orientation: 1.101257 0.8969711 151.2172
enu_velocity: -6.713381 3.720992 -0.03711401
velocity: 7.675214 -0.02723217 0.08358634
angularVelocity: -0.007929316 0.003386712 -0.004267898
acceleration: 5.399025 0.003218889 -0.1356767
accel: 1.0
brake: 0.0
steer: -0.0073
linkid: A219BS010391
trafficlightid: C119BS010007
turn_signal_lamp: 0.0