position: 95.19568899999999 130.46299999999997 -0.273024
orientation: 1.091431 0.9024214 151.2123
enu_velocity: -7.053926 3.907893 -0.0528121
velocity: 8.06387 -0.0265739 0.07471932
angularVelocity: -0.008682854 0.005065577 -0.00432176
acceleration: 5.397727 0.002638817 -0.1310722
accel: 1.0
brake: 0.0
steer: -0.0069
linkid: A219BS010391
trafficlightid: C119BS010007
turn_signal_lamp: 0.0