position: 27.452779 49.287000000000035 -0.2574971
orientation: 1.52771 0.9697559 61.06892
enu_velocity: 19.41001 35.00114 -0.04467807
velocity: 40.01785 -0.03874016 0.6339575
angularVelocity: -0.006990988 -0.003336118 -0.0004659939
acceleration: 0.02094654 0.04285882 0.1145188
accel: 0.02488745
brake: 0.0
steer: 0.0002
linkid: A219BS010380
trafficlightid: null
turn_signal_lamp: 0.0