position: 94.923449 130.61300000000006 -0.274736
orientation: 1.032349 0.9502975 151.1816
enu_velocity: -9.078521 5.037688 -0.1070544
velocity: 10.38285 -0.03643084 0.06582193
angularVelocity: -0.005967089 0.006135654 -0.005862198
acceleration: 5.332961 -0.05107355 0.05224356
accel: 1.0
brake: 0.0
steer: -0.0108
linkid: A219BS010391
trafficlightid: C119BS010007
turn_signal_lamp: 0.0