position: 94.817769 130.67100000000005 -0.2756058
orientation: 1.022308 0.9627725 151.1673
enu_velocity: -9.742433 5.416945 -0.1081471
velocity: 11.14726 -0.04567289 0.07999654
angularVelocity: -0.003602299 0.004823446 -0.006983296
acceleration: 5.293241 -0.09314275 0.09895
accel: 1.0
brake: 0.0
steer: -0.0095
linkid: A219BS010391
trafficlightid: C119BS010007
turn_signal_lamp: 0.0