position: 94.58437900000001 130.80100000000016 -0.277409
orientation: 1.018219 0.9791026 151.1394
enu_velocity: -11.06184 6.16103 -0.09213013
velocity: 12.66145 -0.05426884 0.1252276
angularVelocity: 0.0007534486 0.00245951 -0.004814731
acceleration: 5.245738 -0.04122019 0.1687639
accel: 1.0
brake: 0.0
steer: -0.0099
linkid: A219BS010391
trafficlightid: C119BS010007
turn_signal_lamp: 0.0