position: 94.521489 130.83500000000004 -0.2778308
orientation: 1.019073 0.9815408 151.1342
enu_velocity: -11.38961 6.349291 -0.08609947
velocity: 13.03923 -0.05951214 0.1383666
angularVelocity: 0.0005955596 0.001867524 -0.004633844
acceleration: 5.268016 -0.1361835 0.1770532
accel: 1.0
brake: 0.0
steer: -0.0094
linkid: A219BS010391
trafficlightid: C119BS010007
turn_signal_lamp: 0.0