position: 94.39023900000001 130.90800000000013 -0.278634
orientation: 1.019623 0.9840298 151.1227
enu_velocity: -12.04798 6.727529 -0.07350969
velocity: 13.79807 -0.06967592 0.1647446
angularVelocity: 0.0007614074 0.0004125618 -0.005079533
acceleration: 5.27307 -0.03955221 0.1795148
accel: 1.0
brake: 0.0
steer: -0.0083
linkid: A219BS010391
trafficlightid: C119BS010007
turn_signal_lamp: 0.0