position: 94.25163900000001 130.98500000000013 -0.2793925
orientation: 1.023895 0.9831198 151.1127
enu_velocity: -12.71123 7.093384 -0.06254698
velocity: 14.55525 -0.06675768 0.1884402
angularVelocity: 0.003223571 -0.001247049 -0.003474112
acceleration: 5.27558 0.02412796 0.1355863
accel: 1.0
brake: 0.0
steer: -0.0073
linkid: A219BS010391
trafficlightid: C119BS010007
turn_signal_lamp: 0.0