position: 94.02984900000001 131.10900000000015 -0.2820651
orientation: 1.031189 0.9412563 151.0974
enu_velocity: -13.71611 7.659246 -0.1206921
velocity: 15.70941 -0.07345772 0.1387339
angularVelocity: -0.001156954 -0.01918134 -0.005352913
acceleration: 5.383781 -0.07048273 -0.2418639
accel: 1.0
brake: 0.0
steer: -0.0077
linkid: A219BS010391
trafficlightid: C119BS010007
turn_signal_lamp: 0.0