position: 93.952159 131.15200000000004 -0.2835155
orientation: 1.026672 0.9157081 151.0901
enu_velocity: -14.05501 7.849352 -0.144257
velocity: 16.09838 -0.07447338 0.1143855
angularVelocity: -0.004860569 -0.02349678 -0.006039044
acceleration: 5.431434 -0.03000379 -0.2338406
accel: 1.0
brake: 0.0
steer: -0.0073
linkid: A219BS010391
trafficlightid: C119BS010007
turn_signal_lamp: 0.0