position: 93.872569 131.19600000000014 -0.2852171
orientation: 1.017548 0.8855363 151.0825
enu_velocity: -14.39622 8.038243 -0.1672418
velocity: 16.48876 -0.07315111 0.08891395
angularVelocity: -0.008851051 -0.02733634 -0.006213064
acceleration: 5.417143 -0.002697706 -0.2340776
accel: 1.0
brake: 0.0
steer: -0.0068
linkid: A219BS010391
trafficlightid: C119BS010007
turn_signal_lamp: 0.0