position: 27.668329 49.67600000000016 -0.2579257
orientation: 1.509613 0.9682693 61.06833
enu_velocity: 19.39276 34.98077 -0.03078908
velocity: 39.99146 -0.03297234 0.6461987
angularVelocity: -0.007199428 0.0007607797 -5.086086e-05
acceleration: -0.2786688 0.02929374 0.06278903
accel: 0.03836851
brake: 0.0
steer: 0.0003
linkid: A219BS010380
trafficlightid: null
turn_signal_lamp: 0.0