position: 93.62241900000001 131.33500000000004 -0.2913869
orientation: 0.9724731 0.7805231 151.0597
enu_velocity: -15.41822 8.599207 -0.2210604
velocity: 17.65538 -0.06419897 0.02054031
angularVelocity: -0.01332549 -0.0306458 -0.005905264
acceleration: 5.365386 0.006860256 -0.0875648
accel: 1.0
brake: 0.0
steer: -0.0061
linkid: A219BS010391
trafficlightid: C119BS010007
turn_signal_lamp: 0.0