position: 93.17445900000001 131.58400000000006 -0.2988982
orientation: 0.8850403 0.7296532 151.0244
enu_velocity: -16.14527 8.986905 -0.2102845
velocity: 18.47907 -0.04022598 0.02566384
angularVelocity: -0.01088096 0.03840496 -0.006132592
acceleration: -1.865121 0.1746328 0.02565661
accel: 0.0
brake: 0.0
steer: -0.0056
linkid: A219BS010391
trafficlightid: C119BS010007
turn_signal_lamp: 0.0