position: 93.08481900000001 131.63300000000004 -0.2986352
orientation: 0.8727112 0.7829011 151.0186
enu_velocity: -16.11468 8.965575 -0.2068259
velocity: 18.44191 -0.0342021 0.04569066
angularVelocity: -0.01167494 0.0483785 -0.005677576
acceleration: -0.2777659 0.03508241 0.06966662
accel: 0.08481722
brake: 0.0
steer: -0.0054
linkid: A219BS010653
trafficlightid: C119BS010007
turn_signal_lamp: 0.0