position: 92.99519900000001 131.683 -0.2982024
orientation: 0.8554382 0.8415281 151.0127
enu_velocity: -16.12125 8.967119 -0.2023881
velocity: 18.44829 -0.03014946 0.06902537
angularVelocity: -0.01594723 0.05102799 -0.005825446
acceleration: 0.4711944 0.04060745 0.06252316
accel: 0.1223562
brake: 0.0
steer: -0.0056
linkid: A219BS010653
trafficlightid: C119BS010007
turn_signal_lamp: 0.0