position: 27.776069 49.87000000000012 -0.2580566
orientation: 1.502625 0.9690738 61.06847
enu_velocity: 19.39283 34.98368 -0.02635508
velocity: 39.99394 -0.03165245 0.6511982
angularVelocity: -0.005709096 0.0006077364 0.0001108145
acceleration: 0.08083107 0.01595347 0.06082141
accel: 0.03599793
brake: 0.0
steer: 0.0004
linkid: A219BS010380
trafficlightid: null
turn_signal_lamp: 0.0