position: 92.90538900000001 131.73299999999995 -0.2978013
orientation: 0.8349915 0.8982304 151.007
enu_velocity: -16.1597 8.98606 -0.1989965
velocity: 18.49097 -0.02593851 0.09127488
angularVelocity: -0.01841372 0.04855271 -0.005833013
acceleration: 0.6616554 -0.005682945 0.05956109
accel: 0.1283399
brake: 0.0
steer: -0.0055
linkid: A219BS010653
trafficlightid: C119BS010007
turn_signal_lamp: 0.0