position: 92.63442900000001 131.88300000000004 -0.2974271
orientation: 0.7628784 1.031762 150.9888
enu_velocity: -16.30511 9.065255 -0.1844386
velocity: 18.65599 -0.01811218 0.151773
angularVelocity: -0.02190361 0.03012069 -0.005649849
acceleration: 0.8919261 0.01236168 0.1019214
accel: 0.180279
brake: 0.0
steer: -0.0053
linkid: A219BS010653
trafficlightid: C119BS010007
turn_signal_lamp: 0.0