position: 91.99045899999999 132.24 -0.3005044
orientation: 0.6662903 1.094856 150.9452
enu_velocity: -16.76751 9.362013 -0.04253376
velocity: 19.20134 -0.03701591 0.3248708
angularVelocity: 0.0002971347 -0.007009446 -0.005298729
acceleration: 1.218823 -0.0839448 0.3942791
accel: 0.2441912
brake: 0.0
steer: -0.0046
linkid: A219BS010653
trafficlightid: C119BS010007
turn_signal_lamp: 0.0