position: 91.80294900000001 132.34400000000005 -0.3013154
orientation: 0.6727295 1.069298 150.9332
enu_velocity: -16.92248 9.458159 0.00580034
velocity: 19.38273 -0.04118252 0.3680875
angularVelocity: 0.00407937 -0.01340125 -0.004830265
acceleration: 1.279895 -0.01616257 0.337382
accel: 0.2525627
brake: 0.0
steer: -0.0042
linkid: A219BS010653
trafficlightid: C119BS010007
turn_signal_lamp: 0.0