position: 91.61365900000001 132.45000000000005 -0.3019497
orientation: 0.6831055 1.03273 150.9222
enu_velocity: -17.08555 9.554275 0.04393276
velocity: 19.57148 -0.0418148 0.3972716
angularVelocity: 0.004752921 -0.01723724 -0.004538803
acceleration: 1.323708 -0.03027284 0.255113
accel: 0.2583051
brake: 0.0
steer: -0.004
linkid: A219BS010653
trafficlightid: C119BS010007
turn_signal_lamp: 0.0