position: 91.518329 132.50300000000016 -0.3021946
orientation: 0.688385 1.012111 150.9169
enu_velocity: -17.1691 9.602332 0.05823686
velocity: 19.66773 -0.0412426 0.4062309
angularVelocity: 0.00460765 -0.01827749 -0.004377944
acceleration: 1.338488 -0.0158596 0.211817
accel: 0.2600057
brake: 0.0
steer: -0.0038
linkid: A219BS010653
trafficlightid: C119BS010007
turn_signal_lamp: 0.0