position: 27.991589 50.259000000000015 -0.2581269
orientation: 1.48819 0.9733667 61.06895
enu_velocity: 19.39688 34.99393 -0.01107735
velocity: 40.00457 -0.03026962 0.669614
angularVelocity: -0.006429332 0.002677315 0.000205099
acceleration: 0.05007426 0.01402477 0.0975862
accel: 0.02956989
brake: 0.0
steer: 0.0004
linkid: A219BS010380
trafficlightid: null
turn_signal_lamp: 0.0