position: 91.034389 132.77300000000014 -0.3038624
orientation: 0.6509094 0.8841247 150.8892
enu_velocity: -17.60699 9.826138 0.05745495
velocity: 20.16002 -0.01489639 0.3687664
angularVelocity: -0.0145427 -0.02359936 -0.004417856
acceleration: 1.358864 0.04179543 -0.05530287
accel: 0.265998
brake: 0.0
steer: -0.003
linkid: A219BS010653
trafficlightid: C119BS010007
turn_signal_lamp: 0.0