position: 90.837469 132.88200000000006 -0.3047283
orientation: 0.6127014 0.8313947 150.8797
enu_velocity: -17.77694 9.919889 0.04345302
velocity: 20.35462 -0.01133728 0.3389762
angularVelocity: -0.01691582 -0.02220079 -0.003466254
acceleration: 1.321312 -0.003625691 -0.0563475
accel: 0.2679215
brake: 0.0
steer: -0.0028
linkid: A219BS010653
trafficlightid: C119BS010007
turn_signal_lamp: 0.0