position: 90.73830899999999 132.93700000000013 -0.3050789
orientation: 0.5968018 0.8091632 150.8759
enu_velocity: -17.86006 9.969326 0.04357665
velocity: 20.45141 -0.01287651 0.3325787
angularVelocity: -0.01282819 -0.01852342 -0.003064354
acceleration: 1.346727 -0.04620159 0.01988879
accel: 0.2705996
brake: 0.0
steer: -0.0027
linkid: A219BS010653
trafficlightid: C119BS010007
turn_signal_lamp: 0.0