position: 90.638699 132.99299999999994 -0.3053229
orientation: 0.5855408 0.7910029 150.8722
enu_velocity: -17.94317 10.02083 0.04304571
velocity: 20.54918 -0.01619244 0.3269443
angularVelocity: -0.008772538 -0.01502397 -0.003093782
acceleration: 1.361124 -0.06376642 0.01015667
accel: 0.2717045
brake: 0.0
steer: -0.0026
linkid: A219BS010653
trafficlightid: C119BS010007
turn_signal_lamp: 0.0