position: 90.53862900000001 133.04899999999998 -0.305472
orientation: 0.5785522 0.7766217 150.8684
enu_velocity: -18.02608 10.07409 0.0418512
velocity: 20.64763 -0.02109909 0.3219721
angularVelocity: -0.005183316 -0.01178241 -0.003171668
acceleration: 1.36513 -0.09052736 0.00195655
accel: 0.2723386
brake: 0.0
steer: -0.0025
linkid: A219BS010653
trafficlightid: C119BS010007
turn_signal_lamp: 0.0