position: 90.438099 133.10500000000002 -0.3055357
orientation: 0.5753479 0.7657724 150.8645
enu_velocity: -18.10806 10.12718 0.04013736
velocity: 20.74517 -0.02623081 0.3177012
angularVelocity: -0.001975353 -0.008761073 -0.003322226
acceleration: 1.350614 -0.090415 -0.007083297
accel: 0.2731713
brake: 0.0
steer: -0.0025
linkid: A219BS010653
trafficlightid: C119BS010007
turn_signal_lamp: 0.0