position: 90.23563899999999 133.21800000000007 -0.3055319
orientation: 0.5819397 0.7520273 150.8561
enu_velocity: -18.2728 10.23384 0.02708696
velocity: 20.94122 -0.03623486 0.3023496
angularVelocity: 0.005994995 -0.004841557 -0.003777891
acceleration: 1.365169 -0.09413785 -0.1050545
accel: 0.2748814
brake: 0.0
steer: -0.0022
linkid: A219BS010653
trafficlightid: C119BS010007
turn_signal_lamp: 0.0