position: 90.13372899999999 133.2750000000001 -0.3055477
orientation: 0.5908813 0.7474184 150.8518
enu_velocity: -18.35556 10.28692 0.0164507
velocity: 21.03951 -0.04074478 0.2913619
angularVelocity: 0.008308443 -0.003869592 -0.003740152
acceleration: 1.363007 -0.07701206 -0.1389467
accel: 0.2754857
brake: 0.0
steer: -0.0021
linkid: A219BS010653
trafficlightid: C119BS010007
turn_signal_lamp: 0.0