position: 28.099369 50.452999999999975 -0.2580827
orientation: 1.481598 0.9765288 61.06926
enu_velocity: 19.39816 34.99776 -0.006635014
velocity: 40.00842 -0.02965736 0.6763121
angularVelocity: -0.005109301 0.002500653 0.0002136635
acceleration: 0.05235279 0.009221254 0.03260693
accel: 0.02817573
brake: 0.0
steer: 0.0004
linkid: A219BS010380
trafficlightid: null
turn_signal_lamp: 0.0