position: 90.03135900000001 133.3320000000001 -0.3056079
orientation: 0.6014099 0.7435578 150.8476
enu_velocity: -18.43885 10.33917 0.004746847
velocity: 21.13787 -0.04433441 0.2795607
angularVelocity: 0.009497654 -0.0032528 -0.003602153
acceleration: 1.358845 -0.06754655 -0.1452661
accel: 0.2759701
brake: 0.0
steer: -0.0019
linkid: A219BS010653
trafficlightid: C119BS010007
turn_signal_lamp: 0.0