position: 89.92850899999999 133.3900000000001 -0.3057196
orientation: 0.6130371 0.7403617 150.8438
enu_velocity: -18.52525 10.39012 -0.008323805
velocity: 21.23833 -0.04542542 0.2666283
angularVelocity: 0.01042901 -0.002589522 -0.003120835
acceleration: 1.401867 -0.02625579 -0.1789972
accel: 0.2755242
brake: 0.0
steer: -0.0018
linkid: A219BS010653
trafficlightid: C119BS010007
turn_signal_lamp: 0.0