position: 89.82517899999999 133.44700000000012 -0.3058817
orientation: 0.6252136 0.7383813 150.8405
enu_velocity: -18.61252 10.44047 -0.02346317
velocity: 21.33927 -0.04575539 0.2520675
angularVelocity: 0.0107033 -0.001487061 -0.00281034
acceleration: 1.405182 -0.02035081 -0.1927904
accel: 0.2746844
brake: 0.0
steer: -0.0016
linkid: A219BS010653
trafficlightid: C119BS010007
turn_signal_lamp: 0.0