position: 89.195269 133.79999999999995 -0.3064646
orientation: 0.6710815 0.778266 150.8257
enu_velocity: -19.12742 10.72245 -0.05888453
velocity: 21.92656 -0.03540802 0.2393946
angularVelocity: 0.0003384799 0.01112526 -0.001901263
acceleration: 1.358413 0.03462315 -0.01360937
accel: 0.2772153
brake: 0.0
steer: -0.0009
linkid: A219BS010653
trafficlightid: C119BS010007
turn_signal_lamp: 0.0