position: 89.08860899999999 133.86000000000013 -0.3064404
orientation: 0.6687622 0.7916852 150.8238
enu_velocity: -19.21431 10.76776 -0.06034715
velocity: 22.02447 -0.0318079 0.2443777
angularVelocity: -0.002756493 0.01184361 -0.001813204
acceleration: 1.363448 0.0374977 0.001494054
accel: 0.2771764
brake: 0.0
steer: -0.0008
linkid: A219BS010653
trafficlightid: C119BS010007
turn_signal_lamp: 0.0