position: 88.765759 134.04099999999994 -0.3064156
orientation: 0.6488037 0.8313117 150.819
enu_velocity: -19.4747 10.90311 -0.06160227
velocity: 22.31763 -0.02107811 0.2624787
angularVelocity: -0.007722543 0.01100627 -0.001346933
acceleration: 1.35642 0.03675598 0.03188452
accel: 0.2772619
brake: 0.0
steer: -0.0006
linkid: A219BS010653
trafficlightid: C119BS010007
turn_signal_lamp: 0.0