position: 88.43867900000001 134.22400000000016 -0.3059165
orientation: 0.6249084 0.9498922 150.8161
enu_velocity: -19.72487 11.03611 -0.1718253
velocity: 22.60209 -0.0148468 0.2030736
angularVelocity: -0.01443343 0.03395297 -0.001076221
acceleration: 1.309945 0.06134248 0.0549866
accel: 0.2799414
brake: 0.0
steer: -0.0004
linkid: A219BS010653
trafficlightid: C119BS010007
turn_signal_lamp: 0.0