position: 88.21831900000001 134.34699999999998 -0.3059332
orientation: 0.5910034 1.015655 150.8146
enu_velocity: -19.89135 11.12218 -0.14812
velocity: 22.78871 -0.007798195 0.2559578
angularVelocity: -0.01469967 0.02514196 -0.0008657154
acceleration: 1.293181 0.03416181 0.2614433
accel: 0.2830225
brake: 0.0
steer: -0.0004
linkid: A219BS010653
trafficlightid: C119BS010007
turn_signal_lamp: 0.0