position: 28.314949000000002 50.8420000000001 -0.258038
orientation: 1.475037 0.9799401 61.07007
enu_velocity: 19.40156 35.00203 -0.001493868
velocity: 40.01367 -0.0310173 0.6839588
angularVelocity: -0.002498598 0.001602514 0.0003629841
acceleration: 0.02788186 -0.005917233 0.08304685
accel: 0.02635163
brake: 0.0
steer: 0.0005
linkid: A219BS010380
trafficlightid: null
turn_signal_lamp: 0.0