position: 87.88434900000001 134.5340000000001 -0.3062356
orientation: 0.5370178 1.069944 150.8125
enu_velocity: -20.13722 11.25318 -0.06877065
velocity: 23.06546 -0.0006694794 0.362015
angularVelocity: -0.01616084 0.009116085 -0.0006445304
acceleration: 1.27792 0.02737367 0.4672347
accel: 0.288322
brake: 0.0
steer: -0.0003
linkid: A219BS010653
trafficlightid: C119BS010007
turn_signal_lamp: 0.0