position: 87.659459 134.66000000000008 -0.3063905
orientation: 0.5042419 1.075054 150.8113
enu_velocity: -20.29903 11.34315 -0.0006249726
velocity: 23.24925 0.0006322861 0.4356684
angularVelocity: -0.01331449 -0.002096099 -0.0004978334
acceleration: 1.277881 -0.001904011 0.4910819
accel: 0.2910062
brake: 0.0
steer: -0.0002
linkid: A219BS010653
trafficlightid: C119BS010007
turn_signal_lamp: 0.0