position: 87.31878900000001 134.85000000000014 -0.3064753
orientation: 0.4657593 1.035274 150.8093
enu_velocity: -20.54143 11.48216 0.0990397
velocity: 23.52712 -0.001266479 0.52424
angularVelocity: -0.009483114 -0.01808 -0.000490086
acceleration: 1.306816 -0.01486301 0.4383928
accel: 0.294623
brake: 0.0
steer: -0.0002
linkid: A219BS010653
trafficlightid: C119BS010007
turn_signal_lamp: 0.0