position: 86.974009 135.04300000000012 -0.3066636
orientation: 0.4422302 0.9447555 150.8076
enu_velocity: -20.79411 11.62784 0.1496854
velocity: 23.81868 -0.004581451 0.5425413
angularVelocity: -0.001863357 -0.03015093 4.914816e-05
acceleration: 1.38106 -0.02545428 0.1596498
accel: 0.2908951
brake: 0.0
steer: -0.0001
linkid: A219BS010653
trafficlightid: C119BS010007
turn_signal_lamp: 0.0