position: 86.858139 135.10699999999997 -0.3067358
orientation: 0.4439697 0.9094379 150.8077
enu_velocity: -20.88009 11.67944 0.1583769
velocity: 23.9191 -0.007736206 0.5381653
angularVelocity: 0.002698444 -0.03097502 0.0003934347
acceleration: 1.391623 -0.04549849 0.127898
accel: 0.2883569
brake: 0.0
steer: -0.0001
linkid: A219BS010653
trafficlightid: C119BS010007
turn_signal_lamp: 0.0