position: 28.422749 51.03600000000006 -0.2579485
orientation: 1.471558 0.9827371 61.07056
enu_velocity: 19.4028 35.00376 0.004061155
velocity: 40.01566 -0.03144455 0.6915129
angularVelocity: -0.003266624 0.002736161 0.0003300311
acceleration: 0.02729063 -0.003450841 0.07730747
accel: 0.0256108
brake: 0.0
steer: 0.0005
linkid: A219BS010380
trafficlightid: null
turn_signal_lamp: 0.0