position: 86.624989 135.23800000000006 -0.3068414
orientation: 0.4633789 0.8381078 150.8087
enu_velocity: -21.05062 11.78427 0.1613792
velocity: 24.11967 -0.01649189 0.5143881
angularVelocity: 0.0118418 -0.03090964 0.0007883747
acceleration: 1.385063 -0.06358528 -0.003213787
accel: 0.2834445
brake: 0.0
steer: -0.0001
linkid: A219BS010653
trafficlightid: C119BS010007
turn_signal_lamp: 0.0