position: 86.271749 135.43600000000015 -0.3069869
orientation: 0.5243835 0.7391147 150.8108
enu_velocity: -21.30335 11.94007 0.1363437
velocity: 24.41745 -0.03018284 0.4516525
angularVelocity: 0.0196384 -0.02636004 0.000787714
acceleration: 1.370941 -0.04449469 -0.1651442
accel: 0.2768028
brake: 0.0
steer: 0.0
linkid: A219BS010653
trafficlightid: C119BS010007
turn_signal_lamp: 0.0