position: 86.15304900000001 135.50300000000016 -0.3070397
orientation: 0.5454407 0.7112567 150.8113
enu_velocity: -21.38859 11.98986 0.119784
velocity: 24.51655 -0.03238583 0.4244792
angularVelocity: 0.01782502 -0.02358101 0.0006418807
acceleration: 1.370498 -0.0207752 -0.2259692
accel: 0.2743959
brake: 0.0
steer: 0.0
linkid: A219BS010653
trafficlightid: C119BS010007
turn_signal_lamp: 0.0