position: 86.033929 135.56899999999996 -0.309024
orientation: 0.5890198 0.6430219 150.8098
enu_velocity: -21.45406 12.0358 -0.08172793
velocity: 24.59887 -0.04193592 0.1947893
angularVelocity: 0.001946606 -0.07109088 -0.002157188
acceleration: 0.8803008 -0.2854781 -2.875268
accel: 0.2713199
brake: 0.0
steer: 0.0
linkid: A219BS010653
trafficlightid: C119BS010007
turn_signal_lamp: 0.0