position: 85.794329 135.70299999999997 -0.3133928
orientation: 0.5858459 0.5179654 150.8098
enu_velocity: -21.63628 12.11949 -0.09643387
velocity: 24.79925 -0.02685833 0.1280398
angularVelocity: -0.002250884 -0.04423766 -0.0002207211
acceleration: 1.369949 0.09391987 -0.01769358
accel: 0.2727998
brake: 0.0
steer: 0.0
linkid: A219BS010653
trafficlightid: C119BS010007
turn_signal_lamp: 0.0