position: 85.55275900000001 135.83899999999994 -0.3160116
orientation: 0.5764771 0.4580807 150.8084
enu_velocity: -21.80288 12.20155 -0.08681598
velocity: 24.98475 -0.01677799 0.1131136
angularVelocity: -0.005069401 -0.01556284 -0.0004681648
acceleration: 1.28213 0.05356985 0.1272485
accel: 0.2732346
brake: 0.0
steer: 0.0001
linkid: A219BS010653
trafficlightid: C119BS010007
turn_signal_lamp: 0.0