position: 85.43127899999999 135.90700000000015 -0.3166168
orientation: 0.5671692 0.4515205 150.8074
enu_velocity: -21.88427 12.24212 -0.07278677
velocity: 25.0755 -0.01195621 0.1249475
angularVelocity: -0.01020781 -0.00230257 -0.001050726
acceleration: 1.231918 0.06798062 0.268536
accel: 0.2724101
brake: 0.0
steer: 0.0001
linkid: A219BS010653
trafficlightid: C119BS010007
turn_signal_lamp: 0.0