position: 85.186939 136.04300000000012 -0.31661
orientation: 0.5403137 0.4749759 150.8051
enu_velocity: -22.04738 12.3245 -0.043228
velocity: 25.25776 -0.002963066 0.1661948
angularVelocity: -0.01121041 0.01738353 -0.001161665
acceleration: 1.258597 0.04309356 0.2580674
accel: 0.2733139
brake: 0.0
steer: 0.0002
linkid: A219BS010653
trafficlightid: C119BS010007
turn_signal_lamp: 0.0