position: 83.811589 136.81200000000013 -0.3036284
orientation: 0.5007629 0.8566326 150.8008
enu_velocity: -22.91565 12.83253 0.07081673
velocity: 26.26006 -0.01848698 0.4636489
angularVelocity: 0.01552578 0.01807651 0.0004957078
acceleration: 1.270898 -0.06448567 -0.007593838
accel: 0.2651521
brake: 0.0
steer: 0.0003
linkid: A219BS010653
trafficlightid: C119BS010007
turn_signal_lamp: 0.0