position: 83.68394900000001 136.88300000000004 -0.3027911
orientation: 0.5189819 0.8742293 150.8014
enu_velocity: -22.99418 12.88049 0.0641716
velocity: 26.35195 -0.02214718 0.4665128
angularVelocity: 0.01542748 0.01431563 0.0003619887
acceleration: 1.27309 -0.04692322 -0.09789446
accel: 0.2628365
brake: 0.0
steer: 0.0003
linkid: A219BS010653
trafficlightid: C119BS010007
turn_signal_lamp: 0.0