position: 83.555879 136.95500000000015 -0.3021253
orientation: 0.5342102 0.8872202 150.8018
enu_velocity: -23.07331 12.92678 0.05484537
velocity: 26.44364 -0.0240221 0.4646063
angularVelocity: 0.01236681 0.01028423 0.000176665
acceleration: 1.274324 -0.0190478 -0.1281931
accel: 0.2615048
brake: 0.0
steer: 0.0004
linkid: A219BS010653
trafficlightid: C119BS010007
turn_signal_lamp: 0.0