position: 83.16899900000001 137.17200000000003 -0.3011842
orientation: 0.5614319 0.9011748 150.802
enu_velocity: -23.31253 13.05675 0.01831983
velocity: 26.71629 -0.02090263 0.4387889
angularVelocity: 0.005777828 0.0001334846 1.523882e-05
acceleration: 1.25361 0.02340293 -0.1561262
accel: 0.257015
brake: 0.0
steer: 0.0005
linkid: A219BS010653
trafficlightid: C119BS010007
turn_signal_lamp: 0.0