position: 28.746109 51.61900000000014 -0.2575104
orientation: 1.462189 0.9937522 61.07211
enu_velocity: 19.39063 34.98334 0.008915548
velocity: 39.99169 -0.03155708 0.7036463
angularVelocity: -0.001412621 0.003384414 0.000419589
acceleration: -0.2801163 -0.003200069 -0.01335092
accel: 0.03806312
brake: 0.0
steer: 0.0004
linkid: A219BS010380
trafficlightid: null
turn_signal_lamp: 0.0