position: 82.90887900000001 137.31799999999998 -0.3013185
orientation: 0.5664978 0.8935593 150.8017
enu_velocity: -23.46795 13.13758 0.003456378
velocity: 26.89167 -0.01565266 0.4230565
angularVelocity: -0.002467569 -0.006144115 -0.0002053496
acceleration: 1.185591 0.04988664 0.02586446
accel: 0.2566139
brake: 0.0
steer: 0.0005
linkid: A219BS010653
trafficlightid: C119BS010007
turn_signal_lamp: 0.0