position: 82.778189 137.39100000000008 -0.3015512
orientation: 0.555542 0.8833144 150.8013
enu_velocity: -23.54397 13.17331 0.00936059
velocity: 26.97543 -0.009584427 0.4253809
angularVelocity: -0.01180955 -0.009714341 -0.0004097689
acceleration: 1.163779 0.09286579 0.1325254
accel: 0.2576149
brake: 0.0
steer: 0.0005
linkid: A219BS010653
trafficlightid: C119BS010007
turn_signal_lamp: 0.0