position: 81.851339 137.90700000000015 -0.303562
orientation: 0.1506042 0.7226034 150.7867
enu_velocity: -24.07676 13.38365 0.1124225
velocity: 27.54286 0.07079792 0.4596306
angularVelocity: -0.07512432 -0.02751677 -0.001795161
acceleration: 1.137895 0.1372047 0.265046
accel: 0.2694469
brake: 0.0
steer: 0.0006
linkid: A219BS010653
trafficlightid: C119BS010007
turn_signal_lamp: 0.0