position: 81.582749 138.05700000000002 -0.3039882
orientation: -0.01704042 0.651419 150.785
enu_velocity: -24.23252 13.45009 0.140244
velocity: 27.71146 0.08832264 0.4553557
angularVelocity: -0.06811563 -0.03203459 0.0007107186
acceleration: 1.203267 0.1419697 0.07033828
accel: 0.2673086
brake: 0.0
steer: 0.0005
linkid: A219BS010653
trafficlightid: C119BS010007
turn_signal_lamp: 0.0