position: 81.44782900000001 138.13100000000009 -0.304152
orientation: -0.08503263 0.6159065 150.7869
enu_velocity: -24.30999 13.49011 0.1407105
velocity: 27.79887 0.08974457 0.4396905
angularVelocity: -0.0567508 -0.0303913 0.001844287
acceleration: 1.209398 0.009669662 0.001379892
accel: 0.2652227
brake: 0.0
steer: 0.0004
linkid: A219BS010653
trafficlightid: C119BS010007
turn_signal_lamp: 0.0