position: 80.76740899999999 138.51 -0.3045408
orientation: -0.2906559 0.4420834 150.797
enu_velocity: -24.6404 13.72296 0.1983933
velocity: 28.20166 0.04135227 0.4162172
angularVelocity: -0.02748545 -0.04017207 -0.0002827066
acceleration: 1.014307 -0.1057063 0.4152068
accel: 0.271421
brake: 0.0
steer: -0.0001
linkid: A219BS010653
trafficlightid: C119BS010007
turn_signal_lamp: 0.0