position: 80.49287899999999 138.663 -0.304814
orientation: -0.3303206 0.3304258 150.8012
enu_velocity: -24.75933 13.78709 0.2800635
velocity: 28.33704 0.04085541 0.443733
angularVelocity: 0.0043808 -0.05588381 0.005491459
acceleration: 0.8407949 0.09976295 0.9023355
accel: 0.282395
brake: 0.0
steer: -0.0003
linkid: A219BS010653
trafficlightid: C119BS010007
turn_signal_lamp: 0.0