position: 80.35525899999999 138.74 -0.3049722
orientation: -0.2881547 0.2525084 150.8092
enu_velocity: -24.79491 13.83039 0.376147
velocity: 28.38939 0.01651382 0.5013558
angularVelocity: 0.04256605 -0.07318938 0.00580457
acceleration: 0.5912311 -0.4419081 1.706405
accel: 0.2910665
brake: 0.0
steer: -0.0004
linkid: A219BS010653
trafficlightid: C119BS010007
turn_signal_lamp: 0.0