position: 80.079069 138.89499999999998 -0.3042242
orientation: -0.1982869 0.0882119 150.8169
enu_velocity: -24.93232 13.95943 0.4574291
velocity: 28.57346 -0.03217888 0.5013127
angularVelocity: 0.02689034 -0.05672292 0.001624507
acceleration: 1.580954 -0.1476451 -0.2785232
accel: 0.2821351
brake: 0.0
steer: -0.0006
linkid: A219BS010653
trafficlightid: C119BS010007
turn_signal_lamp: 0.0