position: 79.520339 139.2070000000001 -0.2972656
orientation: -0.2923403 0.05285765 150.814
enu_velocity: -25.29328 14.11967 0.2724676
velocity: 28.96722 0.005596161 0.2992235
angularVelocity: -0.03950439 0.02072196 -0.002015217
acceleration: 1.239907 0.1408129 -0.6726574
accel: 0.2510314
brake: 0.0
steer: -0.0006
linkid: A219BS010653
trafficlightid: C119BS010007
turn_signal_lamp: 0.0