position: 79.379449 139.28600000000006 -0.2950678
orientation: -0.3370739 0.0866374 150.8112
enu_velocity: -25.37392 14.15663 0.2201551
velocity: 29.05554 0.0140667 0.2641778
angularVelocity: -0.03862154 0.0322854 -0.002394652
acceleration: 1.223897 0.08822492 -0.7397441
accel: 0.2471702
brake: 0.0
steer: -0.0005
linkid: A219BS010653
trafficlightid: C119BS010007
turn_signal_lamp: 0.0