position: 79.238099 139.36400000000003 -0.2927967
orientation: -0.3837831 0.136476 150.8087
enu_velocity: -25.45785 14.19223 0.1520366
velocity: 29.1461 0.02522945 0.2216358
angularVelocity: -0.04171865 0.04777305 -0.001734252
acceleration: 1.253794 0.1338162 -0.9732548
accel: 0.2413691
brake: 0.0
steer: -0.0005
linkid: A219BS010653
trafficlightid: C119BS010007
turn_signal_lamp: 0.0