position: 78.95399900000001 139.52200000000016 -0.2881328
orientation: -0.4886948 0.2886864 150.8041
enu_velocity: -25.62523 14.26187 -0.01297547
velocity: 29.32632 0.04876995 0.1352079
angularVelocity: -0.04339308 0.07467929 -0.001700319
acceleration: 1.265807 0.1802464 -1.414119
accel: 0.2308634
brake: 0.0
steer: -0.0005
linkid: A219BS010653
trafficlightid: C119BS010007
turn_signal_lamp: 0.0