position: 78.811259 139.6020000000001 -0.2862256
orientation: -0.5319467 0.3796789 150.8016
enu_velocity: -25.70648 14.30034 -0.1214127
velocity: 29.41648 0.05658054 0.07404848
angularVelocity: -0.03653354 0.08072715 -0.001392731
acceleration: 1.261147 0.07351667 -1.549031
accel: 0.2262143
brake: 0.0
steer: -0.0005
linkid: A219BS010653
trafficlightid: C119BS010007
turn_signal_lamp: 0.0