position: 78.668079 139.68100000000004 -0.2847947
orientation: -0.5712094 0.4760879 150.7993
enu_velocity: -25.78126 14.33909 -0.23234
velocity: 29.50141 0.06096172 0.01340196
angularVelocity: -0.03381459 0.08516884 -0.001221835
acceleration: 1.118805 0.0610083 -1.505852
accel: 0.2206451
brake: 0.0
steer: -0.0005
linkid: A219BS010653
trafficlightid: C119BS010007
turn_signal_lamp: 0.0