position: 78.524529 139.76099999999997 -0.2838628
orientation: -0.6265808 0.5694162 150.7968
enu_velocity: -25.84204 14.37414 -0.2897806
velocity: 29.57207 0.06140614 0.004779309
angularVelocity: -0.05282408 0.08033489 -0.001118488
acceleration: 0.867602 -0.01788017 -0.5294862
accel: 0.2229796
brake: 0.0
steer: -0.0005
linkid: A219BS010653
trafficlightid: C119BS010007
turn_signal_lamp: 0.0