position: 78.380649 139.84100000000012 -0.2827667
orientation: -0.6962315 0.6695933 150.7939
enu_velocity: -25.90205 14.40612 -0.280618
velocity: 29.63988 0.06347275 0.06654454
angularVelocity: -0.06214141 0.0899279 -0.001453781
acceleration: 0.9298793 0.07253346 0.1665338
accel: 0.230172
brake: 0.0
steer: -0.0005
linkid: A219BS010653
trafficlightid: C119BS010007
turn_signal_lamp: 0.0