position: 77.80239900000001 140.163 -0.2739066
orientation: -0.7314929 1.116363 150.7947
enu_velocity: -26.07196 14.53376 0.04518072
velocity: 29.84267 0.02736378 0.6271244
angularVelocity: 0.1045846 0.1116001 0.005752741
acceleration: 0.2960797 -0.4944405 2.087186
accel: 0.2720618
brake: 0.0
steer: -0.0007
linkid: A219BS010653
trafficlightid: C119BS010007
turn_signal_lamp: 0.0