position: 77.367539 140.40800000000013 -0.2603612
orientation: -0.245131 1.481892 150.8154
enu_velocity: -26.1826 14.76855 0.168624
velocity: 30.04591 -0.1304655 0.9454082
angularVelocity: 0.1258487 0.05110357 0.003216109
acceleration: 1.672384 -0.3340628 -1.274737
accel: 0.2668177
brake: 0.0
steer: -0.0009
linkid: A219BS010653
trafficlightid: C119BS010007
turn_signal_lamp: 0.0