position: 77.22174899999999 140.49 -0.2593062
orientation: -0.1252063 1.501919 150.8171
enu_velocity: -26.26526 14.82513 0.06921641
velocity: 30.1479 -0.1383171 0.8594006
angularVelocity: 0.09640755 0.007116932 0.001020485
acceleration: 1.414926 -0.06978399 -1.330524
accel: 0.2566349
brake: 0.0
steer: -0.0009
linkid: A219BS010653
trafficlightid: C119BS010007
turn_signal_lamp: 0.0