position: 77.07551900000001 140.5730000000001 -0.2597165
orientation: -0.02929085 1.484517 150.8188
enu_velocity: -26.34505 14.86763 -0.0008748491
velocity: 30.24033 -0.1359177 0.7827487
angularVelocity: 0.08599498 -0.01914705 0.001938864
acceleration: 1.236376 0.06400084 -0.5518986
accel: 0.2492696
brake: 0.0
steer: -0.0008
linkid: A219BS010653
trafficlightid: C119BS010007
turn_signal_lamp: 0.0