position: 76.928899 140.65499999999997 -0.2607738
orientation: 0.07653809 1.452286 150.8219
enu_velocity: -26.4234 14.90956 -0.04742698
velocity: 30.33075 -0.1345921 0.7217014
angularVelocity: 0.0940325 -0.03073483 0.002941648
acceleration: 1.239031 0.007035196 -0.6212248
accel: 0.243813
brake: 0.0
steer: -0.0007
linkid: A219BS010653
trafficlightid: C119BS010007
turn_signal_lamp: 0.0