position: 76.781849 140.73900000000003 -0.2623317
orientation: 0.180603 1.413063 150.8243
enu_velocity: -26.49846 14.95891 -0.1076285
velocity: 30.42229 -0.1412878 0.6432322
angularVelocity: 0.08927021 -0.03501542 0.001880356
acceleration: 1.268713 -0.08363211 -0.8227645
accel: 0.2366317
brake: 0.0
steer: -0.0006
linkid: A219BS010653
trafficlightid: C119BS010007
turn_signal_lamp: 0.0