position: 76.18858900000001 141.07200000000012 -0.2757798
orientation: 0.3322754 1.183798 150.8108
enu_velocity: -26.8475 15.07972 -0.5190627
velocity: 30.7967 -0.07072639 0.117625
angularVelocity: -0.009323969 -0.05732876 -0.004616834
acceleration: 1.231123 0.344118 -1.509279
accel: 0.2011592
brake: 0.0
steer: 0.0
linkid: A219BS010653
trafficlightid: C119BS010007
turn_signal_lamp: 0.0