position: 76.039029 141.15599999999995 -0.2808443
orientation: 0.2992249 1.116445 150.8034
enu_velocity: -26.92653 15.09426 -0.6088001
velocity: 30.87464 -0.04159737 -0.007010043
angularVelocity: -0.03621404 -0.05858089 -0.006976362
acceleration: 0.9957595 0.3901877 -1.11234
accel: 0.1966616
brake: 0.0
steer: 0.0
linkid: A219BS010653
trafficlightid: C119BS010007
turn_signal_lamp: 0.0