position: 75.88901899999999 141.23900000000003 -0.2854706
orientation: 0.1886597 1.076768 150.7946
enu_velocity: -26.99903 15.09239 -0.6431989
velocity: 30.93765 -1.907349e-05 -0.06182869
angularVelocity: -0.1091767 -0.02576249 -0.007189543
acceleration: 0.6633259 0.6181826 -0.03497564
accel: 0.1966001
brake: 0.0
steer: 0.0002
linkid: A219BS010653
trafficlightid: C119BS010007
turn_signal_lamp: 0.0