position: 75.738709 141.3230000000001 -0.2894809
orientation: 0.08178711 1.054768 150.7883
enu_velocity: -27.05954 15.08391 -0.608529
velocity: 30.98565 0.04043961 -0.03820512
angularVelocity: -0.08833875 -0.01652024 -0.00535237
acceleration: 0.6906322 0.4541816 0.4430463
accel: 0.2163273
brake: 0.0
steer: 0.0003
linkid: A219BS010653
trafficlightid: C119BS010007
turn_signal_lamp: 0.0