position: 75.43719899999999 141.49099999999999 -0.2944588
orientation: -0.01594605 1.082943 150.7816
enu_velocity: -27.16265 15.12986 -0.4535589
velocity: 31.09513 0.05433941 0.1341719
angularVelocity: -0.01591658 0.02706555 -0.001260025
acceleration: 0.8001841 -0.1440547 1.185176
accel: 0.2263996
brake: 0.0
steer: 0.0004
linkid: A219BS010653
trafficlightid: C119BS010007
turn_signal_lamp: 0.0