position: 74.67992899999999 141.91599999999994 -0.2938093
orientation: 0.3518982 1.338594 150.8089
enu_velocity: -27.37262 15.39675 -0.07054263
velocity: 31.39869 -0.0869894 0.6636816
angularVelocity: 0.08413439 0.03547973 0.004089834
acceleration: 1.07322 -0.2028425 0.6303118
accel: 0.2357573
brake: 0.0
steer: 0.0001
linkid: A219BS010653
trafficlightid: C119BS010007
turn_signal_lamp: 0.0