position: 29.392769 52.78500000000008 -0.2573196
orientation: 1.458099 0.9956019 61.07442
enu_velocity: 19.4044 35.00176 -0.003137334
velocity: 40.01465 -0.03663063 0.6934045
angularVelocity: 0.001284185 -0.001685095 0.0001349844
acceleration: 0.03329156 -0.02545176 -0.04437761
accel: 0.02585158
brake: 0.0
steer: 0.0002
linkid: A219BS010380
trafficlightid: null
turn_signal_lamp: 0.0