position: 74.374969 142.087 -0.2928228
orientation: 0.5201721 1.385051 150.8147
enu_velocity: -27.49753 15.47508 0.003060041
velocity: 31.54355 -0.09472752 0.7666256
angularVelocity: 0.06869309 0.01036151 0.001407243
acceleration: 0.9908966 0.04203942 0.4455026
accel: 0.2314649
brake: 0.0
steer: 0.0001
linkid: A219BS010653
trafficlightid: C119BS010007
turn_signal_lamp: 0.0