position: 74.221959 142.17399999999998 -0.292793
orientation: 0.5906372 1.38295 150.816
enu_velocity: -27.56188 15.51282 0.01552887
velocity: 31.61784 -0.09597015 0.7798733
angularVelocity: 0.05669884 -0.006836023 0.001207135
acceleration: 1.023677 -0.02114508 0.02940927
accel: 0.2274283
brake: 0.0
steer: 0.0001
linkid: A219BS010653
trafficlightid: C119BS010007
turn_signal_lamp: 0.0