position: 73.606179 142.51999999999998 -0.2984014
orientation: 0.7131042 1.179341 150.8158
enu_velocity: -27.83863 15.62 -0.0406793
velocity: 31.91539 -0.05483246 0.6170617
angularVelocity: 0.009268582 -0.06826811 0.0004335716
acceleration: 1.054087 0.2376748 -0.3404309
accel: 0.214349
brake: 0.0
steer: 0.0004
linkid: A219BS010653
trafficlightid: C119BS010007
turn_signal_lamp: 0.0