position: 29.500579000000002 52.98000000000002 -0.2574188
orientation: 1.459747 0.9931018 61.07445
enu_velocity: 19.40642 35.00307 -0.00672746
velocity: 40.01687 -0.03790474 0.688138
angularVelocity: 0.001436058 -0.002287128 9.256374e-05
acceleration: 0.02868996 -0.01218932 -0.04753298
accel: 0.02502208
brake: 0.0
steer: 0.0001
linkid: A219BS010380
trafficlightid: null
turn_signal_lamp: 0.0