position: 72.82783900000001 142.95500000000015 -0.3102313
orientation: 0.5350037 0.8023157 150.8219
enu_velocity: -28.17486 15.70807 -0.02205676
velocity: 32.25495 0.02514744 0.4294222
angularVelocity: -0.02439783 -0.04168194 0.002392943
acceleration: 1.00022 0.06131577 0.3252563
accel: 0.2065065
brake: 0.0
steer: 0.0003
linkid: A219BS010653
trafficlightid: C119BS010007
turn_signal_lamp: 0.0