position: 71.405689 143.74800000000005 -0.3079628
orientation: 0.3280945 0.7543355 150.8414
enu_velocity: -28.68484 15.98314 0.1232891
velocity: 32.83272 0.02161312 0.5554737
angularVelocity: -0.01925833 0.009870183 0.001895727
acceleration: 0.8492414 0.003430992 0.1006288
accel: 0.1945918
brake: 0.0
steer: -0.0002
linkid: A219BS010653
trafficlightid: C119BS010007
turn_signal_lamp: 0.0