position: 71.086269 143.92600000000016 -0.3059445
orientation: 0.2967224 0.7812194 150.8445
enu_velocity: -28.78991 16.05505 0.1119551
velocity: 32.95938 0.00796032 0.5613558
angularVelocity: -0.00894336 0.01320487 0.001261242
acceleration: 0.8759173 -0.08147842 -0.07057163
accel: 0.1907106
brake: 0.0
steer: -0.0003
linkid: A219BS010653
trafficlightid: C119BS010007
turn_signal_lamp: 2.0