position: 70.92608899999999 144.0150000000001 -0.3049988
orientation: 0.289978 0.7960573 150.8446
enu_velocity: -28.84583 16.08729 0.09341993
velocity: 33.02403 0.006842613 0.5522608
angularVelocity: -0.00566473 0.01255975 -0.0002172615
acceleration: 0.8945198 -0.02801448 -0.2999682
accel: 0.1875942
brake: 0.0
steer: -0.0003
linkid: A219BS010653
trafficlightid: C119BS010007
turn_signal_lamp: 2.0