position: 70.60477900000001 144.19499999999994 -0.3035903
orientation: 0.2766113 0.8221832 150.8421
enu_velocity: -28.95406 16.15154 0.04843338
velocity: 33.15022 0.004673004 0.5241536
angularVelocity: -0.007232595 0.01141759 -0.001604982
acceleration: 0.863833 -0.02322695 -0.2588988
accel: 0.1833561
brake: 0.0
steer: -0.0004
linkid: A219BS010653
trafficlightid: C119BS010007
turn_signal_lamp: 2.0