position: 70.443669 144.2840000000001 -0.3030525
orientation: 0.2677002 0.8351719 150.8398
enu_velocity: -29.00673 16.1825 0.02968463
velocity: 33.21146 0.00445652 0.5138137
angularVelocity: -0.008031229 0.01134663 -0.00215701
acceleration: 0.8484002 -0.02131376 -0.2546109
accel: 0.1816116
brake: 0.0
steer: -0.0003
linkid: A219BS010653
trafficlightid: C119BS010007
turn_signal_lamp: 2.0