position: 70.282269 144.37400000000002 -0.3026598
orientation: 0.2584229 0.8473132 150.8374
enu_velocity: -29.0608 16.21279 0.005612738
velocity: 33.27367 0.005639076 0.4976933
angularVelocity: -0.007436063 0.01026004 -0.002238226
acceleration: 0.8627927 -0.0004529357 -0.3654066
accel: 0.1793662
brake: 0.0
steer: -0.0004
linkid: A219BS010653
trafficlightid: C119BS010007
turn_signal_lamp: 2.0