position: 69.958569 144.55500000000006 -0.3024102
orientation: 0.2460938 0.868276 150.8323
enu_velocity: -29.16526 16.27414 -0.04625302
velocity: 33.39537 0.005652428 0.459843
angularVelocity: -0.005228073 0.009047536 -0.002328779
acceleration: 0.8245186 -0.0223859 -0.292129
accel: 0.1752948
brake: 0.0
steer: -0.0003
linkid: A219BS010653
trafficlightid: C119BS010007
turn_signal_lamp: 2.0