position: 69.796279 144.64499999999998 -0.3024136
orientation: 0.2365417 0.8803914 150.8296
enu_velocity: -29.21612 16.30375 -0.062722
velocity: 33.45436 0.006036758 0.4513406
angularVelocity: -0.009247487 0.01107691 -0.002423079
acceleration: 0.8181336 -0.009765118 -0.208627
accel: 0.1741432
brake: 0.0
steer: -0.0003
linkid: A219BS010653
trafficlightid: C119BS010007
turn_signal_lamp: 2.0