position: 69.307759 144.91800000000012 -0.3024739
orientation: 0.1938477 0.9272814 150.8207
enu_velocity: -29.36531 16.38665 -0.08826685
velocity: 33.62505 0.01127815 0.4559252
angularVelocity: -0.01548982 0.01541622 -0.002708429
acceleration: 0.7910782 0.01831526 -0.09238559
accel: 0.1717891
brake: 0.0
steer: -0.0002
linkid: A219BS010653
trafficlightid: C119BS010007
turn_signal_lamp: 2.0