position: 69.14435900000001 145.00900000000001 -0.3024852
orientation: 0.17453 0.9462157 150.8177
enu_velocity: -29.41529 16.41335 -0.09423229
velocity: 33.68164 0.01399231 0.4620031
angularVelocity: -0.01721381 0.01686859 -0.002716705
acceleration: 0.7862699 0.0131577 -0.06239717
accel: 0.1705077
brake: 0.0
steer: -0.0002
linkid: A219BS010653
trafficlightid: C119BS010007
turn_signal_lamp: 2.0