position: 68.816789 145.19100000000003 -0.3026268
orientation: 0.1464233 0.965812 150.8118
enu_velocity: -29.50793 16.46767 -0.04119917
velocity: 33.78793 0.01510334 0.5283617
angularVelocity: -0.009484546 0.005552135 -0.002322262
acceleration: 0.6829892 -0.04299536 0.1945416
accel: 0.1703488
brake: 0.0
steer: -0.0001
linkid: A219BS010653
trafficlightid: C119BS010007
turn_signal_lamp: 2.0