position: 68.652649 145.28300000000013 -0.3027144
orientation: 0.1417236 0.970687 150.8106
enu_velocity: -29.55209 16.50119 -0.03967698
velocity: 33.84275 0.008073807 0.533707
angularVelocity: -0.00194427 0.003434312 -0.0008590664
acceleration: 0.7605397 -0.1065565 -0.01526964
accel: 0.1702479
brake: 0.0
steer: -0.0001
linkid: A219BS010653
trafficlightid: C119BS010007
turn_signal_lamp: 2.0