position: 68.32365899999999 145.4670000000001 -0.3032483
orientation: 0.1602173 0.9709501 150.8103
enu_velocity: -29.64219 16.57182 -0.05449371
velocity: 33.9561 -0.009352684 0.5210112
angularVelocity: 0.01264441 -0.001691025 0.0001442965
acceleration: 0.780003 -0.1249466 -0.09401288
accel: 0.1666311
brake: 0.0
steer: -0.0001
linkid: A219BS010653
trafficlightid: C119BS010007
turn_signal_lamp: 2.0