position: 29.823889 53.5630000000001 -0.2576854
orientation: 1.460358 0.9899321 61.07436
enu_velocity: 19.39584 34.9822 -0.01448905
velocity: 39.99366 -0.03892136 0.6777829
angularVelocity: -0.0006754155 -0.001057927 -0.0001063635
acceleration: 0.08537087 0.0009489991 -0.04107596
accel: 0.03606042
brake: 0.0
steer: 0.0001
linkid: A219BS010380
trafficlightid: null
turn_signal_lamp: 0.0