position: 67.496929 145.93000000000006 -0.3059163
orientation: 0.2871399 0.9456917 150.8164
enu_velocity: -29.86937 16.72329 -0.08942338
velocity: 34.22905 -0.03348255 0.4757549
angularVelocity: 0.02601842 -0.00383061 0.001845953
acceleration: 0.7551974 -0.01869076 -0.1601828
accel: 0.1594418
brake: 0.0
steer: 0.0023
linkid: A219BS010653
trafficlightid: C119BS010007
turn_signal_lamp: 2.0