position: 66.663749 146.39599999999996 -0.3088578
orientation: 0.4116821 1.005245 150.8384
enu_velocity: -30.11427 16.82873 -0.2072307
velocity: 34.49578 -0.01891041 0.3981684
angularVelocity: 0.02055728 0.01744341 0.004862078
acceleration: 0.7144734 0.07003705 -0.1946282
accel: 0.1513085
brake: 0.0
steer: 0.0044
linkid: A219BS010653
trafficlightid: C119BS010007
turn_signal_lamp: 2.0