position: 29.931659 53.75700000000006 -0.2578363
orientation: 1.458923 0.9876967 61.07408
enu_velocity: 19.39936 34.98833 -0.01697827
velocity: 40.00079 -0.03896713 0.6738539
angularVelocity: -0.001414761 -0.002182636 -0.0002218059
acceleration: 0.08710919 -0.001285117 -0.02808388
accel: 0.03025707
brake: 0.0
steer: 0.0001
linkid: A219BS010380
trafficlightid: null
turn_signal_lamp: 0.0