position: 66.328619 146.58400000000006 -0.3094385
orientation: 0.454071 1.063662 150.852
enu_velocity: -30.21372 16.8572 -0.143335
velocity: 34.59489 -0.002385139 0.4989821
angularVelocity: 0.03465801 0.04105018 0.005802853
acceleration: 0.6624037 0.286006 1.403469
accel: 0.1504385
brake: 0.0
steer: 0.0053
linkid: A219BS010653
trafficlightid: C119BS010007
turn_signal_lamp: 2.0