position: 65.486539 147.05500000000006 -0.3086397
orientation: 0.5501099 1.214506 150.9028
enu_velocity: -30.44562 16.92254 -0.09634234
velocity: 34.82679 0.02476406 0.6417662
angularVelocity: 0.001582623 0.01383576 0.01035606
acceleration: 0.6544859 0.2193724 0.1356663
accel: 0.1506085
brake: 0.0
steer: 0.007
linkid: A219BS010653
trafficlightid: C119BS010007
turn_signal_lamp: 2.0