position: 65.31734900000001 147.14900000000011 -0.3088
orientation: 0.5525208 1.226808 150.9153
enu_velocity: -30.49381 16.9335 -0.08499089
velocity: 34.87384 0.03129005 0.6615457
angularVelocity: 0.002260889 0.009873576 0.0108584
acceleration: 0.6556894 0.1805653 0.1719704
accel: 0.1504575
brake: 0.0
steer: 0.007
linkid: A219BS010653
trafficlightid: C119BS010007
turn_signal_lamp: 2.0