position: 64.808269 147.43200000000002 -0.310006
orientation: 0.5147095 1.218629 150.9543
enu_velocity: -30.63635 16.95583 -0.04688821
velocity: 35.00856 0.05707741 0.6973293
angularVelocity: -0.01844981 -0.009771032 0.01211359
acceleration: 0.6431702 0.2730455 0.1000014
accel: 0.1508867
brake: 0.0
steer: 0.0072
linkid: A219BS010653
trafficlightid: C119BS010007
turn_signal_lamp: 2.0