position: 64.296919 147.71600000000012 -0.3149501
orientation: 0.431427 1.10522 150.9987
enu_velocity: -30.77564 16.98038 -0.1254191
velocity: 35.14511 0.07394409 0.5520402
angularVelocity: -0.02448949 -0.03826685 0.01337885
acceleration: 0.6615993 0.1900568 0.04479052
accel: 0.1501926
brake: 0.0
steer: 0.007
linkid: A219BS010653
trafficlightid: C119BS010007
turn_signal_lamp: 2.0