position: 64.125969 147.81100000000015 -0.3168766
orientation: 0.4025574 1.058114 151.0137
enu_velocity: -30.81976 16.98925 -0.1181779
velocity: 35.18832 0.0778923 0.5311847
angularVelocity: -0.02533818 -0.04201803 0.01362892
acceleration: 0.5570678 0.2022766 0.1513482
accel: 0.1490657
brake: 0.0
steer: 0.0069
linkid: A219BS010653
trafficlightid: C119BS010007
turn_signal_lamp: 2.0