position: 63.783339 148.00099999999998 -0.3205051
orientation: 0.3484802 0.9669583 151.0452
enu_velocity: -30.91205 17.01376 -0.1036891
velocity: 35.28153 0.08104992 0.4913013
angularVelocity: -0.0218372 -0.0371304 0.01414815
acceleration: 0.6524123 0.1428506 0.08591263
accel: 0.1474653
brake: 0.0
steer: 0.0066
linkid: A219BS010653
trafficlightid: C119BS010007
turn_signal_lamp: 2.0