position: 63.611649 148.09500000000003 -0.3220826
orientation: 0.3308105 0.9271201 151.0616
enu_velocity: -30.95344 17.02752 -0.08543795
velocity: 35.32446 0.0787859 0.4857494
angularVelocity: -0.01189493 -0.03448417 0.01464319
acceleration: 0.545341 0.1019986 0.417303
accel: 0.145878
brake: 0.0
steer: 0.0064
linkid: A219BS010653
trafficlightid: C119BS010007
turn_signal_lamp: 2.0