position: 63.267719 148.28600000000006 -0.3241765
orientation: 0.3242188 0.8567262 151.0944
enu_velocity: -31.01805 17.05825 0.02811701
velocity: 35.39478 0.06321144 0.557058
angularVelocity: 0.001053583 -0.0283849 0.01445675
acceleration: 0.4730214 0.03231598 0.9543238
accel: 0.1547206
brake: 0.0
steer: 0.0058
linkid: A219BS010653
trafficlightid: C119BS010007
turn_signal_lamp: 2.0