position: 2.9049840000000007 5.2029999999999745 -0.2963704
orientation: 0.984436 0.9202951 60.67854
enu_velocity: 19.64968 34.82042 0.3011254
velocity: 39.97207 -0.06418419 0.9445001
angularVelocity: 0.01342713 -0.01053443 -0.01000555
acceleration: 0.0575804 -0.1185813 -0.1917167
accel: 0.04172662
brake: 0.0
steer: -0.0033
linkid: A219BS010380
trafficlightid: null
turn_signal_lamp: 0.0