position: 63.095489 148.38100000000009 -0.3247382
orientation: 0.330658 0.8174758 151.1095
enu_velocity: -31.04449 17.07391 0.1058879
velocity: 35.42476 0.05331516 0.6110633
angularVelocity: 0.00779156 -0.03714022 0.0132409
acceleration: 0.4000299 -0.00321573 1.04272
accel: 0.1596441
brake: 0.0
steer: 0.0056
linkid: A219BS010653
trafficlightid: C119BS010007
turn_signal_lamp: 2.0