position: 62.750589 148.57100000000014 -0.3256376
orientation: 0.3698425 0.6997741 151.1377
enu_velocity: -31.09964 17.10941 0.2529168
velocity: 35.4896 0.03233242 0.6862101
angularVelocity: 0.02490395 -0.0570637 0.01262874
acceleration: 0.5089658 -0.005804405 0.8401535
accel: 0.1665536
brake: 0.0
steer: 0.005
linkid: A219BS010653
trafficlightid: C119BS010007
turn_signal_lamp: 2.0