position: 62.231789 148.85799999999995 -0.3247042
orientation: 0.4457092 0.5120317 151.1742
enu_velocity: -31.20776 17.1722 0.4165819
velocity: 35.61519 0.008107185 0.7348462
angularVelocity: 0.01488626 -0.05303377 0.009723913
acceleration: 0.6149292 0.1170242 0.4560753
accel: 0.1658793
brake: 0.0
steer: 0.0043
linkid: A219BS010653
trafficlightid: C119BS010007
turn_signal_lamp: 2.0