position: 61.884789 149.04999999999995 -0.3233506
orientation: 0.4985657 0.3762674 151.194
enu_velocity: -31.28442 17.20935 0.4599018
velocity: 35.70163 0.0005168915 0.6943932
angularVelocity: 0.03133225 -0.0623216 0.009100371
acceleration: 0.6258908 -0.00473088 0.1350289
accel: 0.1626161
brake: 0.0
steer: 0.0038
linkid: A219BS010653
trafficlightid: C119BS010007
turn_signal_lamp: 2.0