position: 61.710949 149.14499999999998 -0.3225716
orientation: 0.5316162 0.3090999 151.2025
enu_velocity: -31.32364 17.23607 0.4642365
velocity: 35.74963 -0.00928688 0.6572222
angularVelocity: 0.02605707 -0.05639476 0.007672209
acceleration: 0.6598848 -0.0676716 0.09852827
accel: 0.1593304
brake: 0.0
steer: 0.0037
linkid: A219BS010653
trafficlightid: C119BS010007
turn_signal_lamp: 2.0