position: 61.362489000000004 149.33799999999997 -0.3202295
orientation: 0.568634 0.2051153 151.2152
enu_velocity: -31.411 17.27504 0.4462851
velocity: 35.84615 -0.00967598 0.5747398
angularVelocity: 0.01222485 -0.03968703 0.004757662
acceleration: 0.7277015 0.1187645 -0.5659496
accel: 0.1531282
brake: 0.0
steer: 0.0037
linkid: A219BS010384
trafficlightid: null
turn_signal_lamp: 2.0