position: 60.662439 149.72299999999996 -0.3145979
orientation: 0.608429 0.1193102 151.2341
enu_velocity: -31.57887 17.3374 0.3289262
velocity: 36.02438 0.003199577 0.4039314
angularVelocity: 0.03273384 0.005578441 0.004527451
acceleration: 0.5296922 -0.07300282 -0.01703981
accel: 0.1412569
brake: 0.0
steer: 0.0023
linkid: A219BS010384
trafficlightid: null
turn_signal_lamp: 2.0