position: 60.311319 149.91599999999994 -0.3080587
orientation: 0.6473389 0.2151824 151.2443
enu_velocity: -31.63338 17.37604 0.3740048
velocity: 36.08986 -0.009391785 0.5096874
angularVelocity: 0.0005126223 0.06549376 0.003171999
acceleration: 0.441566 0.0802865 0.2731348
accel: 0.1454989
brake: 0.0
steer: 0.0018
linkid: A219BS010384
trafficlightid: null
turn_signal_lamp: 2.0