position: 60.135479000000004 150.01199999999994 -0.3035848
orientation: 0.6482239 0.3022236 151.2484
enu_velocity: -31.66638 17.3857 0.3844097
velocity: 36.12256 -0.003793716 0.5750357
angularVelocity: 0.004773192 0.07726885 0.002346609
acceleration: 0.4836226 0.0847753 -0.1760668
accel: 0.1478357
brake: 0.0
steer: 0.0017
linkid: A219BS010384
trafficlightid: null
turn_signal_lamp: 2.0