position: 59.606749 150.3030000000001 -0.2910237
orientation: 0.6858826 0.5676714 151.2616
enu_velocity: -31.77826 17.44973 0.2785991
velocity: 36.24944 -0.01335812 0.63798
angularVelocity: 0.002725914 0.07550161 0.002782505
acceleration: 0.6020169 0.01558998 -0.5981362
accel: 0.1361685
brake: 0.0
steer: 0.0009
linkid: A219BS010384
trafficlightid: null
turn_signal_lamp: 2.0