position: 59.430079 150.4000000000001 -0.2872482
orientation: 0.6829834 0.6567982 151.2661
enu_velocity: -31.81527 17.46374 0.2451222
velocity: 36.28796 -0.01044464 0.6613075
angularVelocity: -0.002755456 0.07911633 0.003088557
acceleration: 0.5397942 0.08528973 -0.3722658
accel: 0.1348127
brake: 0.0
steer: 0.0009
linkid: A219BS010384
trafficlightid: null
turn_signal_lamp: 2.0