position: 56.577049 151.96600000000012 -0.2886397
orientation: 0.6611023 1.147117 151.2778
enu_velocity: -32.32498 17.75058 -0.3267373
velocity: 36.87715 -0.02760792 0.4119583
angularVelocity: -0.005242636 0.005145116 -0.003469206
acceleration: 0.4014124 0.008902341 0.3623991
accel: 0.1057281
brake: 0.0
steer: -0.0016
linkid: A219BS010384
trafficlightid: null
turn_signal_lamp: 2.0