position: 56.397319 152.06500000000005 -0.2901788
orientation: 0.6546936 1.151995 151.2739
enu_velocity: -32.34922 17.76395 -0.2907475
velocity: 36.90408 -0.02475262 0.4516029
angularVelocity: -0.005927663 0.003800259 -0.003421117
acceleration: 0.3732901 0.007677317 0.5460368
accel: 0.1073724
brake: 0.0
steer: -0.0015
linkid: A219BS010384
trafficlightid: null
turn_signal_lamp: 2.0