position: 30.578399 54.92399999999998 -0.2587174
orientation: 1.454498 0.9832395 61.07375
enu_velocity: 19.39829 34.98881 -0.02869626
velocity: 40.00096 -0.03799248 0.6589904
angularVelocity: 0.002189061 0.001515755 9.643912e-05
acceleration: -0.2708614 -0.009575836 -0.03214163
accel: 0.03287756
brake: 0.0
steer: 0.0006
linkid: A219BS010380
trafficlightid: null
turn_signal_lamp: 0.0