position: 54.773789 152.95600000000013 -0.3000699
orientation: 0.5732727 0.9990898 151.2286
enu_velocity: -32.55635 17.91912 0.01981726
velocity: 37.15594 -0.03035164 0.6681264
angularVelocity: 0.003623586 -0.03153336 -0.005131175
acceleration: 0.3844432 -0.1311822 0.3304525
accel: 0.1092772
brake: 0.0
steer: -0.0035
linkid: A219BS010384
trafficlightid: null
turn_signal_lamp: 2.0