position: 54.592779 153.05500000000006 -0.3008886
orientation: 0.5793762 0.9601482 151.2225
enu_velocity: -32.57474 17.94094 0.04792343
velocity: 37.18254 -0.03658485 0.6714883
angularVelocity: 0.004398435 -0.03418579 -0.00492666
acceleration: 0.3436427 -0.1507088 0.4767376
accel: 0.1098236
brake: 0.0
steer: -0.0035
linkid: A219BS010384
trafficlightid: null
turn_signal_lamp: 2.0