position: 53.685689 153.5540000000001 -0.3019329
orientation: 0.4990845 0.798228 151.1838
enu_velocity: -32.69338 18.02615 0.1651268
velocity: 37.32769 -0.02973652 0.6855
angularVelocity: -0.01676001 -0.01647284 -0.007533881
acceleration: 0.4014205 -0.06755427 0.2843645
accel: 0.1068097
brake: 0.0
steer: -0.0037
linkid: A219BS010384
trafficlightid: null
turn_signal_lamp: 2.0