position: 53.321879 153.75400000000013 -0.3004685
orientation: 0.4627686 0.7774018 151.1657
enu_velocity: -32.74075 18.06325 0.1872254
velocity: 37.38702 -0.02799606 0.6947978
angularVelocity: -0.01413509 -0.006156776 -0.007631901
acceleration: 0.4005903 -0.06751792 0.06119907
accel: 0.09771065
brake: 0.0
steer: -0.0037
linkid: A219BS010384
trafficlightid: null
turn_signal_lamp: 2.0