position: 53.139789 153.85400000000004 -0.2995498
orientation: 0.4512329 0.772574 151.1571
enu_velocity: -32.76177 18.08351 0.1884741
velocity: 37.41525 -0.03014183 0.6932864
angularVelocity: -0.008615853 -0.003644323 -0.00743033
acceleration: 0.3958366 -0.1191171 0.002731029
accel: 0.09438238
brake: 0.0
steer: -0.0037
linkid: A219BS010384
trafficlightid: null
turn_signal_lamp: 2.0