position: 52.957589 153.95500000000015 -0.2985107
orientation: 0.4454346 0.7725934 151.1484
enu_velocity: -32.78017 18.10406 0.1874036
velocity: 37.44131 -0.03363514 0.6926034
angularVelocity: -0.004340934 0.001421575 -0.007666743
acceleration: 0.3553196 -0.1291814 0.03213142
accel: 0.05303511
brake: 0.0
steer: -0.0037
linkid: A219BS010384
trafficlightid: null
turn_signal_lamp: 2.0