position: 30.793919 55.312000000000126 -0.2589403
orientation: 1.462341 0.9879819 61.07504
enu_velocity: 19.3962 34.98705 -0.03322308
velocity: 39.99842 -0.03786278 0.6577349
angularVelocity: 0.004259432 0.002398148 0.0006810789
acceleration: 0.1206419 0.003909089 -0.03077396
accel: 0.03208227
brake: 0.0
steer: 0.0008
linkid: A219BS010380
trafficlightid: null
turn_signal_lamp: 0.0