position: 30.901719 55.50700000000006 -0.2590457
orientation: 1.468384 0.9913058 61.07614
enu_velocity: 19.39865 34.99237 -0.03551099
velocity: 40.00426 -0.03812408 0.6578814
angularVelocity: 0.005575757 0.003100321 0.0009322778
acceleration: 0.07097043 0.002690801 -0.0315416
accel: 0.02909541
brake: 0.0
steer: 0.0009
linkid: A219BS010380
trafficlightid: null
turn_signal_lamp: 0.0