position: 49.490109000000004 155.88400000000001 -0.2800754
orientation: 0.5029297 1.437116 150.4635
enu_velocity: -28.75563 16.59013 -0.1029529
velocity: 33.18931 -0.2517967 0.7318956
angularVelocity: 0.001237801 0.006853306 -0.04812582
acceleration: -3.884349 -0.5280944 0.03961526
accel: 0.0
brake: 0.1823808
steer: -0.0323
linkid: A219BS010384
trafficlightid: null
turn_signal_lamp: 2.0