position: 48.860989000000004 156.24199999999996 -0.2814288
orientation: 0.5078735 1.485764 150.2343
enu_velocity: -27.71977 16.16677 -0.1539925
velocity: 32.08176 -0.2661448 0.6804558
angularVelocity: -0.003992947 0.02036575 -0.0501494
acceleration: -4.028504 -0.4689436 -0.2902522
accel: 0.0
brake: 0.1869359
steer: -0.0316
linkid: A219BS010384
trafficlightid: null
turn_signal_lamp: 2.0