position: 31.332989 56.284000000000106 -0.2594911
orientation: 1.497253 1.005888 61.08195
enu_velocity: 19.40234 35.0046 -0.03803509
velocity: 40.01662 -0.03896713 0.6658105
angularVelocity: 0.006130247 0.004229623 0.001322776
acceleration: 0.03673182 0.01199421 0.002439532
accel: 0.025011
brake: 0.0
steer: 0.0011
linkid: A219BS010380
trafficlightid: null
turn_signal_lamp: 0.0