position: 31.440819 56.478000000000065 -0.2595512
orientation: 1.504028 1.011581 61.08368
enu_velocity: 19.39827 35.00015 -0.03814629
velocity: 40.01068 -0.03858185 0.6695699
angularVelocity: 0.005828699 0.005303193 0.001351555
acceleration: -0.1973828 0.0178476 -0.005056709
accel: 0.02409498
brake: 0.0
steer: 0.0008
linkid: A219BS010380
trafficlightid: null
turn_signal_lamp: 0.0