position: 31.656329 56.86699999999996 -0.2596456
orientation: 1.516571 1.02432 61.08675
enu_velocity: 19.389 34.9861 -0.03980861
velocity: 39.9938 -0.03907013 0.6765313
angularVelocity: 0.005374423 0.004844744 0.001149761
acceleration: 0.09227505 0.01433739 -0.01863106
accel: 0.03589755
brake: 0.0
steer: 0.0005
linkid: A219BS010380
trafficlightid: null
turn_signal_lamp: 2.0