position: 39.931118999999995 161.86300000000006 -0.276088
orientation: 0.5059204 0.7484334 143.6345
enu_velocity: -12.23557 10.24588 -0.02673914
velocity: 15.92683 -0.9939823 0.1901009
angularVelocity: -0.02644237 0.02286398 -0.1856341
acceleration: -1.667749 -1.379056 -0.3689898
accel: 0.0
brake: 0.0647113
steer: -0.3026
linkid: A219BS010677
trafficlightid: null
turn_signal_lamp: 2.0