position: 31.979659 57.450000000000045 -0.2601936
orientation: 1.54184 1.030635 61.09029
enu_velocity: 19.39871 34.998 -0.04280023
velocity: 40.00887 -0.04394531 0.678377
angularVelocity: 0.006511345 0.0008455005 0.0007147552
acceleration: 0.04044736 -0.0124972 0.04098948
accel: 0.02789661
brake: 0.0
steer: 0.0005
linkid: A219BS010380
trafficlightid: null
turn_signal_lamp: 2.0