position: 38.944979000000004 162.65200000000004 -0.2657563
orientation: 0.6049805 1.194602 139.2802
enu_velocity: -9.934166 10.77927 0.1316013
velocity: 14.55526 -1.684359 0.4529573
angularVelocity: -0.03225827 0.02973373 -0.3064486
acceleration: -1.15378 -2.141429 0.1177322
accel: 0.0
brake: 0.009534354
steer: -0.364
linkid: A219BS010677
trafficlightid: null
turn_signal_lamp: 2.0