position: 38.764109000000005 162.81100000000015 -0.2613539
orientation: 0.4609375 1.273879 138.1814
enu_velocity: -9.525167 10.94617 0.1374795
velocity: 14.39074 -1.802854 0.4720401
angularVelocity: -0.03482681 0.01350267 -0.3285418
acceleration: -1.15199 -2.635596 -0.03955811
accel: 0.0
brake: 0.006796747
steer: -0.4576
linkid: A219BS010677
trafficlightid: null
turn_signal_lamp: 2.0