position: 38.646468999999996 162.91800000000012 -0.2591572
orientation: 0.3576965 1.301968 137.3921
enu_velocity: -9.197418 11.08224 0.1247781
velocity: 14.26524 -1.927283 0.4610648
angularVelocity: -0.03614765 0.007467048 -0.3517532
acceleration: -0.8555723 -2.119443 -0.115356
accel: 0.0300085
brake: 0.0
steer: -0.4458
linkid: A219BS010677
trafficlightid: null
turn_signal_lamp: 2.0