position: 32.087458999999996 57.64499999999998 -0.2603886
orientation: 1.547455 1.031729 61.09094
enu_velocity: 19.4001 35.00045 -0.03946854
velocity: 40.01161 -0.0442543 0.682539
angularVelocity: 0.004406564 0.001018347 0.0005161483
acceleration: 0.03755484 0.009257411 0.04890575
accel: 0.02685708
brake: 0.0
steer: 0.0005
linkid: A219BS010380
trafficlightid: null
turn_signal_lamp: 2.0