position: 38.253288999999995 163.30200000000013 -0.2554842
orientation: 0.1095581 1.330239 134.3453
enu_velocity: -8.154143 11.58746 0.02003758
velocity: 13.98202 -2.267403 0.3490586
angularVelocity: -0.01244148 0.002435484 -0.4057893
acceleration: -0.5981872 -2.104387 -0.2702883
accel: 0.05915678
brake: 0.0
steer: -0.5274
linkid: A219BS010677
trafficlightid: null
turn_signal_lamp: 2.0