position: 32.734038999999996 58.81100000000015 -0.2619855
orientation: 1.572174 1.019018 61.09357
enu_velocity: 19.39259 34.99322 -0.03471665
velocity: 40.00172 -0.04283333 0.678223
angularVelocity: 0.002676311 -0.003519344 0.0003809233
acceleration: 0.09069349 0.01471089 0.000969328
accel: 0.02967235
brake: 0.0
steer: 0.0003
linkid: A219BS010380
trafficlightid: null
turn_signal_lamp: 2.0