position: 32.841789000000006 59.00500000000011 -0.2623163
orientation: 1.575562 1.013877 61.09386
enu_velocity: 19.39469 34.99733 -0.03498887
velocity: 40.00639 -0.04293823 0.6744483
angularVelocity: 0.002981317 -0.004780068 0.0003678626
acceleration: 0.05739255 0.001850018 -0.005500989
accel: 0.02848107
brake: 0.0
steer: 0.0003
linkid: A219BS010380
trafficlightid: null
turn_signal_lamp: 2.0