position: 33.057319 59.394000000000005 -0.262958
orientation: 1.578644 1.00331 61.09436
enu_velocity: 19.39684 35.00334 -0.0305775
velocity: 40.01273 -0.04232025 0.6715758
angularVelocity: 0.0004212856 -0.004321802 0.0003162185
acceleration: 0.04059757 0.01492349 0.03414391
accel: 0.02650434
brake: 0.0
steer: 0.0004
linkid: A219BS010380
trafficlightid: null
turn_signal_lamp: 2.0