position: 33.380599000000004 59.978000000000065 -0.2636822
orientation: 1.575165 0.99136 61.09494
enu_velocity: 19.39335 35.00345 -0.01984027
velocity: 40.0111 -0.03959274 0.6738607
angularVelocity: -0.001876757 -0.002641459 0.0002276741
acceleration: -0.2012971 0.01491673 0.04541559
accel: 0.02416899
brake: 0.0
steer: 0.0002
linkid: A219BS010380
trafficlightid: null
turn_signal_lamp: 2.0