position: 33.488299 60.172000000000025 -0.2638287
orientation: 1.57254 0.9894702 61.09512
enu_velocity: 19.38317 34.9865 -0.01646966
velocity: 39.99131 -0.03899574 0.6755514
angularVelocity: -0.002432907 -0.001340569 0.0001853154
acceleration: -0.2802839 0.007235885 0.04050632
accel: 0.03827625
brake: 0.0
steer: 0.0002
linkid: A219BS010380
trafficlightid: null
turn_signal_lamp: 2.0