position: 33.595989 60.365999999999985 -0.2639515
orientation: 1.569366 0.9877926 61.0952
enu_velocity: 19.38397 34.98896 -0.01319788
velocity: 39.99382 -0.03853416 0.6776806
angularVelocity: -0.002908061 -0.001460612 8.437596e-05
acceleration: 0.08186551 0.008020792 0.04935462
accel: 0.0359979
brake: 0.0
steer: 0.0001
linkid: A219BS010380
trafficlightid: null
turn_signal_lamp: 2.0