position: 33.811399 60.75500000000011 -0.2641051
orientation: 1.561096 0.9855525 61.09497
enu_velocity: 19.38913 34.9993 -0.006086557
velocity: 40.00527 -0.03784561 0.683401
angularVelocity: -0.004074019 -0.0005370526 -0.0001938725
acceleration: 0.05695745 0.002466429 0.03702768
accel: 0.02915465
brake: 0.0
steer: 0.0001
linkid: A219BS010380
trafficlightid: null
turn_signal_lamp: 2.0