position: 34.026849 61.144000000000005 -0.2641939
orientation: 1.554565 0.9850566 61.09456
enu_velocity: 19.39261 35.00586 -0.007761134
velocity: 40.01272 -0.03755188 0.6814929
angularVelocity: -0.002112458 -2.383732e-05 -0.0001998218
acceleration: 0.04603161 -0.008688999 -0.0207804
accel: 0.02649087
brake: 0.0
steer: 0.0002
linkid: A219BS010380
trafficlightid: null
turn_signal_lamp: 2.0