position: 34.134579 61.33899999999994 -0.2642284
orientation: 1.552368 0.9852794 61.09433
enu_velocity: 19.39419 35.00774 -0.00705632
velocity: 40.01511 -0.0378685 0.6824014
angularVelocity: -0.001813424 0.0002677983 -0.0001853188
acceleration: 0.03189924 -0.001983175 0.01384698
accel: 0.02571946
brake: 0.0
steer: 0.0001
linkid: A219BS010380
trafficlightid: null
turn_signal_lamp: 2.0