position: 3.3411370000000007 5.977000000000089 -0.2920837
orientation: 1.021942 0.845633 60.64175
enu_velocity: 19.67401 34.82541 0.2553044
velocity: 39.99026 -0.05840111 0.8467706
angularVelocity: 0.003265192 -0.0225699 -0.006443893
acceleration: 0.05489282 -0.02871797 -0.2764818
accel: 0.03590074
brake: 0.0
steer: -0.002
linkid: A219BS010380
trafficlightid: null
turn_signal_lamp: 0.0