position: 34.457769 61.922000000000025 -0.264249
orientation: 1.54834 0.9885361 61.09357
enu_velocity: 19.38464 34.98566 -0.007044788
velocity: 39.99114 -0.03964424 0.6843189
angularVelocity: -0.0004958023 0.001778299 -0.0003245851
acceleration: -0.2790853 -0.01916452 -0.0177189
accel: 0.03833828
brake: 0.0
steer: 0.0
linkid: A219BS010380
trafficlightid: null
turn_signal_lamp: 2.0