position: 34.565459000000004 62.11699999999996 -0.2642566
orientation: 1.547607 0.9897472 61.09312
enu_velocity: 19.38683 34.9871 -0.006731993
velocity: 39.99345 -0.0405426 0.6855411
angularVelocity: -0.001028806 0.0006830954 -0.0004462183
acceleration: 0.07492966 -0.01583109 0.0269332
accel: 0.03599025
brake: 0.0
steer: 0.0
linkid: A219BS010380
trafficlightid: null
turn_signal_lamp: 2.0