position: 34.996329 62.894000000000005 -0.2644201
orientation: 1.526886 0.9845244 61.09102
enu_velocity: 19.39199 35.00365 0.001895515
velocity: 40.01034 -0.03568649 0.6906648
angularVelocity: -0.005384685 -0.001153712 -0.0002873619
acceleration: 0.03272089 0.01978005 0.0169288
accel: 0.02736985
brake: 0.0
steer: 0.0003
linkid: A219BS010380
trafficlightid: null
turn_signal_lamp: 2.0