position: 35.211779 63.28300000000013 -0.2645184
orientation: 1.512665 0.9790745 61.09076
enu_velocity: 19.3912 35.00893 0.005508545
velocity: 40.01458 -0.03243446 0.6904447
angularVelocity: -0.006865631 -0.00317382 0.0001254552
acceleration: 0.02629701 0.02842665 0.02126268
accel: 0.0260752
brake: 0.0
steer: 0.0004
linkid: A219BS010380
trafficlightid: null
turn_signal_lamp: 2.0