position: 3.450273 6.171000000000049 -0.2914833
orientation: 1.022675 0.8183537 60.63472
enu_velocity: 19.67507 34.82922 0.2334669
velocity: 39.99482 -0.05325508 0.805853
angularVelocity: -0.0001799073 -0.02410013 -0.00556692
acceleration: 0.05666911 0.00253004 -0.3054443
accel: 0.03429762
brake: 0.0
steer: -0.0016
linkid: A219BS010380
trafficlightid: null
turn_signal_lamp: 0.0