position: 35.642559000000006 64.06100000000015 -0.2649717
orientation: 1.482147 0.9602492 61.09277
enu_velocity: 19.37551 34.99304 0.001598142
velocity: 39.99338 -0.02861404 0.6728956
angularVelocity: -0.00716491 -0.004276813 0.0007399024
acceleration: 0.07511348 0.02172075 0.02044139
accel: 0.03638474
brake: 0.0
steer: 0.0005
linkid: A219BS010380
trafficlightid: null
turn_signal_lamp: 2.0