position: 35.750229000000004 64.25500000000011 -0.2651047
orientation: 1.473083 0.9546463 61.09358
enu_velocity: 19.3772 34.99998 0.003375169
velocity: 40.0003 -0.02746201 0.6708387
angularVelocity: -0.00807812 -0.005011144 0.0008729656
acceleration: 0.08831685 0.0301447 0.0248748
accel: 0.03081429
brake: 0.0
steer: 0.0001
linkid: A219BS010380
trafficlightid: null
turn_signal_lamp: 2.0