position: 36.827009000000004 66.20000000000005 -0.2646189
orientation: 1.41217 0.9665483 61.09225
enu_velocity: 19.38713 34.99884 -0.005577418
velocity: 40.00411 -0.03651047 0.6704364
angularVelocity: 0.0001870329 0.005879194 -0.0006778577
acceleration: 0.07018004 -0.02309016 -0.06742514
accel: 0.02928124
brake: 0.0
steer: 0.0001
linkid: A219BS010380
trafficlightid: null
turn_signal_lamp: 2.0