position: 37.042449000000005 66.58899999999994 -0.2643713
orientation: 1.415161 0.9803101 61.0914
enu_velocity: 19.39287 35.00347 -0.01267826
velocity: 40.0109 -0.03859138 0.673117
angularVelocity: 0.0009102253 0.006626148 -0.0005131401
acceleration: 0.04349605 -0.01799886 -0.02895085
accel: 0.02733316
brake: 0.0
steer: 0.0002
linkid: A219BS010380
trafficlightid: null
turn_signal_lamp: 2.0