position: 37.150179 66.7840000000001 -0.2642244
orientation: 1.415649 0.9887818 61.09106
enu_velocity: 19.39457 35.00579 -0.01470484
velocity: 40.01369 -0.03861427 0.6770583
angularVelocity: 0.0002868618 0.007640209 -0.0004731167
acceleration: 0.03911679 -0.004947927 -0.02751942
accel: 0.02620915
brake: 0.0
steer: 0.0002
linkid: A219BS010380
trafficlightid: null
turn_signal_lamp: 2.0