position: 37.257929000000004 66.97800000000007 -0.2640827
orientation: 1.416443 0.9976993 61.09074
enu_velocity: 19.39593 35.00826 -0.01871214
velocity: 40.01648 -0.03832054 0.6793226
angularVelocity: 0.001191433 0.007570227 -0.0004661657
acceleration: 0.03879659 -0.001848258 -0.07802564
accel: 0.02505545
brake: 0.0
steer: 0.0003
linkid: A219BS010380
trafficlightid: null
turn_signal_lamp: 2.0