position: 37.688579000000004 67.75600000000009 -0.2641835
orientation: 1.367615 0.9995658 61.08907
enu_velocity: 19.36495 34.99322 0.02312045
velocity: 39.98758 -0.01686478 0.7214147
angularVelocity: -0.03106721 -0.01073413 0.000562512
acceleration: 0.09002066 0.2281046 0.2289726
accel: 0.03740444
brake: 0.0
steer: 0.0006
linkid: A219BS010380
trafficlightid: null
turn_signal_lamp: 2.0