position: 37.796149 67.95000000000005 -0.264379
orientation: 1.328918 0.9858722 61.09004
enu_velocity: 19.3566 35.00506 0.0328715
velocity: 39.99391 -0.00500679 0.7214182
angularVelocity: -0.03439848 -0.01224311 0.001274126
acceleration: 0.08152165 0.1726632 0.1280314
accel: 0.03341376
brake: 0.0
steer: 0.0007
linkid: A219BS010380
trafficlightid: null
turn_signal_lamp: 2.0