position: 38.655598999999995 69.50700000000006 -0.2661512
orientation: 0.9811401 0.7873119 61.1008
enu_velocity: 19.34218 35.02361 0.04356649
velocity: 40.00529 0.002498627 0.5933694
angularVelocity: 0.007682547 -0.01031257 0.001492093
acceleration: -0.2853667 -0.3149827 -0.2790407
accel: 0.03047612
brake: 0.0
steer: -0.0015
linkid: A219BS010380
trafficlightid: null
turn_signal_lamp: 2.0