position: 39.515169 71.05899999999997 -0.2592076
orientation: 1.117676 1.042513 61.06917
enu_velocity: 19.29959 34.73433 0.00667358
velocity: 39.72919 -0.07399559 0.7312208
angularVelocity: -0.009116344 0.05662025 -0.008117332
acceleration: -0.9177145 0.004920155 0.2745871
accel: 0.0
brake: 0.03534881
steer: -0.003
linkid: A219BS010380
trafficlightid: null
turn_signal_lamp: 2.0