position: 39.941089000000005 71.82799999999997 -0.2529352
orientation: 1.081085 1.280036 61.03488
enu_velocity: 19.1104 34.38686 -0.05471151
velocity: 39.33171 -0.05163574 0.8252455
angularVelocity: 0.01924882 0.03504495 -0.008039845
acceleration: -1.779707 -0.1621544 -0.7046551
accel: 0.0
brake: 0.08915953
steer: -0.0037
linkid: A219BS010380
trafficlightid: null
turn_signal_lamp: 2.0