position: 40.361879 72.58500000000004 -0.2533689
orientation: 1.231781 1.371038 60.99675
enu_velocity: 18.85362 33.76588 -0.1882385
velocity: 38.66618 -0.1016598 0.7394879
angularVelocity: 0.02607676 0.01538639 -0.009665158
acceleration: -2.44629 -0.247734 -1.132746
accel: 0.0
brake: 0.128222
steer: -0.0057
linkid: A219BS010380
trafficlightid: null
turn_signal_lamp: 2.0