position: 41.077949000000004 73.8710000000001 -0.2606744
orientation: 1.062347 1.556036 60.93459
enu_velocity: 18.0661 32.36691 -0.3010126
velocity: 37.06197 -0.05376244 0.7067692
angularVelocity: -0.03523828 0.02594425 -0.007974271
acceleration: -3.443222 -0.0267092 0.2103562
accel: 0.0
brake: 0.1610806
steer: -0.0059
linkid: A219BS010380
trafficlightid: null
turn_signal_lamp: 2.0