position: 4.215122000000001 7.526000000000067 -0.2895893
orientation: 1.126312 0.6251369 60.60178
enu_velocity: 19.70228 34.82446 0.1478601
velocity: 40.00748 -0.05918503 0.5856722
angularVelocity: 0.02602631 -0.01755818 -0.00265206
acceleration: 0.01538121 -0.1042045 0.02830951
accel: 0.03205756
brake: 0.0
steer: -0.0002
linkid: A219BS010380
trafficlightid: null
turn_signal_lamp: 0.0