position: 4.3245260000000005 7.719000000000051 -0.2891853
orientation: 1.155792 0.6106172 60.59851
enu_velocity: 19.70792 34.8233 0.1405865
velocity: 40.00947 -0.06242752 0.5683776
angularVelocity: 0.02550831 -0.0111167 -0.00257424
acceleration: 0.02713336 -0.07118365 -0.09925664
accel: 0.02999185
brake: 0.0
steer: -0.0001
linkid: A219BS010380
trafficlightid: null
turn_signal_lamp: 0.0