position: 43.862279 78.82799999999997 -0.2783232
orientation: 0.7023621 0.8611826 60.10231
enu_velocity: 16.73578 28.50103 0.1277538
velocity: 33.04438 -0.2944384 0.6281345
angularVelocity: 0.008232681 -0.02572321 -0.05561966
acceleration: 0.2889352 -0.5730603 -0.07279917
accel: 0.0
brake: 0.05768019
steer: -0.0352
linkid: A219BS010380
trafficlightid: null
turn_signal_lamp: 2.0