position: 4.4339580000000005 7.913000000000011 -0.2886578
orientation: 1.184265 0.6024383 60.59575
enu_velocity: 19.71009 34.82326 0.1317034
velocity: 40.01067 -0.06243896 0.5538283
angularVelocity: 0.02475171 -0.006068707 -0.002151473
acceleration: 0.01436012 -0.02769337 -0.1371519
accel: 0.02954594
brake: 0.0
steer: 0.0001
linkid: A219BS010380
trafficlightid: null
turn_signal_lamp: 0.0