position: 5.090952000000001 9.073000000000093 -0.2835658
orientation: 1.38736 0.6196067 60.58655
enu_velocity: 19.71891 34.81365 0.1548921
velocity: 40.00622 -0.065588 0.5893131
angularVelocity: 0.0345635 0.01177729 -0.000426542
acceleration: -0.0505334 -0.03666966 0.2923034
accel: 0.03167504
brake: 0.0
steer: 0.0008
linkid: A219BS010380
trafficlightid: null
turn_signal_lamp: 0.0