position: 50.205209 87.3900000000001 -0.2708666
orientation: -0.445332 1.015572 39.88106
enu_velocity: 14.46414 9.641392 0.024613
velocity: 17.27833 -1.878285 0.3163193
angularVelocity: 0.004310339 0.007142355 -0.3353104
acceleration: -0.8875031 -1.779281 -0.1027094
accel: 0.0
brake: 0.00270415
steer: -0.3599
linkid: A219BS010813
trafficlightid: null
turn_signal_lamp: 2.0