position: 53.637449000000004 89.28899999999999 -0.2682649
orientation: -0.5503381 1.393274 16.49098
enu_velocity: 15.40539 1.551957 -0.01571478
velocity: 15.20811 -2.888193 0.3264461
angularVelocity: 0.08811292 0.001370834 -0.4927675
acceleration: -0.9143145 -1.878014 0.3060242
accel: 0.02736947
brake: 0.0
steer: -0.5532
linkid: A219BS010813
trafficlightid: null
turn_signal_lamp: 2.0