position: 55.254609 89.59300000000007 -0.2714773
orientation: -0.3595525 1.355904 5.80191
enu_velocity: 14.72421 -1.101261 -0.1673569
velocity: 14.53735 -2.585142 0.1604671
angularVelocity: -0.02035336 0.01356381 -0.4649645
acceleration: -0.4064118 -1.78542 -0.2154781
accel: 0.09073251
brake: 0.0
steer: -0.6468
linkid: A219BS010813
trafficlightid: null
turn_signal_lamp: 2.0