position: 6.406675000000001 11.393000000000029 -0.2683426
orientation: 1.836945 0.831633 60.60106
enu_velocity: 19.73247 34.81874 0.1053417
velocity: 40.01557 -0.07723045 0.6890385
angularVelocity: 0.01842972 0.01214298 0.001408423
acceleration: 0.02592784 0.0785311 -0.2097531
accel: 0.02643555
brake: 0.0
steer: 0.0012
linkid: A219BS010380
trafficlightid: null
turn_signal_lamp: 0.0