position: 6.516324000000001 11.586999999999989 -0.2674605
orientation: 1.85202 0.8447985 60.60306
enu_velocity: 19.72629 34.82317 0.09340519
velocity: 40.01641 -0.07099533 0.6861333
angularVelocity: 0.0122196 0.01161705 0.001416504
acceleration: 0.003808491 0.104732 -0.1254825
accel: 0.02587112
brake: 0.0
steer: 0.0013
linkid: A219BS010380
trafficlightid: null
turn_signal_lamp: 0.0