position: 59.742929000000004 88.82799999999997 -0.3015438
orientation: -0.3862005 0.9111912 -21.55801
enu_velocity: 16.0069 -8.263206 0.01335024
velocity: 17.92093 -1.805509 0.2862143
angularVelocity: 0.01135259 0.00445839 -0.3205094
acceleration: 1.608812 -0.9414676 0.09828549
accel: 0.3488004
brake: 0.0
steer: -0.2842
linkid: A219BS010398
trafficlightid: null
turn_signal_lamp: 1.0