position: 6.845091 12.167000000000144 -0.2653069
orientation: 1.874786 0.8764988 60.61023
enu_velocity: 19.70773 34.83652 0.06107487
velocity: 40.01902 -0.05335045 0.6754392
angularVelocity: -0.001082197 0.005864658 0.002072374
acceleration: 0.02349143 0.1250538 -0.2324863
accel: 0.02510581
brake: 0.0
steer: 0.0016
linkid: A219BS010380
trafficlightid: null
turn_signal_lamp: 0.0