position: 63.334419000000004 87.04600000000005 -0.3084584
orientation: -0.03622831 0.9557848 -29.04514
enu_velocity: 18.98313 -11.07287 -0.09053644
velocity: 21.97007 -0.46422 0.2756873
angularVelocity: 0.01432615 -0.005534464 -0.07839535
acceleration: 1.369019 -0.2172474 0.09497356
accel: 0.2805331
brake: 0.0
steer: -0.0604
linkid: A219BS010398
trafficlightid: null
turn_signal_lamp: 1.0