position: 63.548669000000004 86.92600000000016 -0.309642
orientation: -0.01823138 0.9461146 -29.21677
enu_velocity: 19.14418 -11.18977 -0.07865958
velocity: 22.16881 -0.4217262 0.2872984
angularVelocity: 0.006917009 -0.003441745 -0.07197888
acceleration: 1.376163 -0.01000035 0.111892
accel: 0.2802404
brake: 0.0
steer: -0.0515
linkid: A219BS010398
trafficlightid: null
turn_signal_lamp: 1.0