position: 6.954612000000001 12.361000000000104 -0.2649009
orientation: 1.869629 0.881623 60.61299
enu_velocity: 19.69995 34.84241 0.04432304
velocity: 40.02054 -0.04610634 0.6620383
angularVelocity: -0.005543192 0.00415038 0.002308224
acceleration: 0.02192834 0.124192 -0.2347788
accel: 0.02435805
brake: 0.0
steer: 0.0018
linkid: A219BS010380
trafficlightid: null
turn_signal_lamp: 0.0