position: 64.31143900000001 86.49400000000014 -0.3121857
orientation: -0.0007228414 0.9307623 -29.68799
enu_velocity: 19.72969 -11.55462 -0.03529632
velocity: 22.86016 -0.2662544 0.3360887
angularVelocity: 0.002160963 -0.001134998 -0.04627226
acceleration: 1.358778 -0.02958405 0.09584903
accel: 0.2769019
brake: 0.0
steer: -0.0283
linkid: A219BS010398
trafficlightid: null
turn_signal_lamp: 1.0