position: 64.42205899999999 86.43100000000004 -0.3123941
orientation: 0.0004579497 0.9295413 -29.73807
enu_velocity: 19.8154 -11.60176 -0.03051381
velocity: 22.95812 -0.2446766 0.3419791
angularVelocity: 0.001897163 -0.001051257 -0.04246362
acceleration: 1.358117 0.09633052 0.08592237
accel: 0.2765577
brake: 0.0
steer: -0.0272
linkid: A219BS010398
trafficlightid: null
turn_signal_lamp: 1.0