position: 64.533109 86.36699999999996 -0.3125774
orientation: 0.001820351 0.9283488 -29.78357
enu_velocity: 19.90127 -11.64812 -0.02620321
velocity: 23.05578 -0.2240171 0.3474001
angularVelocity: 0.001764499 -0.001036232 -0.03888959
acceleration: 1.353072 0.01656383 0.08128701
accel: 0.27609
brake: 0.0
steer: -0.0262
linkid: A219BS010398
trafficlightid: null
turn_signal_lamp: 1.0