position: 64.756489 86.23900000000003 -0.3129445
orientation: 0.005043123 0.924522 -29.86594
enu_velocity: 20.06734 -11.75061 -0.02292944
velocity: 23.25108 -0.1970377 0.3522958
angularVelocity: 0.001963526 -0.002072362 -0.03448696
acceleration: 1.351946 -0.07124501 0.03508178
accel: 0.2746512
brake: 0.0
steer: -0.0207
linkid: A219BS010398
trafficlightid: null
turn_signal_lamp: 1.0