position: 64.98156900000001 86.10900000000015 -0.3133476
orientation: 0.009368896 0.9186043 -29.93732
enu_velocity: 20.23586 -11.84669 -0.02123625
velocity: 23.44527 -0.1671944 0.3547108
angularVelocity: 0.00237516 -0.002706503 -0.0289647
acceleration: 1.342414 0.002512157 0.04041166
accel: 0.2738213
brake: 0.0
steer: -0.0192
linkid: A219BS010398
trafficlightid: null
turn_signal_lamp: 1.0