position: 65.09475900000001 86.0440000000001 -0.3135456
orientation: 0.01092529 0.9154383 -29.96884
enu_velocity: 20.31869 -11.8962 -0.02026203
velocity: 23.54184 -0.1558113 0.3559347
angularVelocity: 0.001528727 -0.002801889 -0.02706152
acceleration: 1.339685 -0.02785373 0.03149793
accel: 0.2730767
brake: 0.0
steer: -0.0185
linkid: A219BS010398
trafficlightid: null
turn_signal_lamp: 1.0