position: 65.20837900000001 85.97800000000007 -0.3137448
orientation: 0.0112915 0.9121308 -29.99866
enu_velocity: 20.40048 -11.94701 -0.01992623
velocity: 23.63816 -0.1466646 0.3564439
angularVelocity: 0.0005172185 -0.002918188 -0.0256753
acceleration: 1.335696 -0.04616123 0.02447486
accel: 0.2726367
brake: 0.0
steer: -0.0143
linkid: A219BS010398
trafficlightid: null
turn_signal_lamp: 1.0