position: 65.322429 85.91200000000003 -0.3139471
orientation: 0.01113892 0.9087114 -30.02643
enu_velocity: 20.48441 -11.99385 -0.02009342
velocity: 23.73434 -0.1337595 0.3563884
angularVelocity: 0.0004339229 -0.003007229 -0.0233645
acceleration: 1.334538 0.0937621 0.01689419
accel: 0.2722746
brake: 0.0
steer: -0.0137
linkid: A219BS010398
trafficlightid: null
turn_signal_lamp: 1.0