position: 65.782979 85.64499999999998 -0.3149373
orientation: 0.0177002 0.8918844 -30.11282
enu_velocity: 20.81993 -12.17953 -0.02869043
velocity: 24.1181 -0.09022141 0.3467943
angularVelocity: 0.00260879 -0.004031232 -0.01525396
acceleration: 1.321527 0.06498152 0.0004679509
accel: 0.2692224
brake: 0.0
steer: -0.0086
linkid: A219BS010398
trafficlightid: null
turn_signal_lamp: 1.0