position: 66.015859 85.50999999999999 -0.3154781
orientation: 0.02096558 0.8839903 -30.14319
enu_velocity: 20.98573 -12.27138 -0.03023529
velocity: 24.3077 -0.07358742 0.3448502
angularVelocity: 0.001018192 -0.003079296 -0.01235402
acceleration: 1.312476 0.00893873 0.01136364
accel: 0.2685818
brake: 0.0
steer: -0.0048
linkid: A219BS010398
trafficlightid: null
turn_signal_lamp: 1.0