position: 66.132969 85.44200000000001 -0.3157316
orientation: 0.02120972 0.8808748 -30.15662
enu_velocity: 21.06731 -12.31884 -0.03084251
velocity: 24.40211 -0.06794548 0.3443708
angularVelocity: 0.0001796799 -0.002606727 -0.01155406
acceleration: 1.31017 -0.006259978 0.0118898
accel: 0.2683162
brake: 0.0
steer: -0.0045
linkid: A219BS010398
trafficlightid: null
turn_signal_lamp: 1.0