position: 66.368509 85.30500000000006 -0.3161991
orientation: 0.02191162 0.8763849 -30.17688
enu_velocity: 21.23628 -12.40265 -0.03141472
velocity: 24.59035 -0.04681873 0.344758
angularVelocity: 0.0002422341 -0.001568595 -0.007691549
acceleration: 1.303916 0.05364609 0.01832202
accel: 0.2671382
brake: 0.0
steer: -0.0041
linkid: A219BS010398
trafficlightid: null
turn_signal_lamp: 1.0