position: 66.725119 85.09799999999996 -0.3168024
orientation: 0.02041626 0.873462 -30.1958
enu_velocity: 21.48706 -12.52942 -0.03153855
velocity: 24.87087 -0.0221529 0.3476462
angularVelocity: -0.0001025204 -0.0004815889 -0.003377117
acceleration: 1.293573 0.09391662 0.02163073
accel: 0.2656956
brake: 0.0
steer: 0.0017
linkid: A219BS010398
trafficlightid: null
turn_signal_lamp: 1.0