position: 66.965079 84.95800000000008 -0.3171803
orientation: 0.02093506 0.8724549 -30.19839
enu_velocity: 21.65663 -12.6075 -0.03160032
velocity: 25.05668 -0.003202438 0.3499701
angularVelocity: 0.0004882191 -0.0004443909 0.0002287648
acceleration: 1.286861 0.1152146 0.01986766
accel: 0.2632572
brake: 0.0
steer: 0.0043
linkid: A219BS010398
trafficlightid: null
turn_signal_lamp: 1.0