position: 67.085729 84.88800000000015 -0.3173688
orientation: 0.02215576 0.8719646 -30.19595
enu_velocity: 21.74294 -12.6425 -0.03153308
velocity: 25.14887 0.008893013 0.3512214
angularVelocity: 0.001106318 -0.0004082668 0.002637286
acceleration: 1.278203 0.1645065 0.02173594
accel: 0.2619338
brake: 0.0
steer: 0.0043
linkid: A219BS010398
trafficlightid: null
turn_signal_lamp: 1.0