position: 67.572749 84.60400000000004 -0.3180714
orientation: 0.02279663 0.8712443 -30.17307
enu_velocity: 22.07389 -12.79497 -0.03015464
velocity: 25.51157 0.03337574 0.3577895
angularVelocity: -0.000619876 0.0002018968 0.00678402
acceleration: 1.233107 0.1490148 0.02389202
accel: 0.2510991
brake: 0.0
steer: 0.0064
linkid: A219BS010398
trafficlightid: null
turn_signal_lamp: 1.0