position: 67.942599 84.38900000000012 -0.3184766
orientation: 0.01956177 0.8742462 -30.14554
enu_velocity: 22.31117 -12.90306 -0.02834913
velocity: 25.77097 0.04680347 0.3648879
angularVelocity: -0.001331354 0.001270036 0.008967921
acceleration: 1.17057 0.17534 0.02672639
accel: 0.2372098
brake: 0.0
steer: 0.0081
linkid: A219BS010398
trafficlightid: null
turn_signal_lamp: 1.0