position: 7.392211400000001 13.134999999999991 -0.2635932
orientation: 1.851929 0.9061463 60.62895
enu_velocity: 19.66519 34.84034 0.01311059
velocity: 40.00188 -0.02864838 0.6470678
angularVelocity: -0.006821303 0.003297348 0.004392877
acceleration: 0.06975794 0.1304716 -0.1551682
accel: 0.03047229
brake: 0.0
steer: 0.0034
linkid: A219BS010380
trafficlightid: null
turn_signal_lamp: 0.0