position: 68.31618900000001 84.17200000000003 -0.318774
orientation: 0.01306152 0.8800765 -30.11057
enu_velocity: 22.53493 -13.0021 -0.02655666
velocity: 26.01415 0.0576086 0.373042
angularVelocity: -0.002650067 0.001981932 0.01059311
acceleration: 1.095844 0.1041493 0.01899311
accel: 0.2207539
brake: 0.0
steer: 0.0094
linkid: A219BS010398
trafficlightid: null
turn_signal_lamp: 1.0