position: 68.56720899999999 84.02700000000004 -0.3189282
orientation: 0.008972168 0.8853801 -30.08337
enu_velocity: 22.67676 -13.05953 -0.0265834
velocity: 26.16563 0.06664181 0.3777674
angularVelocity: -0.001711834 0.002548752 0.01228979
acceleration: 1.029672 0.1223074 0.01604239
accel: 0.211017
brake: 0.0
steer: 0.0091
linkid: A219BS010398
trafficlightid: null
turn_signal_lamp: 1.0