position: 68.693279 83.95399999999995 -0.318992
orientation: 0.007354736 0.8885347 -30.06906
enu_velocity: 22.74374 -13.08896 -0.02666318
velocity: 26.23833 0.0681715 0.3802578
angularVelocity: -0.001595721 0.002817372 0.01254497
acceleration: 1.002854 0.1078412 0.01429227
accel: 0.2029505
brake: 0.0
steer: 0.0107
linkid: A219BS010398
trafficlightid: null
turn_signal_lamp: 1.0