position: 68.946489 83.80700000000002 -0.319106
orientation: 0.004679651 0.8952632 -30.03848
enu_velocity: 22.87341 -13.13982 -0.02623823
velocity: 26.37601 0.07502651 0.3859188
angularVelocity: -0.001239755 0.003001663 0.01394907
acceleration: 0.9299518 0.1447965 0.01723969
accel: 0.1912759
brake: 0.0
steer: 0.0103
linkid: A219BS010398
trafficlightid: null
turn_signal_lamp: 1.0