position: 69.073599 83.73400000000015 -0.3191582
orientation: 0.003343682 0.8987399 -30.02222
enu_velocity: 22.93464 -13.16458 -0.02605082
velocity: 26.4414 0.07673645 0.3887345
angularVelocity: -0.001450777 0.003045634 0.01423033
acceleration: 0.9012244 0.1233312 0.01641121
accel: 0.1830255
brake: 0.0
steer: 0.0117
linkid: A219BS010398
trafficlightid: null
turn_signal_lamp: 1.0