position: 69.328789 83.58699999999999 -0.3192538
orientation: 0.0009637108 0.906 -29.98779
enu_velocity: 23.05216 -13.20621 -0.02586836
velocity: 26.56396 0.08351612 0.3942096
angularVelocity: -0.000975329 0.003302825 0.01557298
acceleration: 0.8217524 0.1543519 0.01940402
accel: 0.1702541
brake: 0.0
steer: 0.0113
linkid: A219BS010398
trafficlightid: null
turn_signal_lamp: 1.0