position: 69.585199 83.43900000000008 -0.3193174
orientation: -0.0003974554 0.9141948 -29.95151
enu_velocity: 23.15938 -13.24653 -0.02522507
velocity: 26.67697 0.08527946 0.4004583
angularVelocity: -0.000834076 0.003746087 0.01586163
acceleration: 0.7623897 0.1190106 0.01205008
accel: 0.1558431
brake: 0.0
steer: 0.0123
linkid: A219BS010398
trafficlightid: null
turn_signal_lamp: 1.0