position: 69.971889 83.21600000000012 -0.319376
orientation: -0.001539423 0.9284668 -29.89374
enu_velocity: 23.30645 -13.2937 -0.02735612
velocity: 26.82796 0.09077454 0.4074226
angularVelocity: -0.0008118061 0.004374149 0.0169652
acceleration: 0.6607165 0.126322 -0.001441168
accel: 0.1365395
brake: 0.0
steer: 0.0128
linkid: A219BS010398
trafficlightid: null
turn_signal_lamp: 1.0