position: 70.230939 83.06700000000001 -0.3194385
orientation: -0.001940674 0.9382692 -29.85388
enu_velocity: 23.39455 -13.31855 -0.03030977
velocity: 26.91677 0.09441376 0.4105147
angularVelocity: -0.0001758594 0.004197645 0.01770775
acceleration: 0.5907285 0.1508332 -0.01228469
accel: 0.1246302
brake: 0.0
steer: 0.0124
linkid: A219BS010398
trafficlightid: null
turn_signal_lamp: 1.0