position: 70.360809 82.99299999999994 -0.319488
orientation: -0.001746871 0.9429764 -29.8335
enu_velocity: 23.43503 -13.33023 -0.0319011
velocity: 26.95771 0.09483624 0.4118086
angularVelocity: -0.0001202871 0.004074817 0.01779065
acceleration: 0.5619084 0.1357096 -0.01285151
accel: 0.119061
brake: 0.0
steer: 0.0132
linkid: A219BS010398
trafficlightid: null
turn_signal_lamp: 1.0