position: 70.88235900000001 82.69399999999996 -0.3197401
orientation: -0.001143631 0.9622836 -29.74942
enu_velocity: 23.58263 -13.36177 -0.03608862
velocity: 27.10153 0.1011381 0.4191217
angularVelocity: -7.555145e-05 0.00432425 0.01907859
acceleration: 0.4556471 0.1654482 -0.005689342
accel: 0.09923072
brake: 0.0
steer: 0.0137
linkid: A219BS010398
trafficlightid: null
turn_signal_lamp: 1.0