position: 71.275469 82.47000000000003 -0.3200036
orientation: 0.0001708596 0.9761056 -29.68271
enu_velocity: 23.67726 -13.37767 -0.039056
velocity: 27.19165 0.1026363 0.4242268
angularVelocity: -9.651517e-05 0.003785133 0.01929157
acceleration: 0.3933635 0.132941 -0.004847263
accel: 0.08851875
brake: 0.0
steer: 0.013
linkid: A219BS010398
trafficlightid: null
turn_signal_lamp: 1.0