position: 71.801879 82.17000000000007 -0.3203818
orientation: -0.000365817 0.9935427 -29.59692
enu_velocity: 23.78452 -13.39738 -0.03640383
velocity: 27.29458 0.0977354 0.4369429
angularVelocity: -0.0006249555 0.003615775 0.01816594
acceleration: 0.3368935 0.1181841 0.02051567
accel: 0.08117073
brake: 0.0
steer: 0.0119
linkid: A219BS010398
trafficlightid: null
turn_signal_lamp: 1.0