position: 71.93384900000001 82.09500000000003 -0.3204753
orientation: -0.000779053 0.9974353 -29.57642
enu_velocity: 23.80935 -13.40225 -0.03519757
velocity: 27.31855 0.09599018 0.4404222
angularVelocity: -0.0006781856 0.003319426 0.01779394
acceleration: 0.3320015 0.1116989 0.02317153
accel: 0.08032776
brake: 0.0
steer: 0.0116
linkid: A219BS010398
trafficlightid: null
turn_signal_lamp: 1.0