position: 72.065969 82.01999999999998 -0.3205714
orientation: -0.001188768 1.000955 -29.5563
enu_velocity: 23.83385 -13.40715 -0.03383185
velocity: 27.34227 0.09422588 0.4438817
angularVelocity: -0.000655539 0.002987122 0.01743956
acceleration: 0.3286223 0.1060454 0.02507309
accel: 0.08098162
brake: 0.0
steer: 0.0112
linkid: A219BS010398
trafficlightid: null
turn_signal_lamp: 1.0