position: 7.7202453 13.715000000000146 -0.2632142
orientation: 1.832642 0.9214408 60.64879
enu_velocity: 19.64689 34.86224 -0.01137183
velocity: 40.01219 -0.01647186 0.6330156
angularVelocity: -0.004717244 0.006623128 0.006381595
acceleration: 0.04615488 0.09782758 -0.1261451
accel: 0.02713015
brake: 0.0
steer: 0.0039
linkid: A219BS010380
trafficlightid: null
turn_signal_lamp: 0.0