position: 72.198219 81.94499999999994 -0.3206731
orientation: -0.001393653 1.004042 -29.53662
enu_velocity: 23.85826 -13.41228 -0.03303566
velocity: 27.36602 0.09239578 0.4465683
angularVelocity: -0.0003780822 0.002554693 0.01709801
acceleration: 0.3319356 0.1044667 0.01054757
accel: 0.08284633
brake: 0.0
steer: 0.011
linkid: A219BS010398
trafficlightid: null
turn_signal_lamp: 1.0