position: 72.46315899999999 81.79600000000005 -0.3209306
orientation: -0.001123153 1.008094 -29.49866
enu_velocity: 23.90769 -13.42478 -0.0328449
velocity: 27.41521 0.08772087 0.4495602
angularVelocity: -5.363856e-05 0.00130124 0.01625975
acceleration: 0.3456886 0.0897627 0.006902736
accel: 0.08428752
brake: 0.0
steer: 0.0105
linkid: A219BS010398
trafficlightid: null
turn_signal_lamp: 1.0