position: 72.861669 81.56999999999994 -0.3214313
orientation: 0.001222847 1.009029 -29.44513
enu_velocity: 23.98526 -13.44779 -0.03029864
velocity: 27.49408 0.08021545 0.45394
angularVelocity: 0.000684944 -0.0004596034 0.01501978
acceleration: 0.3917392 0.07837779 0.02153014
accel: 0.09737772
brake: 0.0
steer: 0.0096
linkid: A219BS010398
trafficlightid: null
turn_signal_lamp: 1.0