position: 73.128129 81.42000000000007 -0.321827
orientation: 0.003990219 1.006417 -29.41177
enu_velocity: 24.04376 -13.46794 -0.02904931
velocity: 27.55497 0.07541275 0.4550017
angularVelocity: 0.001011969 -0.001557097 0.01423171
acceleration: 0.4490684 0.07106072 0.01122197
accel: 0.1129256
brake: 0.0
steer: 0.0089
linkid: A219BS010398
trafficlightid: null
turn_signal_lamp: 1.0