position: 73.261629 81.34500000000003 -0.3220486
orientation: 0.00537872 1.004131 -29.39587
enu_velocity: 24.07617 -13.48037 -0.02888235
velocity: 27.58932 0.07285118 0.4546697
angularVelocity: 0.0009542899 -0.002134904 0.01377173
acceleration: 0.4851529 0.06970818 0.010563
accel: 0.117674
brake: 0.0
steer: 0.0087
linkid: A219BS010398
trafficlightid: null
turn_signal_lamp: 1.0