position: 73.52921900000001 81.19399999999996 -0.3225344
orientation: 0.008117676 0.9977419 -29.36542
enu_velocity: 24.14625 -13.50791 -0.02787762
velocity: 27.66396 0.06856632 0.4538941
angularVelocity: 0.001013613 -0.003154349 0.01302366
acceleration: 0.5429553 0.07249889 0.02016833
accel: 0.1355127
brake: 0.0
steer: 0.0079
linkid: A219BS010398
trafficlightid: null
turn_signal_lamp: 1.0