position: 73.663329 81.11900000000014 -0.3227942
orientation: 0.009399414 0.9936841 -29.35101
enu_velocity: 24.18465 -13.52503 -0.02708567
velocity: 27.70586 0.06552029 0.4534521
angularVelocity: 0.0008953987 -0.003666939 0.01242974
acceleration: 0.5934843 0.05654611 0.02152808
accel: 0.1429948
brake: 0.0
steer: 0.0077
linkid: A219BS010398
trafficlightid: null
turn_signal_lamp: 1.0