position: 73.93226899999999 80.9670000000001 -0.3233452
orientation: 0.0118103 0.9837907 -29.32373
enu_velocity: 24.26979 -13.56277 -0.0249947
velocity: 27.79863 0.06114292 0.4523491
angularVelocity: 0.0008066406 -0.004717446 0.01161072
acceleration: 0.6772104 0.06207594 0.02853214
accel: 0.1646643
brake: 0.0
steer: 0.0068
linkid: A219BS010398
trafficlightid: null
turn_signal_lamp: 1.0