position: 74.06711899999999 80.89200000000005 -0.323636
orientation: 0.01269531 0.9778892 -29.31104
enu_velocity: 24.31665 -13.58581 -0.02370455
velocity: 27.8508 0.05783272 0.4516658
angularVelocity: 0.0005355342 -0.005291837 0.01092732
acceleration: 0.7385594 0.04379797 0.03077407
accel: 0.1736625
brake: 0.0
steer: 0.0067
linkid: A219BS010398
trafficlightid: null
turn_signal_lamp: 1.0