position: 74.202259 80.81600000000003 -0.3239363
orientation: 0.01348877 0.9713708 -29.29892
enu_velocity: 24.36724 -13.61005 -0.022508
velocity: 27.90682 0.0555706 0.4506426
angularVelocity: 0.0005414085 -0.005800495 0.01049732
acceleration: 0.7898063 0.05434781 0.02825803
accel: 0.1807625
brake: 0.0
steer: 0.0065
linkid: A219BS010398
trafficlightid: null
turn_signal_lamp: 1.0