position: 74.33768900000001 80.74000000000001 -0.3242385
orientation: 0.01455688 0.964533 -29.28717
enu_velocity: 24.42044 -13.63566 -0.02121466
velocity: 27.96577 0.05354309 0.4495967
angularVelocity: 0.0008445412 -0.005988914 0.01016421
acceleration: 0.8273683 0.05012849 0.03454304
accel: 0.1902412
brake: 0.0
steer: 0.0058
linkid: A219BS010398
trafficlightid: null
turn_signal_lamp: 1.0