position: 74.47343900000001 80.66399999999999 -0.3245352
orientation: 0.01586914 0.9576041 -29.27591
enu_velocity: 24.47594 -13.66376 -0.01980828
velocity: 28.02797 0.05067825 0.4486597
angularVelocity: 0.0009909808 -0.006057169 0.009645272
acceleration: 0.8746743 0.02297813 0.03375429
accel: 0.1980788
brake: 0.0
steer: 0.0057
linkid: A219BS010398
trafficlightid: null
turn_signal_lamp: 1.0