position: 74.74592899999999 80.51099999999997 -0.3251096
orientation: 0.0189209 0.9435955 -29.25522
enu_velocity: 24.59448 -13.72442 -0.01705669
velocity: 28.16109 0.0455904 0.4467486
angularVelocity: 0.001298699 -0.006185154 0.008767772
acceleration: 0.9497699 0.04213798 0.03321235
accel: 0.208994
brake: 0.0
steer: 0.0121
linkid: A219BS010398
trafficlightid: null
turn_signal_lamp: 1.0