position: 75.01980900000001 80.35699999999997 -0.3256735
orientation: 0.02731323 0.9290828 -29.22818
enu_velocity: 24.7355 -13.76151 -0.01532295
velocity: 28.30235 0.06886101 0.4436207
angularVelocity: 0.005053957 -0.00636507 0.01431745
acceleration: 0.9962103 0.2720112 0.02674231
accel: 0.2168737
brake: 0.0
steer: 0.012
linkid: A219BS010398
trafficlightid: null
turn_signal_lamp: 1.0