position: 75.29515900000001 80.20299999999997 -0.3262076
orientation: 0.03927612 0.9146727 -29.1911
enu_velocity: 24.87821 -13.80684 -0.01217172
velocity: 28.44913 0.08066559 0.4419734
angularVelocity: 0.004470338 -0.006123814 0.0168664
acceleration: 1.029461 0.182162 0.04098048
accel: 0.2221414
brake: 0.0
steer: 0.0181
linkid: A219BS010398
trafficlightid: null
turn_signal_lamp: 1.0