position: 75.43339900000001 80.12599999999998 -0.326449
orientation: 0.04656982 0.9078837 -29.16742
enu_velocity: 24.95955 -13.81415 -0.01045828
velocity: 28.52376 0.1022167 0.4414701
angularVelocity: 0.00631758 -0.005836763 0.02166011
acceleration: 1.039951 0.4256302 0.03946397
accel: 0.2245596
brake: 0.0
steer: 0.018
linkid: A219BS010398
trafficlightid: null
turn_signal_lamp: 1.0