position: 75.57203899999999 80.04899999999998 -0.3266729
orientation: 0.05432129 0.9014761 -29.14032
enu_velocity: 25.03826 -13.82855 -0.00934431
velocity: 28.59959 0.1145411 0.4405613
angularVelocity: 0.006317995 -0.005484601 0.02415261
acceleration: 1.055736 0.3375798 0.02809629
accel: 0.2257939
brake: 0.0
steer: 0.0235
linkid: A219BS010398
trafficlightid: null
turn_signal_lamp: 1.0