position: 76.412609 79.58100000000013 -0.3278199
orientation: 0.09082031 0.8704131 -28.91681
enu_velocity: 25.53193 -13.88246 -0.009359115
velocity: 29.05819 0.1947479 0.4318052
angularVelocity: 0.003050576 -0.003195885 0.03946096
acceleration: 1.033859 0.4563081 0.01671326
accel: 0.2032794
brake: 0.0
steer: 0.0314
linkid: A219BS010398
trafficlightid: null
turn_signal_lamp: 1.0