position: 77.12388899999999 79.19000000000005 -0.3280861
orientation: 0.09973145 0.8704569 -28.66312
enu_velocity: 25.84915 -13.85411 -0.0116109
velocity: 29.32351 0.2431641 0.433492
angularVelocity: 5.951093e-06 0.003488035 0.04790179
acceleration: 0.3263515 0.6163907 -0.01663152
accel: 0.03323947
brake: 0.0
steer: 0.0332
linkid: A219BS010398
trafficlightid: null
turn_signal_lamp: 1.0