position: 77.40985900000001 79.0340000000001 -0.3277869
orientation: 0.1010132 0.8874318 -28.5488
enu_velocity: 25.86076 -13.77825 -0.01513628
velocity: 29.2978 0.2568541 0.4382282
angularVelocity: -0.0008660951 0.01068603 0.05033261
acceleration: -0.5662141 0.4540859 -0.03718273
accel: 0.0
brake: 0.05713274
steer: 0.054
linkid: A219BS010398
trafficlightid: null
turn_signal_lamp: 1.0