position: 8.157314040000001 14.490000000000009 -0.2629876
orientation: 1.830109 0.9547077 60.68327
enu_velocity: 19.61228 34.85685 -0.03852933
velocity: 39.9906 -0.01319122 0.6286238
angularVelocity: 0.002742971 0.01052775 0.007919871
acceleration: -0.2823162 0.07169719 -0.04568471
accel: 0.03893427
brake: 0.0
steer: 0.0045
linkid: A219BS010380
trafficlightid: null
turn_signal_lamp: 0.0