position: 77.69468900000001 78.87900000000013 -0.3268442
orientation: 0.1130371 0.9305703 -28.41034
enu_velocity: 25.73594 -13.5386 -0.02104975
velocity: 29.07433 0.3375549 0.4505349
angularVelocity: 0.008349577 0.02425069 0.06851947
acceleration: -1.988897 1.098458 -0.07868393
accel: 0.0
brake: 0.09289276
steer: 0.0538
linkid: A219BS010398
trafficlightid: null
turn_signal_lamp: 1.0