position: 78.11677900000001 78.65100000000007 -0.3242446
orientation: 0.1538086 1.045809 -28.12909
enu_velocity: 25.36924 -13.0442 -0.03456332
velocity: 28.51851 0.4583521 0.4848033
angularVelocity: 0.01349383 0.03966826 0.09465695
acceleration: -3.126833 1.347591 -0.1396715
accel: 0.0
brake: 0.1528323
steer: 0.0737
linkid: A219BS010398
trafficlightid: null
turn_signal_lamp: 1.0