position: 80.20490899999999 77.58600000000001 -0.3154736
orientation: -0.2929845 1.344407 -25.66486
enu_velocity: 22.23178 -9.743309 0.01555137
velocity: 24.2513 0.8436594 0.5890225
angularVelocity: -0.01021113 -0.000555858 0.153882
acceleration: -3.962547 1.494643 -0.1563332
accel: 0.0
brake: 0.1860631
steer: 0.1291
linkid: A219BS010398
trafficlightid: null
turn_signal_lamp: 1.0