position: 8.375638 14.876999999999953 -0.2628075
orientation: 1.839905 0.9793519 60.70284
enu_velocity: 19.60539 34.87213 -0.04561225
velocity: 40.00039 -0.01292801 0.6389152
angularVelocity: 0.005460316 0.01009231 0.008491093
acceleration: 0.08555371 0.1042746 -0.05549952
accel: 0.03044245
brake: 0.0
steer: 0.0047
linkid: A219BS010380
trafficlightid: null
turn_signal_lamp: 0.0