position: 80.32544899999999 77.52800000000002 -0.3154017
orientation: -0.2946231 1.344634 -25.48462
enu_velocity: 22.0156 -9.536293 0.01065066
velocity: 23.96982 0.8612499 0.5777239
angularVelocity: -0.003794816 -0.0006508499 0.1580574
acceleration: -3.925169 1.247418 -0.1528556
accel: 0.0
brake: 0.184039
steer: 0.1285
linkid: A219BS010398
trafficlightid: null
turn_signal_lamp: 1.0