position: 81.245709 77.10400000000004 -0.3151008
orientation: -0.2444412 1.347188 -23.9754
enu_velocity: 20.27189 -7.929018 0.04227385
velocity: 21.73774 0.9901047 0.5577254
angularVelocity: -0.01643948 0.0096897 0.1801783
acceleration: -3.977568 1.123204 0.3823607
accel: 0.0
brake: 0.1770988
steer: 0.1551
linkid: A219BS010663
trafficlightid: null
turn_signal_lamp: 1.0