position: 81.35523900000001 77.05600000000004 -0.3142414
orientation: -0.2770283 1.365121 -23.77206
enu_velocity: 20.05436 -7.741263 0.0773595
velocity: 21.46543 0.9965668 0.5937358
angularVelocity: -0.03751756 0.01649507 0.1766777
acceleration: -3.781233 1.171201 0.3985351
accel: 0.0
brake: 0.1795585
steer: 0.1541
linkid: A219BS010663
trafficlightid: null
turn_signal_lamp: 1.0