position: 81.67696900000001 76.91700000000014 -0.3109236
orientation: -0.4095959 1.425303 -23.17734
enu_velocity: 19.41257 -7.178939 0.1035362
velocity: 20.66231 1.036386 0.6250995
angularVelocity: -0.03365619 0.01214605 0.1762376
acceleration: -3.939049 1.980142 -0.1292178
accel: 0.0
brake: 0.1870301
steer: 0.1855
linkid: A219BS010663
trafficlightid: null
turn_signal_lamp: 1.0