position: 81.78172900000001 76.87300000000005 -0.3100352
orientation: -0.4339965 1.437851 -22.96811
enu_velocity: 19.1955 -6.958188 0.09822836
velocity: 20.38005 1.079235 0.6180015
angularVelocity: -0.02375834 0.008727027 0.1842111
acceleration: -3.960514 1.550735 -0.1703202
accel: 0.0
brake: 0.1821366
steer: 0.1851
linkid: A219BS010663
trafficlightid: null
turn_signal_lamp: 1.0