position: 82.57863900000001 76.55400000000009 -0.3092717
orientation: -0.5201029 1.376868 -21.26068
enu_velocity: 17.64731 -5.692572 0.009534675
velocity: 18.50486 1.089821 0.4642228
angularVelocity: -0.007880965 -0.02247835 0.1856369
acceleration: -2.419809 1.64741 -0.2035555
accel: 0.0
brake: 0.08992983
steer: 0.2111
linkid: A219BS010663
trafficlightid: null
turn_signal_lamp: 1.0