position: 82.67402899999999 76.51800000000003 -0.3099529
orientation: -0.5191658 1.350779 -21.03839
enu_velocity: 17.52889 -5.540346 0.0006215934
velocity: 18.34425 1.117759 0.4433236
angularVelocity: -0.003019869 -0.02514285 0.196105
acceleration: -2.201966 1.274219 -0.1474283
accel: 0.0
brake: 0.07423913
steer: 0.2095
linkid: A219BS010663
trafficlightid: null
turn_signal_lamp: 1.0