position: 84.449659 75.92000000000007 -0.3205732
orientation: -0.3472449 0.9127064 -16.2532
enu_velocity: 17.29942 -3.633255 0.04348668
velocity: 17.62199 1.351772 0.3324281
angularVelocity: 0.009836247 -0.005194453 0.243727
acceleration: -0.1279734 1.649764 0.03701619
accel: 0.06238672
brake: 0.0
steer: 0.2568
linkid: A219BS010663
trafficlightid: null
turn_signal_lamp: 1.0