position: 84.82722899999999 75.81500000000005 -0.3198253
orientation: -0.2893753 0.9053395 -15.09732
enu_velocity: 17.42168 -3.225044 0.03920241
velocity: 17.65754 1.422283 0.3254275
angularVelocity: 0.005744038 -0.002218875 0.2554306
acceleration: 0.1147871 1.297612 -0.01309157
accel: 0.08469221
brake: 0.0
steer: 0.2796
linkid: A219BS010663
trafficlightid: null
turn_signal_lamp: 1.0