position: 84.922089 75.78999999999996 -0.3196358
orientation: -0.2747501 0.9046274 -14.79904
enu_velocity: 17.45276 -3.106897 0.03681457
velocity: 17.66462 1.452585 0.3227135
angularVelocity: 0.009565686 -0.001927053 0.2616831
acceleration: 0.04044342 1.662469 -0.03093165
accel: 0.09631316
brake: 0.0
steer: 0.2743
linkid: A219BS010663
trafficlightid: null
turn_signal_lamp: 1.0