position: 85.01713900000001 75.7650000000001 -0.3194928
orientation: -0.2564625 0.9029201 -14.49545
enu_velocity: 17.48759 -2.99824 0.03334073
velocity: 17.67866 1.47299 0.3185611
angularVelocity: 0.01207275 -0.003148625 0.2657914
acceleration: 0.1154741 1.564112 -0.02434708
accel: 0.1013736
brake: 0.0
steer: 0.2689
linkid: A219BS010663
trafficlightid: null
turn_signal_lamp: 1.0