position: 85.11241899999999 75.74099999999999 -0.3194103
orientation: -0.2395211 0.8994817 -14.1886
enu_velocity: 17.52511 -2.896422 0.03082046
velocity: 17.69778 1.486284 0.3148992
angularVelocity: 0.009982536 -0.004496878 0.2682389
acceleration: 0.1781591 1.481047 -0.02053532
accel: 0.1047795
brake: 0.0
steer: 0.2632
linkid: A219BS010663
trafficlightid: null
turn_signal_lamp: 1.0