position: 8.9210487 15.845000000000027 -0.2628331
orientation: 1.855499 1.016448 60.75563
enu_velocity: 19.57489 34.90268 -0.02032745
velocity: 40.01123 -0.006416321 0.6901269
angularVelocity: 0.0007020102 0.002225067 0.009222403
acceleration: 0.01701722 0.1242268 0.09937618
accel: 0.02733127
brake: 0.0
steer: 0.005
linkid: A219BS010380
trafficlightid: null
turn_signal_lamp: 0.0