position: 85.30373900000001 75.69499999999994 -0.319316
orientation: -0.2189826 0.8898105 -13.56982
enu_velocity: 17.60424 -2.69549 0.03270238
velocity: 17.74261 1.509048 0.3140431
angularVelocity: 0.00145149 -0.005724097 0.2707321
acceleration: 0.2273166 1.487031 0.03073111
accel: 0.1169584
brake: 0.0
steer: 0.2895
linkid: A219BS010663
trafficlightid: null
turn_signal_lamp: 1.0