position: 85.49601899999999 75.65000000000009 -0.3192226
orientation: -0.2112704 0.8787851 -12.93802
enu_velocity: 17.68416 -2.465746 0.03637918
velocity: 17.78464 1.555131 0.3149166
angularVelocity: -0.003208219 -0.006215471 0.2776233
acceleration: 0.266222 1.595546 0.04042426
accel: 0.1334066
brake: 0.0
steer: 0.278
linkid: A219BS010663
trafficlightid: null
turn_signal_lamp: 1.0