position: 85.68942899999999 75.60699999999997 -0.3191891
orientation: -0.2239478 0.8645574 -12.30011
enu_velocity: 17.77882 -2.267676 0.03605794
velocity: 17.85122 1.570634 0.3115876
angularVelocity: -0.01471353 -0.007827616 0.277999
acceleration: 0.3905454 1.435107 -0.01571094
accel: 0.1375522
brake: 0.0
steer: 0.3133
linkid: A219BS010663
trafficlightid: null
turn_signal_lamp: 1.0