position: 85.88406900000001 75.56700000000001 -0.3192636
orientation: -0.2565099 0.8485307 -11.65692
enu_velocity: 17.87119 -2.03177 0.02760725
velocity: 17.91075 1.619695 0.3001359
angularVelocity: -0.01704465 -0.008192034 0.2855936
acceleration: 0.2443693 1.962215 -0.0752313
accel: 0.1558766
brake: 0.0
steer: 0.3479
linkid: A219BS010663
trafficlightid: null
turn_signal_lamp: 1.0