position: 86.07954900000001 75.52800000000002 -0.3193927
orientation: -0.2636003 0.8354867 -10.95395
enu_velocity: 17.96111 -1.677226 0.01658512
velocity: 17.95042 1.765004 0.2864816
angularVelocity: -0.005780624 -0.006448418 0.3150824
acceleration: 0.2898751 2.247611 -0.02283089
accel: 0.1829756
brake: 0.0
steer: 0.336
linkid: A219BS010663
trafficlightid: null
turn_signal_lamp: 1.0