position: 86.474379 75.45900000000006 -0.3195316
orientation: -0.2719163 0.827273 -9.452393
enu_velocity: 18.18141 -1.098001 -0.008577704
velocity: 18.11311 1.901581 0.2619957
angularVelocity: -0.003500195 -0.0001731705 0.3398386
acceleration: 0.4642129 2.08574 -0.08745014
accel: 0.2033991
brake: 0.0
steer: 0.349
linkid: A219BS010663
trafficlightid: null
turn_signal_lamp: 1.0