position: 86.673969 75.42800000000011 -0.3195685
orientation: -0.2735112 0.8331981 -8.670349
enu_velocity: 18.30255 -0.8545083 -0.02253391
velocity: 18.22061 1.913173 0.2515831
angularVelocity: -0.007365085 0.001207568 0.3406912
acceleration: 0.6116552 1.654886 -0.07831733
accel: 0.1989777
brake: 0.0
steer: 0.3691
linkid: A219BS010663
trafficlightid: null
turn_signal_lamp: 1.0