position: 86.87511900000001 75.39900000000011 -0.3198276
orientation: -0.2751198 0.8379358 -7.887146
enu_velocity: 18.41416 -0.5940249 -0.04187802
velocity: 18.32014 1.937322 0.235369
angularVelocity: -0.001223661 0.0004307639 0.3464372
acceleration: 0.4284995 2.1776 -0.1155274
accel: 0.2070876
brake: 0.0
steer: 0.3538
linkid: A219BS010663
trafficlightid: null
turn_signal_lamp: 1.0