position: 87.077709 75.37300000000005 -0.3201718
orientation: -0.2584335 0.8448923 -7.086761
enu_velocity: 18.52596 -0.3393994 -0.04941497
velocity: 18.42503 1.947759 0.2310853
angularVelocity: 0.003441552 0.002088796 0.3492387
acceleration: 0.6078169 1.699529 -0.009056166
accel: 0.2042302
brake: 0.0
steer: 0.3383
linkid: A219BS010663
trafficlightid: null
turn_signal_lamp: 1.0