position: 87.590879 75.31999999999994 -0.3206182
orientation: -0.1812064 0.8796915 -5.096588
enu_velocity: 18.79521 0.2570785 -0.04702644
velocity: 18.69658 1.924963 0.2461379
angularVelocity: 0.01307625 0.006645193 0.3478694
acceleration: 0.6293081 1.623713 0.039373
accel: 0.1990983
brake: 0.0
steer: 0.3294
linkid: A219BS010663
trafficlightid: null
turn_signal_lamp: 1.0