position: 88.007769 75.28999999999996 -0.3205294
orientation: -0.09226908 0.9170073 -3.494934
enu_velocity: 18.97752 0.8053205 -0.02794995
velocity: 18.89116 1.960257 0.2775787
angularVelocity: 0.01234775 0.009775589 0.3552814
acceleration: 0.5117867 1.980219 0.1509506
accel: 0.2061341
brake: 0.0
steer: 0.3419
linkid: A219BS010663
trafficlightid: null
turn_signal_lamp: 1.0