position: 88.32380900000001 75.27400000000011 -0.3196786
orientation: -0.06795372 0.9537259 -2.283325
enu_velocity: 19.11124 1.214955 0.006274749
velocity: 19.04492 1.975009 0.3256627
angularVelocity: -0.002167774 0.01090402 0.3548026
acceleration: 0.2783718 2.689222 0.1537489
accel: 0.1952446
brake: 0.0
steer: 0.3631
linkid: A219BS010663
trafficlightid: null
turn_signal_lamp: 1.0