position: 88.64239900000001 75.26600000000008 -0.3182028
orientation: -0.0541514 0.9949705 -1.035461
enu_velocity: 19.22292 1.685988 0.03299098
velocity: 19.18585 2.032752 0.3681228
angularVelocity: -0.005649547 0.01121702 0.3638491
acceleration: 0.557451 1.927338 0.1188311
accel: 0.206001
brake: 0.0
steer: 0.3809
linkid: A219BS010663
trafficlightid: null
turn_signal_lamp: 1.0