position: 9.356755 16.621000000000095 -0.2636815
orientation: 1.872253 0.9972568 60.79944
enu_velocity: 19.54854 34.91655 -0.01012709
velocity: 40.01049 -0.007146835 0.686941
angularVelocity: 0.004584912 -0.00681878 0.009971676
acceleration: -0.2041632 0.09672919 0.07705647
accel: 0.02477806
brake: 0.0
steer: 0.0051
linkid: A219BS010380
trafficlightid: null
turn_signal_lamp: 0.0