position: 89.39543900000001 75.27500000000009 -0.3159665
orientation: -0.09359252 1.029082 1.948303
enu_velocity: 19.44646 2.78149 0.009770578
velocity: 19.52646 2.118149 0.3639825
angularVelocity: -0.009026555 -0.005579686 0.3784312
acceleration: 0.3318663 2.41797 -0.1602128
accel: 0.1963207
brake: 0.0
steer: 0.3645
linkid: A219BS010663
trafficlightid: null
turn_signal_lamp: 1.0