position: 89.503999 75.27999999999997 -0.3161592
orientation: -0.09346437 1.021942 2.384613
enu_velocity: 19.46906 2.942397 -0.004193563
velocity: 19.57159 2.129226 0.3484002
angularVelocity: -0.00643787 -0.007215433 0.3810874
acceleration: 0.4458445 2.161825 -0.1982163
accel: 0.1942514
brake: 0.0
steer: 0.3574
linkid: A219BS010663
trafficlightid: null
turn_signal_lamp: 1.0