position: 90.26963900000001 75.33500000000004 -0.3193327
orientation: -0.06231551 0.9746354 5.430328
enu_velocity: 19.59521 3.961655 -0.07666005
velocity: 19.88061 2.089192 0.2638149
angularVelocity: -0.001431897 -0.002482355 0.3754655
acceleration: 0.3674475 1.770463 -0.07031559
accel: 0.1481308
brake: 0.0
steer: 0.3587
linkid: A219BS010663
trafficlightid: null
turn_signal_lamp: 1.0