position: 90.71007900000001 75.38499999999999 -0.3210357
orientation: -0.02933694 0.9825924 7.157471
enu_velocity: 19.59506 4.545988 -0.09162387
velocity: 20.00741 2.068946 0.2525723
angularVelocity: -0.002093146 0.003402375 0.3719336
acceleration: 0.2496148 1.788078 -0.02444232
accel: 0.1214329
brake: 0.0
steer: 0.3492
linkid: A219BS010663
trafficlightid: null
turn_signal_lamp: 1.0