position: 90.820369 75.39900000000011 -0.3213959
orientation: -0.02583274 0.9881108 7.581665
enu_velocity: 19.58619 4.687051 -0.09054234
velocity: 20.03195 2.061772 0.2558748
angularVelocity: -0.003216549 0.005338985 0.3707726
acceleration: 0.05032229 2.17548 0.044454
accel: 0.1100321
brake: 0.0
steer: 0.3426
linkid: A219BS010663
trafficlightid: null
turn_signal_lamp: 1.0