position: 91.040929 75.43100000000004 -0.3218418
orientation: -0.02270828 1.006916 8.428619
enu_velocity: 19.55556 4.969526 -0.08154414
velocity: 20.07109 2.049344 0.2720211
angularVelocity: -0.006919235 0.009330833 0.3675956
acceleration: 0.08343267 1.867133 0.0748483
accel: 0.1013988
brake: 0.0
steer: 0.3297
linkid: A219BS010663
trafficlightid: null
turn_signal_lamp: 1.0