position: 91.15118899999999 75.44800000000009 -0.3219588
orientation: -0.02571092 1.018687 8.846527
enu_velocity: 19.54198 5.097452 -0.07634198
velocity: 20.09161 2.031362 0.281813
angularVelocity: -0.009674234 0.01028554 0.3635772
acceleration: 0.08102679 1.757595 0.06828577
accel: 0.08887899
brake: 0.0
steer: 0.3507
linkid: A219BS010663
trafficlightid: null
turn_signal_lamp: 1.0