position: 91.26141899999999 75.46600000000012 -0.3220443
orientation: -0.03074264 1.030808 9.259033
enu_velocity: 19.52663 5.218165 -0.07259906
velocity: 20.10987 2.008218 0.2903022
angularVelocity: -0.01121512 0.0104351 0.3586653
acceleration: 0.03952205 1.664202 0.05374943
accel: 0.0
brake: 0.01230213
steer: 0.3733
linkid: A219BS010663
trafficlightid: null
turn_signal_lamp: 1.0