position: 91.48061899999999 75.50400000000013 -0.3217843
orientation: -0.01943815 1.069364 10.10669
enu_velocity: 19.29766 5.55454 -0.06761148
velocity: 19.97071 2.081862 0.3058582
angularVelocity: 0.002963969 0.01955571 0.3762525
acceleration: -1.020075 2.513306 0.009100997
accel: 0.05624882
brake: 0.0
steer: 0.3342
linkid: A219BS010663
trafficlightid: null
turn_signal_lamp: 1.0