position: 91.80733900000001 75.56700000000001 -0.321276
orientation: -0.01837052 1.12676 11.36325
enu_velocity: 19.16042 5.917759 -0.05541702
velocity: 19.94804 2.026499 0.3375641
angularVelocity: -0.009423525 0.01556535 0.3629949
acceleration: -0.6561711 2.364877 0.05334546
accel: 0.01360687
brake: 0.0
steer: 0.3456
linkid: A219BS010663
trafficlightid: null
turn_signal_lamp: 1.0