position: 91.91566900000001 75.59000000000015 -0.3210668
orientation: -0.01894225 1.145474 11.78134
enu_velocity: 19.07213 6.058069 -0.05103416
velocity: 19.90432 2.036237 0.3476147
angularVelocity: -0.007419921 0.01652825 0.3650088
acceleration: -0.9005721 2.097739 0.04259604
accel: 0.02985312
brake: 0.0
steer: 0.3402
linkid: A219BS010663
trafficlightid: null
turn_signal_lamp: 1.0