position: 92.238979 75.66200000000003 -0.3205477
orientation: -0.01968738 1.193408 13.02768
enu_velocity: 18.8892 6.427376 -0.04297735
velocity: 19.84848 2.003777 0.3711835
angularVelocity: -0.008457663 0.01231808 0.3582671
acceleration: -0.7751415 1.664965 0.0054792
accel: 0.003524797
brake: 0.0
steer: 0.3501
linkid: A219BS010663
trafficlightid: null
turn_signal_lamp: 1.0