position: 92.34603899999999 75.68700000000013 -0.3203907
orientation: -0.01560725 1.208158 13.44342
enu_velocity: 18.7865 6.571845 -0.0425477
velocity: 19.7961 2.024089 0.3754831
angularVelocity: -0.002984654 0.01287822 0.3636684
acceleration: -0.9102612 2.215394 -0.02112478
accel: 0.01825818
brake: 0.0
steer: 0.3451
linkid: A219BS010663
trafficlightid: null
turn_signal_lamp: 1.0