position: 92.45266900000001 75.71399999999994 -0.3202415
orientation: -0.008774788 1.222747 13.86115
enu_velocity: 18.69892 6.701695 -0.04338694
velocity: 19.75634 2.026789 0.378597
angularVelocity: -0.001607277 0.01236291 0.3644172
acceleration: -0.6304414 1.993129 -0.02706379
accel: 0.02052948
brake: 0.0
steer: 0.3398
linkid: A219BS010663
trafficlightid: null
turn_signal_lamp: 1.0