position: 93.18692899999999 75.91700000000014 -0.320843
orientation: -0.01005648 1.291061 16.7411
enu_velocity: 18.03977 7.491878 -0.07914873
velocity: 19.43004 1.977968 0.3590746
angularVelocity: -0.01330315 0.007092606 0.35218
acceleration: -0.9301262 1.618264 -0.08771327
accel: 0.0
brake: 0.02007756
steer: 0.3438
linkid: A219BS010663
trafficlightid: null
turn_signal_lamp: 1.0