position: 9.791758 17.395999999999958 -0.2648385
orientation: 1.902924 0.956315 60.84479
enu_velocity: 19.52128 34.92484 0.001610505
velocity: 40.0047 -0.0111618 0.6701251
angularVelocity: 0.008836613 -0.01155347 0.01042438
acceleration: 0.03208333 0.07592668 0.1061127
accel: 0.02929315
brake: 0.0
steer: 0.005
linkid: A219BS010380
trafficlightid: null
turn_signal_lamp: 0.0