position: 93.69521900000001 76.08200000000011 -0.3222041
orientation: -0.05664762 1.322777 18.74411
enu_velocity: 17.44189 7.983006 -0.07527513
velocity: 19.07876 1.954439 0.3671833
angularVelocity: -0.01810548 0.003437256 0.3467132
acceleration: -1.381061 2.270458 -0.03263034
accel: 0.0
brake: 0.03528508
steer: 0.3479
linkid: A219BS010663
trafficlightid: null
turn_signal_lamp: 1.0