position: 93.79497900000001 76.11699999999996 -0.3224816
orientation: -0.06440194 1.328119 19.14432
enu_velocity: 17.29562 8.087084 -0.07571175
velocity: 18.98791 1.967337 0.3666989
angularVelocity: -0.0141127 0.004569568 0.3496235
acceleration: -1.455124 1.956663 -0.03794152
accel: 0.0
brake: 0.02982079
steer: 0.3429
linkid: A219BS010663
trafficlightid: null
turn_signal_lamp: 1.0