position: 93.89403899999999 76.15200000000004 -0.3227416
orientation: -0.07036395 1.334233 19.54483
enu_velocity: 17.16187 8.177444 -0.07627697
velocity: 18.90537 1.964405 0.3664393
angularVelocity: -0.01321296 0.004983916 0.3491122
acceleration: -1.306508 1.757651 -0.03721872
accel: 0.0
brake: 0.03001269
steer: 0.3378
linkid: A219BS010663
trafficlightid: null
turn_signal_lamp: 1.0