position: 94.18725900000001 76.26099999999997 -0.3235449
orientation: -0.09215354 1.352556 20.72681
enu_velocity: 16.77655 8.405477 -0.07662538
velocity: 18.66216 1.923444 0.3670785
angularVelocity: -0.01513952 0.004621328 0.3411854
acceleration: -1.51824 1.905183 0.027948
accel: 0.0
brake: 0.04365012
steer: 0.3419
linkid: A219BS010663
trafficlightid: null
turn_signal_lamp: 1.0