position: 94.283549 76.298 -0.3238081
orientation: -0.1017542 1.3579 21.11784
enu_velocity: 16.62535 8.484503 -0.07188392
velocity: 18.56217 1.924135 0.3715161
angularVelocity: -0.01732166 0.003804735 0.3408675
acceleration: -1.562457 1.729726 0.02829506
accel: 0.0
brake: 0.03932523
steer: 0.3368
linkid: A219BS010663
trafficlightid: null
turn_signal_lamp: 1.0