position: 94.379089 76.33600000000001 -0.3240948
orientation: -0.1168004 1.361376 21.50629
enu_velocity: 16.48425 8.555233 -0.0669967
velocity: 18.46933 1.915651 0.3758133
angularVelocity: -0.02258962 0.00185976 0.3380902
acceleration: -1.44249 1.601611 0.04047959
accel: 0.0
brake: 0.03918486
steer: 0.3118
linkid: A219BS010663
trafficlightid: null
turn_signal_lamp: 1.0