position: 94.47389899999999 76.37400000000002 -0.3244185
orientation: -0.1400021 1.362219 21.88889
enu_velocity: 16.3573 8.608777 -0.06048694
velocity: 18.38374 1.889105 0.3812725
angularVelocity: -0.03067514 -0.0006656013 0.3314498
acceleration: -1.317914 1.142319 0.07262602
accel: 0.0
brake: 0.03982501
steer: 0.3065
linkid: A219BS010663
trafficlightid: null
turn_signal_lamp: 1.0