position: 94.93715900000001 76.57200000000012 -0.3261383
orientation: -0.3142434 1.341102 23.70601
enu_velocity: 15.6937 8.836568 -0.03624257
velocity: 17.91809 1.77926 0.3929911
angularVelocity: -0.03143741 -0.005327133 0.3097357
acceleration: -1.514845 1.23421 -0.04686623
accel: 0.0
brake: 0.05649093
steer: 0.3169
linkid: A219BS010663
trafficlightid: null
turn_signal_lamp: 1.0