position: 95.027579 76.61300000000006 -0.3264441
orientation: -0.3371895 1.337543 24.05827
enu_velocity: 15.55807 8.869814 -0.03866964
velocity: 17.81852 1.754567 0.3876929
angularVelocity: -0.02579404 -0.004654409 0.3064478
acceleration: -1.554258 1.169147 -0.06826697
accel: 0.0
brake: 0.06112974
steer: 0.3121
linkid: A219BS010663
trafficlightid: null
turn_signal_lamp: 1.0