position: 95.294149 76.73700000000008 -0.3273126
orientation: -0.35599 1.33289 25.10394
enu_velocity: 15.11797 8.964358 -0.05037843
velocity: 17.48959 1.701357 0.3671253
angularVelocity: -0.00471666 -0.002924335 0.3016466
acceleration: -1.607311 1.187029 -0.1087188
accel: 0.0
brake: 0.05678966
steer: 0.2978
linkid: A219BS010663
trafficlightid: null
turn_signal_lamp: 1.0