position: 95.72297900000001 76.94700000000012 -0.3293546
orientation: -0.2935238 1.328414 26.80634
enu_velocity: 14.38963 9.120889 -0.08162333
velocity: 16.9539 1.649723 0.3199603
angularVelocity: 0.006230712 -0.002727478 0.295969
acceleration: -1.624843 1.339907 -0.05949237
accel: 0.0
brake: 0.05064005
steer: 0.3055
linkid: A219BS010663
trafficlightid: null
turn_signal_lamp: 1.0