position: 10.117729 17.978000000000065 -0.2655548
orientation: 1.916931 0.918566 60.8788
enu_velocity: 19.50259 34.94374 0.02792415
velocity: 40.0121 -0.009227753 0.6701401
angularVelocity: 0.00108079 -0.009127611 0.01016239
acceleration: 0.02574262 0.1416624 0.124184
accel: 0.02717181
brake: 0.0
steer: 0.0049
linkid: A219BS010380
trafficlightid: null
turn_signal_lamp: 0.0