position: 96.52422899999999 77.38599999999997 -0.333665
orientation: -0.3531225 1.302071 30.16977
enu_velocity: 13.08015 9.452292 -0.05680426
velocity: 16.05584 1.596349 0.317964
angularVelocity: -0.02095025 -0.006882351 0.2769981
acceleration: -1.196984 0.7196595 0.02919779
accel: 0.0
brake: 0.038911
steer: 0.2739
linkid: A219BS010663
trafficlightid: null
turn_signal_lamp: 1.0