position: 96.900319 77.61500000000001 -0.3347959
orientation: -0.4805416 1.28712 31.67551
enu_velocity: 12.5219 9.537284 -0.0002125974
velocity: 15.66074 1.538219 0.3645706
angularVelocity: -0.0182541 -0.001199219 0.2690167
acceleration: -1.291468 1.778923 0.1118957
accel: 0.0
brake: 0.02167022
steer: 0.2848
linkid: A219BS010663
trafficlightid: null
turn_signal_lamp: 1.0