position: 97.04670899999999 77.70700000000011 -0.3346051
orientation: -0.5028234 1.290724 32.29388
enu_velocity: 12.32489 9.606135 0.01173593
velocity: 15.54645 1.532286 0.3754806
angularVelocity: -0.01642662 -0.001253861 0.2666684
acceleration: -0.7712439 0.839739 0.01200967
accel: 0.0
brake: 0.0208904
steer: 0.2724
linkid: A219BS010663
trafficlightid: null
turn_signal_lamp: 1.0