position: 97.19113899999999 77.80100000000016 -0.334654
orientation: -0.5264666 1.286041 32.88593
enu_velocity: 12.17963 9.620516 0.004124825
velocity: 15.44753 1.462426 0.3643668
angularVelocity: -0.01693622 -0.00623593 0.2529161
acceleration: -0.820222 0.5667542 -0.05486256
accel: 0.0
brake: 0.02054306
steer: 0.2911
linkid: A219BS010663
trafficlightid: null
turn_signal_lamp: 1.0