position: 97.68216899999999 78.13499999999999 -0.3375672
orientation: -0.5747757 1.196299 34.92012
enu_velocity: 11.6458 9.804236 -0.03322512
velocity: 15.15865 1.369632 0.2970709
angularVelocity: -0.01590516 -0.01748117 0.2365305
acceleration: -0.4996936 0.4975596 -0.1057589
accel: 0.0
brake: 0.006598284
steer: 0.2468
linkid: A219BS010663
trafficlightid: null
turn_signal_lamp: 1.0