position: 97.88686899999999 78.28200000000015 -0.3395537
orientation: -0.6016614 1.149635 35.69635
enu_velocity: 11.5101 9.823309 -0.04989104
velocity: 15.07736 1.258961 0.2659001
angularVelocity: -0.009704842 -0.01425542 0.2179843
acceleration: -0.4555219 0.3979361 -0.03196203
accel: 0.0
brake: 0.0007746188
steer: 0.2712
linkid: A219BS010395
trafficlightid: C119BS010046
turn_signal_lamp: 1.0