position: 97.95445900000001 78.33100000000013 -0.3401744
orientation: -0.6017605 1.136945 35.94894
enu_velocity: 11.42731 9.869749 -0.05110135
velocity: 15.04309 1.278728 0.2608786
angularVelocity: 0.000167558 -0.01293485 0.2253201
acceleration: -0.6853666 1.967696 -0.006973868
accel: 0.0079534
brake: 0.0
steer: 0.2663
linkid: A219BS010395
trafficlightid: C119BS010046
turn_signal_lamp: 1.0