position: 10.443349000000001 18.559999999999945 -0.2652029
orientation: 1.91571 0.9020239 60.91289
enu_velocity: 19.48052 34.96027 0.06075856
velocity: 40.01546 -0.00500679 0.6913469
angularVelocity: -0.003414518 -0.00101864 0.00987654
acceleration: 0.01534441 0.1323509 0.0958042
accel: 0.02647392
brake: 0.0
steer: 0.0048
linkid: A219BS010380
trafficlightid: null
turn_signal_lamp: 0.0