position: 98.48533900000001 78.73500000000013 -0.3432429
orientation: -0.5755133 1.074627 38.1918
enu_velocity: 10.97817 10.41735 -0.03099865
velocity: 15.06717 1.39711 0.2656723
angularVelocity: -0.01165128 -0.01104631 0.2437012
acceleration: 0.293649 0.6135091 -0.02837848
accel: 0.08313168
brake: 0.0
steer: 0.2537
linkid: A219BS010395
trafficlightid: C119BS010046
turn_signal_lamp: 1.0