position: 99.13406900000001 79.27800000000002 -0.3468649
orientation: -0.7130947 0.9754526 41.009
enu_velocity: 10.68495 11.21287 -0.004064588
velocity: 15.41841 1.446751 0.2764834
angularVelocity: -0.009267736 -0.0103451 0.2530028
acceleration: 0.7338047 0.7551355 0.02776639
accel: 0.1710445
brake: 0.0
steer: 0.2573
linkid: A219BS010395
trafficlightid: C119BS010046
turn_signal_lamp: 1.0