position: 99.32713899999999 79.45000000000005 -0.3475837
orientation: -0.7422747 0.9488375 41.84148
enu_velocity: 10.71912 11.41167 0.003018497
velocity: 15.59589 1.347693 0.2787982
angularVelocity: -0.01510344 -0.01126366 0.2338151
acceleration: 0.7519159 0.5373193 0.05745691
accel: 0.1798656
brake: 0.0
steer: 0.2732
linkid: A219BS010395
trafficlightid: C119BS010046
turn_signal_lamp: 1.0