position: 10.660209 18.948000000000093 -0.2645259
orientation: 1.902802 0.90034 60.93523
enu_velocity: 19.46454 34.97254 0.06778911
velocity: 40.01831 -0.0006599426 0.6970991
angularVelocity: -0.006098784 -0.0001684746 0.009769711
acceleration: 0.01352848 0.1354845 0.05543698
accel: 0.02509485
brake: 0.0
steer: 0.0048
linkid: A219BS010380
trafficlightid: null
turn_signal_lamp: 0.0