position: 99.903629 79.99500000000012 -0.3487614
orientation: -0.7609321 0.876062 44.57016
enu_velocity: 10.41501 12.47715 0.009268197
velocity: 16.17378 1.576005 0.2775427
angularVelocity: -0.005635826 -0.01379993 0.27834
acceleration: 1.063452 1.058011 -2.315827e-05
accel: 0.2490188
brake: 0.0
steer: 0.2689
linkid: A219BS010395
trafficlightid: C119BS010046
turn_signal_lamp: 1.0