position: 100.09487899999999 80.18900000000008 -0.3495937
orientation: -0.8065948 0.8387842 45.49026
enu_velocity: 10.43132 12.78199 0.01439156
velocity: 16.42594 1.51793 0.2762743
angularVelocity: -0.02279434 -0.01275136 0.2647506
acceleration: 0.8729043 1.683581 0.1148125
accel: 0.2460893
brake: 0.0
steer: 0.276
linkid: A219BS010395
trafficlightid: C119BS010046
turn_signal_lamp: 1.0