position: 100.34987899999999 80.45600000000013 -0.3501514
orientation: -0.7529393 0.7795432 46.73157
enu_velocity: 10.44117 13.23139 0.03121125
velocity: 16.78903 1.462744 0.2788988
angularVelocity: 0.02466536 -0.01287419 0.2629348
acceleration: 1.287756 0.5094173 -0.2640229
accel: 0.2471504
brake: 0.0
steer: 0.2704
linkid: A219BS010395
trafficlightid: C119BS010046
turn_signal_lamp: 1.0