position: 100.733509 80.87699999999995 -0.3514067
orientation: -0.4720675 0.7536877 48.51587
enu_velocity: 10.48177 13.88796 -0.06904469
velocity: 17.34668 1.345898 0.1702412
angularVelocity: 0.0389192 0.007157305 0.2487911
acceleration: 1.208112 0.6759694 -0.1945532
accel: 0.2514574
brake: 0.0
steer: 0.2494
linkid: A219BS010395
trafficlightid: C119BS010046
turn_signal_lamp: 1.0