position: 10.876786000000001 19.336000000000013 -0.2636865
orientation: 1.891266 0.9019437 60.95743
enu_velocity: 19.43597 34.95483 0.07340337
velocity: 39.98886 0.0002880096 0.7033379
angularVelocity: -0.004444637 0.001136982 0.009643918
acceleration: -0.01948299 0.1131304 0.02194645
accel: 0.0439889
brake: 0.0
steer: 0.0047
linkid: A219BS010380
trafficlightid: null
turn_signal_lamp: 0.0