position: 101.11650900000001 81.32300000000009 -0.3518873
orientation: -0.1702404 0.8946632 50.21851
enu_velocity: 10.46509 14.58623 -0.1816136
velocity: 17.90624 1.290554 0.1018248
angularVelocity: 0.03804218 0.0241127 0.2395086
acceleration: 1.184907 1.250372 -0.2287439
accel: 0.257723
brake: 0.0
steer: 0.2289
linkid: A219BS010395
trafficlightid: C119BS010046
turn_signal_lamp: 1.0