position: 101.307579 81.55600000000004 -0.3527467
orientation: -0.0277472 0.987191 51.04709
enu_velocity: 10.41917 14.95283 -0.2037803
velocity: 18.17942 1.297906 0.1100755
angularVelocity: 0.03388936 0.02895047 0.2412631
acceleration: 1.198254 1.260135 0.01356216
accel: 0.27112
brake: 0.0
steer: 0.2261
linkid: A219BS010395
trafficlightid: C119BS010046
turn_signal_lamp: 1.0