position: 101.43465900000001 81.71500000000015 -0.3531143
orientation: 0.05114746 1.057059 51.59917
enu_velocity: 10.38685 15.20205 -0.19717
velocity: 18.36601 1.303006 0.1405095
angularVelocity: 0.02842528 0.03132946 0.2404014
acceleration: 1.149538 1.295131 0.1026461
accel: 0.2765015
brake: 0.0
steer: 0.226
linkid: A219BS010395
trafficlightid: C119BS010046
turn_signal_lamp: 1.0