position: 101.56145900000001 81.87599999999998 -0.3533836
orientation: 0.1236267 1.12628 52.14937
enu_velocity: 10.36594 15.45511 -0.1863216
velocity: 18.56422 1.298635 0.17581
angularVelocity: 0.02723802 0.02975425 0.2392189
acceleration: 1.350343 1.118462 0.09433121
accel: 0.2805226
brake: 0.0
steer: 0.2131
linkid: A219BS010395
trafficlightid: C119BS010046
turn_signal_lamp: 1.0