position: 101.624799 81.95800000000008 -0.3535191
orientation: 0.1628723 1.159596 52.42184
enu_velocity: 10.36686 15.57844 -0.1835579
velocity: 18.66831 1.284986 0.1906278
angularVelocity: 0.03016471 0.02964673 0.2368463
acceleration: 1.37031 0.9763476 0.06283596
accel: 0.2798625
brake: 0.0
steer: 0.2161
linkid: A219BS010395
trafficlightid: C119BS010046
turn_signal_lamp: 1.0