position: 10.985006 19.529999999999973 -0.2632859
orientation: 1.886047 0.901908 60.96851
enu_velocity: 19.4324 34.96483 0.07173167
velocity: 39.99588 0.0004138947 0.7017447
angularVelocity: -0.004761261 3.523065e-05 0.009669121
acceleration: 0.1114202 0.1101747 -0.03178244
accel: 0.03362257
brake: 0.0
steer: 0.0047
linkid: A219BS010380
trafficlightid: null
turn_signal_lamp: 0.0