position: 101.688109 82.04099999999994 -0.3536455
orientation: 0.2050781 1.192705 52.68954
enu_velocity: 10.37872 15.69435 -0.1809468
velocity: 18.7733 1.258762 0.2053628
angularVelocity: 0.03270298 0.0296383 0.2322399
acceleration: 1.38687 0.8093767 0.06194724
accel: 0.2801959
brake: 0.0
steer: 0.2097
linkid: A219BS010395
trafficlightid: C119BS010046
turn_signal_lamp: 1.0