position: 101.751409 82.12400000000002 -0.3537389
orientation: 0.2527466 1.226231 52.955
enu_velocity: 10.37624 15.81417 -0.1759651
velocity: 18.8728 1.246189 0.2224727
angularVelocity: 0.03756056 0.03049574 0.2312056
acceleration: 1.330136 1.014814 0.1177326
accel: 0.2841824
brake: 0.0
steer: 0.2035
linkid: A219BS010395
trafficlightid: C119BS010046
turn_signal_lamp: 1.0