position: 101.87791899999999 82.2940000000001 -0.3537164
orientation: 0.3492126 1.294195 53.47646
enu_velocity: 10.38722 16.04369 -0.1461035
velocity: 19.07333 1.202866 0.2774343
angularVelocity: 0.03294239 0.02947817 0.223738
acceleration: 1.320723 0.8672629 0.3421813
accel: 0.286461
brake: 0.0
steer: 0.1915
linkid: A219BS010395
trafficlightid: C119BS010046
turn_signal_lamp: 1.0