position: 101.941069 82.37900000000013 -0.3536313
orientation: 0.3859863 1.324022 53.72823
enu_velocity: 10.39507 16.15791 -0.1215297
velocity: 19.17441 1.180717 0.313662
angularVelocity: 0.02501982 0.02674687 0.2180322
acceleration: 1.338406 0.8493641 0.3731959
accel: 0.2886668
brake: 0.0
steer: 0.1922
linkid: A219BS010395
trafficlightid: C119BS010046
turn_signal_lamp: 1.0