position: 102.067159 82.55300000000011 -0.3535444
orientation: 0.4452209 1.367584 54.21492
enu_velocity: 10.40219 16.40309 -0.09230926
velocity: 19.38578 1.156069 0.3614962
angularVelocity: 0.02682593 0.01339921 0.2095658
acceleration: 1.459848 1.120145 -0.02885778
accel: 0.2900676
brake: 0.0
steer: 0.1811
linkid: A219BS010395
trafficlightid: C119BS010046
turn_signal_lamp: 1.0