position: 102.319659 82.9090000000001 -0.3524029
orientation: 0.6791687 1.420106 55.1436
enu_velocity: 10.47725 16.86299 0.03172545
velocity: 19.81865 1.046195 0.5106865
angularVelocity: 0.03216077 0.008104611 0.1942913
acceleration: 1.390677 0.8762245 0.06122701
accel: 0.2897574
brake: 0.0
steer: 0.1645
linkid: A219BS010395
trafficlightid: C119BS010046
turn_signal_lamp: 1.0