position: 102.38271900000001 82.99900000000002 -0.3522469
orientation: 0.7211914 1.419376 55.36366
enu_velocity: 10.48644 16.98013 0.03119883
velocity: 19.9241 1.029457 0.5119674
angularVelocity: 0.03176939 -0.0003773514 0.1911221
acceleration: 1.40643 0.8069927 0.004232762
accel: 0.291083
brake: 0.0
steer: 0.1598
linkid: A219BS010395
trafficlightid: C119BS010046
turn_signal_lamp: 1.0