position: 102.697699 83.46399999999994 -0.3553234
orientation: 0.9093018 1.294393 56.39104
enu_velocity: 10.56105 17.55361 -0.01846631
velocity: 20.46022 0.9276257 0.4291659
angularVelocity: 0.02623215 -0.03102733 0.1696422
acceleration: 1.458914 0.6643845 -0.1812427
accel: 0.2905546
brake: 0.0
steer: 0.1412
linkid: A219BS010395
trafficlightid: C119BS010046
turn_signal_lamp: 1.0