position: 102.76066900000001 83.55999999999995 -0.3566062
orientation: 0.9428406 1.252573 56.58116
enu_velocity: 10.58048 17.66612 -0.03430318
velocity: 20.56841 0.9052439 0.4005754
angularVelocity: 0.02542183 -0.0346745 0.1653831
acceleration: 1.454551 0.6248689 -0.2026549
accel: 0.2897008
brake: 0.0
steer: 0.1371
linkid: A219BS010395
trafficlightid: C119BS010046
turn_signal_lamp: 1.0