position: 102.886639 83.75199999999995 -0.3596407
orientation: 1.005707 1.160877 56.94629
enu_velocity: 10.62344 17.88587 -0.06266287
velocity: 20.78251 0.8574152 0.3434623
angularVelocity: 0.02253527 -0.03794924 0.1567185
acceleration: 1.439115 0.5691676 -0.1464251
accel: 0.2881443
brake: 0.0
steer: 0.1296
linkid: A219BS010395
trafficlightid: C119BS010046
turn_signal_lamp: 1.0