position: 11.201373 19.919000000000096 -0.2625456
orientation: 1.877838 0.9006367 60.99026
enu_velocity: 19.42439 34.97893 0.06931427
velocity: 40.00437 -0.001148224 0.6986189
angularVelocity: -0.002336056 3.537524e-05 0.009365893
acceleration: 0.04263052 0.0740988 -0.007400663
accel: 0.03024795
brake: 0.0
steer: 0.0043
linkid: A219BS010380
trafficlightid: null
turn_signal_lamp: 0.0