position: 102.949659 83.84900000000016 -0.3612783
orientation: 1.033417 1.114207 57.12137
enu_velocity: 10.64552 17.99376 -0.07348416
velocity: 20.88809 0.8336363 0.3177716
angularVelocity: 0.02069278 -0.03797666 0.1523504
acceleration: 1.425593 0.5502865 -0.1274847
accel: 0.2878738
brake: 0.0
steer: 0.1259
linkid: A219BS010395
trafficlightid: C119BS010046
turn_signal_lamp: 1.0