position: 103.075749 84.04600000000005 -0.3646504
orientation: 1.085144 1.022999 57.45685
enu_velocity: 10.6916 18.20583 -0.09041645
velocity: 21.09691 0.7859459 0.2714522
angularVelocity: 0.01989772 -0.0362327 0.1440207
acceleration: 1.405285 0.5122526 -0.08399449
accel: 0.2877122
brake: 0.0
steer: 0.1188
linkid: A219BS010395
trafficlightid: C119BS010046
turn_signal_lamp: 1.0