position: 11.309519 20.113000000000056 -0.2621371
orientation: 1.875549 0.9013091 61.00072
enu_velocity: 19.42149 34.98347 0.07061354
velocity: 40.0069 -0.003669739 0.7005104
angularVelocity: -0.002083297 0.001172422 0.009002309
acceleration: 0.03483922 0.06899764 0.01626772
accel: 0.02938457
brake: 0.0
steer: 0.004
linkid: A219BS010380
trafficlightid: null
turn_signal_lamp: 0.0