position: 103.58240900000001 84.85799999999995 -0.3773283
orientation: 1.333069 0.7171252 58.64195
enu_velocity: 10.89052 19.02426 -0.07307594
velocity: 21.91188 0.6046915 0.187169
angularVelocity: 0.01674554 -0.01954535 0.1190222
acceleration: 1.337495 0.5139049 0.2969036
accel: 0.288652
brake: 0.0
steer: 0.095
linkid: A219BS010395
trafficlightid: C119BS010046
turn_signal_lamp: 1.0