position: 103.646019 84.96199999999999 -0.3782212
orientation: 1.349121 0.6954596 58.7753
enu_velocity: 10.90821 19.12627 -0.05122448
velocity: 22.00943 0.5918398 0.2020578
angularVelocity: 0.01128566 -0.01512289 0.1160029
acceleration: 1.332164 0.5312126 0.311555
accel: 0.289694
brake: 0.0
steer: 0.091
linkid: A219BS010395
trafficlightid: C119BS010046
turn_signal_lamp: 1.0