position: 103.77331899999999 85.17200000000003 -0.3793176
orientation: 1.368713 0.6633133 59.03125
enu_velocity: 10.9474 19.3287 -0.00378808
velocity: 22.20512 0.5650444 0.2398634
angularVelocity: 0.005404526 -0.009512538 0.1095223
acceleration: 1.346959 0.4876219 0.3299969
accel: 0.291664
brake: 0.0
steer: 0.0864
linkid: A219BS010395
trafficlightid: C119BS010046
turn_signal_lamp: 1.0