position: 103.837029 85.27800000000002 -0.3795658
orientation: 1.376068 0.6511339 59.15413
enu_velocity: 10.96771 19.4297 0.01964361
velocity: 22.30318 0.5522728 0.2599311
angularVelocity: 0.005248721 -0.007626476 0.1067836
acceleration: 1.346283 0.4821527 0.3299999
accel: 0.2923639
brake: 0.0
steer: 0.0843
linkid: A219BS010395
trafficlightid: C119BS010046
turn_signal_lamp: 1.0