position: 104.02851899999999 85.60000000000014 -0.3793616
orientation: 1.400787 0.6220477 59.50433
enu_velocity: 11.03912 19.72717 0.08552588
velocity: 22.59807 0.506897 0.3185864
angularVelocity: 0.005599293 -0.005365646 0.09820052
acceleration: 1.353787 0.3906624 0.2870115
accel: 0.2929839
brake: 0.0
steer: 0.074
linkid: A219BS010395
trafficlightid: C119BS010046
turn_signal_lamp: 1.0