position: 104.284809 86.03800000000001 -0.3776723
orientation: 1.422333 0.5816053 59.91916
enu_velocity: 11.15633 20.11165 0.1499487
velocity: 22.99208 0.4359951 0.3726479
angularVelocity: 0.002459146 -0.008249594 0.08484758
acceleration: 1.357987 0.3077472 0.1751775
accel: 0.292071
brake: 0.0
steer: 0.0643
linkid: A219BS010395
trafficlightid: C119BS010046
turn_signal_lamp: 1.0