position: 104.477969 86.37200000000007 -0.3759091
orientation: 1.437683 0.5431817 60.19493
enu_velocity: 11.24604 20.39886 0.1765509
velocity: 23.28767 0.3906956 0.3876594
angularVelocity: 0.004463807 -0.00927038 0.07706198
acceleration: 1.365087 0.2079321 0.0859266
accel: 0.2902877
brake: 0.0
steer: 0.0566
linkid: A219BS010395
trafficlightid: C119BS010046
turn_signal_lamp: 1.0