position: 104.54256900000001 86.48500000000013 -0.3752431
orientation: 1.444153 0.5307172 60.28027
enu_velocity: 11.27979 20.49237 0.1806123
velocity: 23.38619 0.3730927 0.3879673
angularVelocity: 0.005194158 -0.008894392 0.07401548
acceleration: 1.358268 0.2448907 0.0569804
accel: 0.2893445
brake: 0.0
steer: 0.0551
linkid: A219BS010395
trafficlightid: C119BS010046
turn_signal_lamp: 1.0