position: 104.73704900000001 86.82600000000002 -0.373098
orientation: 1.471588 0.4967097 60.51871
enu_velocity: 11.38201 20.76953 0.183194
velocity: 23.67928 0.3231516 0.3803133
angularVelocity: 0.009103935 -0.007827101 0.065834
acceleration: 1.344716 0.1616011 -0.006843298
accel: 0.287145
brake: 0.0
steer: 0.0478
linkid: A219BS010395
trafficlightid: C119BS010046
turn_signal_lamp: 1.0