position: 11.525733 20.500999999999976 -0.2612876
orientation: 1.870667 0.9052959 61.02057
enu_velocity: 19.41551 34.99407 0.06136903
velocity: 40.01336 -0.007432938 0.6942687
angularVelocity: -0.001981245 0.002323022 0.00832676
acceleration: 0.04396811 0.06241921 -0.1191819
accel: 0.02664932
brake: 0.0
steer: 0.004
linkid: A219BS010380
trafficlightid: null
turn_signal_lamp: 0.0