position: 104.93267900000001 87.17200000000003 -0.3708774
orientation: 1.507263 0.4711659 60.7296
enu_velocity: 11.48632 21.04813 0.1617131
velocity: 23.97464 0.2806797 0.3516146
angularVelocity: 0.008386996 -0.00293683 0.05888056
acceleration: 1.371354 0.2448964 -0.1695489
accel: 0.2826788
brake: 0.0
steer: 0.041
linkid: A219BS010395
trafficlightid: C119BS010046
turn_signal_lamp: 1.0