position: 105.063749 87.40599999999995 -0.3693438
orientation: 1.519928 0.4689304 60.85532
enu_velocity: 11.56065 21.23115 0.1318801
velocity: 24.17148 0.2515965 0.3231576
angularVelocity: 0.003742709 0.00244404 0.05299097
acceleration: 1.356145 0.2006527 -0.2125242
accel: 0.2794175
brake: 0.0
steer: 0.039
linkid: A219BS010395
trafficlightid: C119BS010046
turn_signal_lamp: 1.0