position: 105.12949900000001 87.52300000000014 -0.3685858
orientation: 1.523804 0.4724002 60.9146
enu_velocity: 11.59395 21.32332 0.1158387
velocity: 24.26855 0.2419481 0.3096155
angularVelocity: 0.002785273 0.00509235 0.05127544
acceleration: 1.339338 0.2122783 -0.214196
accel: 0.2781935
brake: 0.0
steer: 0.0347
linkid: A219BS010395
trafficlightid: C119BS010046
turn_signal_lamp: 1.0