position: 105.195389 87.64100000000008 -0.3678136
orientation: 1.527649 0.479445 60.97176
enu_velocity: 11.63077 21.41291 0.1015683
velocity: 24.36506 0.2287569 0.2994687
angularVelocity: 0.002739359 0.008239452 0.04880541
acceleration: 1.338746 0.08435941 -0.1920838
accel: 0.2775299
brake: 0.0
steer: 0.0338
linkid: A219BS010395
trafficlightid: C119BS010046
turn_signal_lamp: 1.0