position: 105.327619 87.87900000000013 -0.3662491
orientation: 1.535736 0.5032877 61.07747
enu_velocity: 11.70607 21.58998 0.07260258
velocity: 24.55695 0.2031202 0.2829776
angularVelocity: 0.004055145 0.01339316 0.04444464
acceleration: 1.325326 0.1489669 -0.1942604
accel: 0.2750627
brake: 0.0
steer: 0.0322
linkid: A219BS010395
trafficlightid: C119BS010046
turn_signal_lamp: 1.0