position: 105.52716899999999 88.23900000000003 -0.3639189
orientation: 1.554565 0.5586434 61.22133
enu_velocity: 11.82113 21.85025 0.03829811
velocity: 24.84089 0.1658077 0.2761139
angularVelocity: 0.003648864 0.01977248 0.03854838
acceleration: 1.305362 0.07738364 -0.122237
accel: 0.2725822
brake: 0.0
steer: 0.0235
linkid: A219BS010395
trafficlightid: C119BS010046
turn_signal_lamp: 1.0