position: 105.79551900000001 88.72700000000009 -0.3607004
orientation: 1.546509 0.6609731 61.3739
enu_velocity: 11.98891 22.18412 0.01267834
velocity: 25.21441 0.112937 0.3006308
angularVelocity: -0.006338056 0.0252823 0.02755096
acceleration: 1.288598 0.05322117 -0.03650445
accel: 0.2700442
brake: 0.0
steer: 0.0181
linkid: A219BS010395
trafficlightid: C119BS010046
turn_signal_lamp: 1.0