position: 105.863009 88.85000000000014 -0.3598835
orientation: 1.538452 0.6895053 61.4048
enu_velocity: 12.02808 22.2684 0.009297189
velocity: 25.30709 0.105525 0.3111406
angularVelocity: -0.007521965 0.02569012 0.0259252
acceleration: 1.291836 0.09172767 -0.03342714
accel: 0.269149
brake: 0.0
steer: 0.0149
linkid: A219BS010395
trafficlightid: C119BS010046
turn_signal_lamp: 1.0