position: 105.930679 88.97400000000016 -0.3590988
orientation: 1.530792 0.7177523 61.43373
enu_velocity: 12.06984 22.35123 0.004516657
velocity: 25.39974 0.09587193 0.3202729
angularVelocity: -0.007018232 0.02518522 0.02384634
acceleration: 1.288277 -0.0196535 -0.0488781
accel: 0.2682333
brake: 0.0
steer: 0.0144
linkid: A219BS010395
trafficlightid: C119BS010046
turn_signal_lamp: 1.0