position: 105.99852899999999 89.09799999999996 -0.3583513
orientation: 1.523712 0.7454833 61.46005
enu_velocity: 12.11315 22.43293 0.0005936208
velocity: 25.49212 0.08540821 0.3301397
angularVelocity: -0.006249849 0.024673 0.02186418
acceleration: 1.283638 0.01970029 -0.03337498
accel: 0.2675091
brake: 0.0
steer: 0.014
linkid: A219BS010395
trafficlightid: C119BS010046
turn_signal_lamp: 1.0