position: 106.06657899999999 89.22299999999996 -0.3576377
orientation: 1.518311 0.7724992 61.48476
enu_velocity: 12.1544 22.5151 -0.001612785
velocity: 25.58391 0.07766342 0.341409
angularVelocity: -0.004533459 0.02395342 0.02065136
acceleration: 1.275132 0.04479086 -0.00733788
accel: 0.2665951
brake: 0.0
steer: 0.011
linkid: A219BS010395
trafficlightid: C119BS010046
turn_signal_lamp: 1.0