position: 106.20329899999999 89.47400000000016 -0.3561944
orientation: 1.517334 0.8261659 61.53032
enu_velocity: 12.24273 22.67359 0.003665301
velocity: 25.76497 0.05606556 0.3738511
angularVelocity: 0.001217736 0.02395057 0.01786883
acceleration: 1.2556 -0.05441463 0.07194704
accel: 0.2662774
brake: 0.0
steer: 0.0103
linkid: A219BS010395
trafficlightid: C119BS010046
turn_signal_lamp: 1.0