position: 106.27196900000001 89.60000000000014 -0.3554426
orientation: 1.521027 0.8529243 61.55022
enu_velocity: 12.28849 22.75305 0.00791725
velocity: 25.8564 0.04523277 0.3917909
angularVelocity: 0.003407067 0.02366869 0.01634075
acceleration: 1.2911 -0.02486384 0.07425242
accel: 0.2657453
brake: 0.0
steer: 0.01
linkid: A219BS010395
trafficlightid: C119BS010046
turn_signal_lamp: 1.0