position: 106.340869 89.72600000000011 -0.3548078
orientation: 1.520142 0.8763544 61.56863
enu_velocity: 12.33196 22.83468 -0.0003414915
velocity: 25.94884 0.03765774 0.395724
angularVelocity: -0.002286925 0.01991398 0.01528562
acceleration: 1.284698 0.02262467 -0.1024523
accel: 0.2634948
brake: 0.0
steer: 0.0072
linkid: A219BS010395
trafficlightid: C119BS010046
turn_signal_lamp: 1.0