position: 106.40993900000001 89.85300000000007 -0.3543499
orientation: 1.514526 0.8952265 61.58537
enu_velocity: 12.37571 22.91625 -0.01077293
velocity: 26.04142 0.03036404 0.3954825
angularVelocity: -0.006254836 0.01585956 0.01350719
acceleration: 1.28605 -0.04800767 -0.1247628
accel: 0.2617218
brake: 0.0
steer: 0.007
linkid: A219BS010395
trafficlightid: C119BS010046
turn_signal_lamp: 1.0