position: 106.548689 90.10900000000015 -0.3539171
orientation: 1.493134 0.921248 61.61224
enu_velocity: 12.45998 23.07947 -0.03061052
velocity: 26.2252 0.02133656 0.3906685
angularVelocity: -0.010729 0.00965048 0.0105036
acceleration: 1.272697 0.04273492 -0.112234
accel: 0.259173
brake: 0.0
steer: 0.0043
linkid: A219BS010395
trafficlightid: C119BS010046
turn_signal_lamp: 1.0