position: 106.688209 90.36599999999999 -0.3539451
orientation: 1.464386 0.9375993 61.63351
enu_velocity: 12.54456 23.2403 -0.04814263
velocity: 26.40705 0.01319981 0.3838076
angularVelocity: -0.01412129 0.006253648 0.007849297
acceleration: 1.258139 -0.02050406 -0.09421515
accel: 0.256587
brake: 0.0
steer: 0.004
linkid: A219BS010395
trafficlightid: C119BS010046
turn_signal_lamp: 1.0