position: 106.75826900000001 90.49500000000012 -0.3540843
orientation: 1.446899 0.9434818 61.64172
enu_velocity: 12.58628 23.31942 -0.05467675
velocity: 26.49656 0.01012039 0.3815365
angularVelocity: -0.01593477 0.004958997 0.006768608
acceleration: 1.242364 0.01429814 -0.05704547
accel: 0.2557264
brake: 0.0
steer: 0.0039
linkid: A219BS010395
trafficlightid: C119BS010046
turn_signal_lamp: 1.0