position: 106.828539 90.625 -0.3542882
orientation: 1.427216 0.9480303 61.64906
enu_velocity: 12.62637 23.39916 -0.05977177
velocity: 26.58581 0.009145737 0.3800457
angularVelocity: -0.01765727 0.003895684 0.006173888
acceleration: 1.237813 0.03871691 -0.04918596
accel: 0.2548702
brake: 0.0
steer: 0.0016
linkid: A219BS010395
trafficlightid: C119BS010046
turn_signal_lamp: 1.0