position: 11.849870000000001 21.08400000000006 -0.2602686
orientation: 1.872955 0.9154803 61.04776
enu_velocity: 19.40411 34.99802 0.03232744
velocity: 40.01161 -0.01522827 0.6725545
angularVelocity: 0.002037637 0.003824436 0.007322053
acceleration: -0.203689 0.03796979 -0.1473203
accel: 0.02432559
brake: 0.0
steer: 0.0033
linkid: A219BS010380
trafficlightid: null
turn_signal_lamp: 0.0