position: 106.898999 90.75500000000011 -0.3545404
orientation: 1.40564 0.9517081 61.65536
enu_velocity: 12.66905 23.477 -0.06404155
velocity: 26.67461 0.005441666 0.3790479
angularVelocity: -0.01950287 0.003188666 0.004911511
acceleration: 1.232327 -0.0599376 -0.03391051
accel: 0.2542999
brake: 0.0
steer: 0.0015
linkid: A219BS010395
trafficlightid: C119BS010046
turn_signal_lamp: 1.0