position: 107.040389 91.01700000000005 -0.355
orientation: 1.356903 0.9626668 61.66376
enu_velocity: 12.68996 23.51136 -0.06940691
velocity: 26.71479 -0.0008802414 0.3796069
angularVelocity: -0.0222053 0.01114033 0.003119521
acceleration: -2.560536 -0.004526138 -0.07438108
accel: 0.0
brake: 0.300924
steer: -0.0002
linkid: A219BS010395
trafficlightid: C119BS010046
turn_signal_lamp: 1.0