position: 107.110299 91.14599999999996 -0.3544969
orientation: 1.330933 0.9966015 61.66779
enu_velocity: 12.51587 23.18691 -0.07346115
velocity: 26.34648 -0.0035429 0.3850301
angularVelocity: -0.02285607 0.0362495 0.002732145
acceleration: -5.711105 -0.01674247 -0.1660179
accel: 0.0
brake: 0.2911664
steer: -0.0003
linkid: A219BS010395
trafficlightid: C119BS010046
turn_signal_lamp: 1.0