position: 107.17909900000001 91.27300000000014 -0.3533356
orientation: 1.304199 1.056674 61.67137
enu_velocity: 12.31963 22.81388 -0.08141026
velocity: 25.92481 -0.009367943 0.397063
angularVelocity: -0.02350094 0.05718907 0.001702346
acceleration: -5.814267 -0.05684257 -0.2286306
accel: 0.0
brake: 0.2993569
steer: -0.0003
linkid: A219BS010395
trafficlightid: C119BS010046
turn_signal_lamp: 1.0