position: 107.24682899999999 91.39900000000011 -0.3517556
orientation: 1.277283 1.134481 61.67458
enu_velocity: 12.12204 22.44145 -0.09153598
velocity: 25.50294 -0.01341152 0.4138829
angularVelocity: -0.02342819 0.07105155 0.001177499
acceleration: -5.912486 -0.04039121 -0.2619077
accel: 0.0
brake: 0.3251439
steer: -0.0004
linkid: A219BS010395
trafficlightid: C119BS010046
turn_signal_lamp: 1.0