position: 107.313399 91.52200000000016 -0.3499209
orientation: 1.251831 1.224346 61.67783
enu_velocity: 11.91056 22.0441 -0.1041652
velocity: 25.05251 -0.01700783 0.4317109
angularVelocity: -0.0217905 0.0806172 0.00108576
acceleration: -6.359389 -0.04173732 -0.3164356
accel: 0.0
brake: 0.3422972
steer: -0.0019
linkid: A219BS010395
trafficlightid: C119BS010046
turn_signal_lamp: 1.0