position: 107.685889 92.20900000000006 -0.3396797
orientation: 1.156036 1.791299 61.69315
enu_velocity: 10.50054 19.37895 -0.1726383
velocity: 22.03555 -0.04509068 0.5174374
angularVelocity: -0.008707266 0.07010307 0.0002367367
acceleration: -7.220445 -0.07054186 -0.3039992
accel: 0.0
brake: 0.3770536
steer: -0.0005
linkid: A219BS010395
trafficlightid: C119BS010046
turn_signal_lamp: 1.0