position: 107.743279 92.31500000000005 -0.3387066
orientation: 1.147522 1.864209 61.69485
enu_velocity: 10.25586 18.91596 -0.1748837
velocity: 21.51156 -0.04975986 0.5262854
angularVelocity: -0.007080033 0.06142257 0.0002135837
acceleration: -7.275983 -0.0600636 -0.2542548
accel: 0.0
brake: 0.3791273
steer: -0.0025
linkid: A219BS010395
trafficlightid: C119BS010046
turn_signal_lamp: 1.0