position: 107.79928899999999 92.41800000000012 -0.3380082
orientation: 1.141663 1.926707 61.69728
enu_velocity: 10.00567 18.45346 -0.1734346
velocity: 20.9854 -0.04957676 0.5335107
angularVelocity: -0.004602995 0.0522603 0.001245659
acceleration: -7.304919 0.003998041 -0.2119734
accel: 0.0
brake: 0.3808042
steer: -0.0025
linkid: A219BS010395
trafficlightid: C119BS010046
turn_signal_lamp: 1.0