position: 107.90716900000001 92.61699999999996 -0.3373581
orientation: 1.136078 2.020194 61.70111
enu_velocity: 9.512623 17.52035 -0.159178
velocity: 19.92931 -0.05905151 0.5449806
angularVelocity: -0.00117116 0.03409158 0.0007285714
acceleration: -7.338102 -0.0521965 -0.1203675
accel: 0.0
brake: 0.3834926
steer: -0.0003
linkid: A219BS010395
trafficlightid: C119BS010046
turn_signal_lamp: 1.0