position: 108.058559 92.89499999999998 -0.337823
orientation: 1.139801 2.088024 61.7065
enu_velocity: 8.761296 16.12285 -0.1171234
velocity: 18.34151 -0.06157017 0.5528467
angularVelocity: 0.00192527 0.01049022 0.001442993
acceleration: -7.35947 -0.05861044 -0.03462593
accel: 0.0
brake: 0.3867918
steer: -0.0027
linkid: A219BS010395
trafficlightid: C119BS010046
turn_signal_lamp: 1.0