position: 108.10623899999999 92.98299999999995 -0.3382217
orientation: 1.141998 2.094705 61.7079
enu_velocity: 8.512624 15.65503 -0.099221
velocity: 17.81135 -0.06474257 0.5535771
angularVelocity: 0.001851848 0.004388629 0.001012538
acceleration: -7.362666 -0.03392601 -0.01441593
accel: 0.0
brake: 0.3876379
steer: -0.0027
linkid: A219BS010395
trafficlightid: C119BS010046
turn_signal_lamp: 1.0