position: 108.152499 93.06799999999998 -0.3386725
orientation: 1.143768 2.095411 61.70883
enu_velocity: 8.262391 15.18759 -0.07922635
velocity: 17.28076 -0.06620455 0.5544232
angularVelocity: 0.001206635 -0.0004305801 0.0006937138
acceleration: -7.373544 -0.008654356 0.02613688
accel: 0.0
brake: 0.3884982
steer: 0.0002
linkid: A219BS010395
trafficlightid: C119BS010046
turn_signal_lamp: 1.0