position: 108.28289900000001 93.30700000000002 -0.3399565
orientation: 1.142822 2.073339 61.7119
enu_velocity: 7.501549 13.78856 -0.01549218
velocity: 15.68718 -0.06017733 0.5537215
angularVelocity: -0.0019847 -0.009927052 0.0008249484
acceleration: -7.371172 -0.009675741 0.01850559
accel: 0.0
brake: 0.3904311
steer: -0.0026
linkid: A219BS010395
trafficlightid: C119BS010046
turn_signal_lamp: 1.0