position: 108.323499 93.38200000000006 -0.3403078
orientation: 1.139313 2.060303 61.71227
enu_velocity: 7.249913 13.32151 0.004071856
velocity: 15.15642 -0.06012201 0.5506245
angularVelocity: -0.003432143 -0.01179311 0.0004625828
acceleration: -7.374004 0.007631302 0.001763165
accel: 0.0
brake: 0.3911718
steer: 0.0012
linkid: A219BS010395
trafficlightid: C119BS010046
turn_signal_lamp: 1.0