position: 108.47189900000001 93.65499999999997 -0.3410753
orientation: 1.118774 1.997738 61.71921
enu_velocity: 6.226 11.46027 0.06386384
velocity: 13.03201 -0.04291439 0.5194125
angularVelocity: -0.004833817 -0.01384886 0.002601359
acceleration: -7.383145 0.0525806 -0.1053467
accel: 0.0
brake: 0.3938058
steer: 0.0025
linkid: A219BS010395
trafficlightid: C119BS010046
turn_signal_lamp: 1.0