position: 108.625699 93.93700000000013 -0.3406578
orientation: 1.092651 1.930787 61.73155
enu_velocity: 4.943235 9.115992 0.08206084
velocity: 10.36128 -0.02809811 0.4320147
angularVelocity: -0.003034725 -0.009161504 0.004341397
acceleration: -7.493513 0.2295282 -0.2825748
accel: 0.0
brake: 0.3938911
steer: 0.0153
linkid: A219BS010395
trafficlightid: C119BS010046
turn_signal_lamp: 1.0