position: 108.652199 93.98500000000013 -0.3404654
orientation: 1.093475 1.921338 61.74335
enu_velocity: 4.65566 8.657816 0.0790421
velocity: 9.822031 0.005725384 0.4085439
angularVelocity: 0.001002682 -0.007696627 0.01175568
acceleration: -7.481069 0.3804641 -0.3085567
accel: 0.0
brake: 0.3923433
steer: 0.0164
linkid: A219BS010395
trafficlightid: C119BS010046
turn_signal_lamp: 1.0