position: 108.67739900000001 94.03099999999995 -0.3402825
orientation: 1.095001 1.912608 61.75804
enu_velocity: 4.398336 8.199876 0.07321613
velocity: 9.297389 0.01273251 0.383558
angularVelocity: 0.0007824586 -0.007319851 0.01299616
acceleration: -7.243465 0.09378815 -0.3317245
accel: 0.0
brake: 0.3946015
steer: 0.0047
linkid: A219BS010395
trafficlightid: C119BS010046
turn_signal_lamp: 1.0