position: 108.723299 94.11599999999999 -0.3399926
orientation: 1.090027 1.897156 61.77719
enu_velocity: 3.919609 7.261004 0.05645815
velocity: 8.24498 -0.01361179 0.3299121
angularVelocity: -0.003809506 -0.005900714 0.006217541
acceleration: -7.365416 -0.04416633 -0.3702534
accel: 0.0
brake: 0.3989616
steer: 0.0042
linkid: A219BS010395
trafficlightid: C119BS010046
turn_signal_lamp: 1.0