position: 108.74419900000001 94.154 -0.3398767
orientation: 1.085968 1.891263 61.78368
enu_velocity: 3.668477 6.791028 0.04665088
velocity: 7.712762 -0.01602197 0.3017153
angularVelocity: -0.00361935 -0.004740614 0.005657513
acceleration: -7.39853 -0.01305294 -0.3832437
accel: 0.0
brake: 0.3990343
steer: 0.0042
linkid: A219BS010395
trafficlightid: C119BS010046
turn_signal_lamp: 1.0