position: 12.281528000000002 21.861000000000104 -0.2593837
orientation: 1.894318 0.9405429 61.07903
enu_velocity: 19.39023 34.99685 -0.001524469
velocity: 40.00412 -0.02577782 0.6564354
angularVelocity: 0.006898417 0.00662256 0.006220801
acceleration: 0.03949744 0.03523209 -0.04701129
accel: 0.02996483
brake: 0.0
steer: 0.0032
linkid: A219BS010380
trafficlightid: null
turn_signal_lamp: 0.0