position: 108.763699 94.19000000000005 -0.3397815
orientation: 1.082489 1.886733 61.78986
enu_velocity: 3.415784 6.320167 0.03619193
velocity: 7.179036 -0.01731491 0.2730764
angularVelocity: -0.003076243 -0.003551341 0.005411791
acceleration: -7.417603 -0.005110502 -0.39177
accel: 0.0
brake: 0.399054
steer: 0.0042
linkid: A219BS010395
trafficlightid: C119BS010046
turn_signal_lamp: 1.0