position: 108.79839899999999 94.25300000000016 -0.3396718
orientation: 1.077576 1.881387 61.80159
enu_velocity: 2.911174 5.378436 0.0145934
velocity: 6.111936 -0.02015805 0.2157846
angularVelocity: -0.001849895 -0.001517773 0.005028834
acceleration: -7.405241 -0.01053572 -0.3921457
accel: 0.0
brake: 0.3993427
steer: 0.0042
linkid: A219BS010395
trafficlightid: C119BS010046
turn_signal_lamp: 1.0