position: 108.82749899999999 94.30600000000004 -0.3396896
orientation: 1.075378 1.880012 61.81274
enu_velocity: 2.407091 4.437532 -0.005707277
velocity: 5.04575 -0.02253556 0.1603634
angularVelocity: -0.0007346982 4.818532e-05 0.004801254
acceleration: -7.404118 -0.01017165 -0.3765987
accel: 0.0
brake: 0.3999387
steer: 0.0043
linkid: A219BS010395
trafficlightid: C119BS010046
turn_signal_lamp: 1.0