position: 108.839999 94.32899999999995 -0.3397459
orientation: 1.075104 1.880507 61.81813
enu_velocity: 2.155119 3.967226 -0.01472729
velocity: 4.512776 -0.02351773 0.1338968
angularVelocity: -0.0002706315 0.0006619979 0.004610044
acceleration: -7.399927 -0.004869699 -0.3654114
accel: 0.0
brake: 0.4002105
steer: 0.0044
linkid: A219BS010395
trafficlightid: C119BS010046
turn_signal_lamp: 1.0