position: 108.86069900000001 94.36599999999999 -0.3399452
orientation: 1.075714 1.883196 61.82814
enu_velocity: 1.651041 3.027063 -0.02958258
velocity: 3.44706 -0.02474463 0.08421947
angularVelocity: 0.0002938624 0.001572958 0.004254192
acceleration: -7.403859 -0.0009448528 -0.3344926
accel: 0.0
brake: 0.4009468
steer: 0.0045
linkid: A219BS010395
trafficlightid: C119BS010046
turn_signal_lamp: 1.0