position: 108.88119900000001 94.40300000000002 -0.3404265
orientation: 1.078583 1.888845 61.84276
enu_velocity: 0.8990783 1.633155 -0.04210926
velocity: 1.864525 -0.02163506 0.01976786
angularVelocity: 0.0009797816 0.001355323 0.004132945
acceleration: -7.261588 0.0233891 -0.2730312
accel: 0.0
brake: 0.4063537
steer: 0.0046
linkid: A219BS010395
trafficlightid: C119BS010046
turn_signal_lamp: 1.0