position: 108.88799900000001 94.41499999999996 -0.3408929
orientation: 1.082306 1.889389 61.85068
enu_velocity: 0.4243235 0.7683763 -0.04332193
velocity: 0.8786285 -0.01190645 -0.01413892
angularVelocity: 0.003426321 -0.003150347 0.001766406
acceleration: -5.324204 0.2424097 -0.1741579
accel: 0.0
brake: 0.2433032
steer: 0.0047
linkid: A219BS010395
trafficlightid: C119BS010046
turn_signal_lamp: 1.0