position: 108.889599 94.41800000000012 -0.341458
orientation: 1.086639 1.876864 61.85141
enu_velocity: 0.2598914 0.4729048 -0.04085287
velocity: 0.540628 -0.006494001 -0.02303987
angularVelocity: 0.003617599 -0.01359641 0.0006894481
acceleration: -4.480107 0.04948902 -0.1036249
accel: 0.0
brake: 0.2585165
steer: 0.0048
linkid: A219BS010395
trafficlightid: C119BS010046
turn_signal_lamp: 1.0