position: 108.890499 94.4190000000001 -0.3433883
orientation: 1.091553 1.818317 61.85091
enu_velocity: 0.01690407 0.02618156 -0.02754388
velocity: 0.03191802 -0.003058309 -0.02649102
angularVelocity: 0.00118435 -0.03618572 0.0001835221
acceleration: -1.686625 0.02301913 0.06659801
accel: 0.0
brake: 1.0
steer: 0.0049
linkid: A219BS010395
trafficlightid: C119BS010046
turn_signal_lamp: 1.0