position: 108.890499 94.4190000000001 -0.3449851
orientation: 1.091919 1.76236 61.8501
enu_velocity: -0.0137549 -0.0281743 -0.01586432
velocity: -0.03082832 -0.001484475 -0.01679514
angularVelocity: 9.24319e-05 -0.05283604 0.0002108527
acceleration: -0.678799 0.02134997 0.1545737
accel: 0.0
brake: 1.0
steer: 0.0049
linkid: A219BS010395
trafficlightid: C119BS010046
turn_signal_lamp: 1.0