position: 108.890299 94.4190000000001 -0.3469216
orientation: 1.091217 1.690643 61.84894
enu_velocity: -0.02867993 -0.05375927 -0.0005695101
velocity: -0.06088772 -0.0001212731 -0.00236503
angularVelocity: -0.0007592961 -0.0654393 0.0001907563
acceleration: -0.3578366 0.0182633 0.212034
accel: 0.0
brake: 1.0
steer: 0.0049
linkid: A219BS010395
trafficlightid: C119BS010046
turn_signal_lamp: 1.0