position: 108.88999899999999 94.4190000000001 -0.3490367
orientation: 1.089813 1.608638 61.84758
enu_velocity: -0.03752998 -0.0686956 0.01720813
velocity: -0.07872819 0.0009633899 0.01498835
angularVelocity: -0.00134065 -0.07323017 0.0001602691
acceleration: -0.2176009 0.01397683 0.2471568
accel: 0.0
brake: 1.0
steer: 0.0049
linkid: A219BS010395
trafficlightid: C119BS010046
turn_signal_lamp: 1.0