position: 108.88969900000001 94.41800000000012 -0.3511861
orientation: 1.087891 1.521449 61.84607
enu_velocity: -0.04262943 -0.07732213 0.03614116
velocity: -0.08921646 0.001743071 0.03375726
angularVelocity: -0.00171496 -0.07672638 0.0001281757
acceleration: -0.1244761 0.00981462 0.2622657
accel: 0.0
brake: 1.0
steer: 0.0051
linkid: A219BS010395
trafficlightid: C119BS010046
turn_signal_lamp: 1.0