position: 108.888499 94.41599999999994 -0.3582658
orientation: 1.079712 1.19294 61.84013
enu_velocity: -0.04010586 -0.07395683 0.1012892
velocity: -0.08622073 0.00233116 0.09948947
angularVelocity: -0.001499537 -0.06292844 1.635001e-05
acceleration: 0.08142599 -0.002575465 0.1697665
accel: 0.0
brake: 1.0
steer: 0.0054
linkid: A219BS010395
trafficlightid: C119BS010046
turn_signal_lamp: 1.0