position: 108.88819900000001 94.41599999999994 -0.3594223
orientation: 1.078217 1.126892 61.8389
enu_velocity: -0.03623589 -0.06768858 0.1108725
velocity: -0.07894316 0.002058152 0.1093218
angularVelocity: -0.001212891 -0.05583134 -6.35942e-06
acceleration: 0.104579 -0.004251849 0.1228382
accel: 0.0
brake: 1.0
steer: 0.0055
linkid: A219BS010395
trafficlightid: C119BS010046
turn_signal_lamp: 1.0