position: 108.88739899999999 94.41399999999999 -0.3616637
orientation: 1.075714 0.9232353 61.83473
enu_velocity: -0.01393634 -0.02982442 0.1046969
velocity: -0.03455378 0.0001641698 0.104169
angularVelocity: 0.0001243073 -0.02006035 -8.982185e-05
acceleration: 0.1170582 -0.004688803 -0.1203891
accel: 0.0
brake: 1.0
steer: 0.0056
linkid: A219BS010395
trafficlightid: C119BS010046
turn_signal_lamp: 1.0