position: 108.88739899999999 94.41399999999999 -0.3616066
orientation: 1.075989 0.9052116 61.83429
enu_velocity: -0.01016709 -0.0230124 0.09390879
velocity: -0.02656698 -0.0001430959 0.09351993
angularVelocity: 0.0002878541 -0.01434901 -9.997009e-05
acceleration: 0.1081258 -0.004082393 -0.1569238
accel: 0.0
brake: 1.0
steer: 0.0057
linkid: A219BS010395
trafficlightid: C119BS010046
turn_signal_lamp: 1.0