position: 108.88729900000001 94.41399999999999 -0.3612573
orientation: 1.076904 0.8861617 61.83368
enu_velocity: -0.004006987 -0.01133629 0.06624056
velocity: -0.01290833 -0.0005769571 0.06607133
angularVelocity: 0.0004527753 -0.005054088 -0.0001145756
acceleration: 0.08617721 -0.002450602 -0.2071848
accel: 0.0
brake: 1.0
steer: 0.0057
linkid: A219BS010395
trafficlightid: C119BS010046
turn_signal_lamp: 1.0