position: 108.88729900000001 94.41399999999999 -0.3603753
orientation: 1.078979 0.8941387 61.83325
enu_velocity: 0.002958718 0.003729378 0.001970395
velocity: 0.004653048 -0.0008093002 0.002058859
angularVelocity: 0.0003938712 0.00561386 -0.0001345394
acceleration: 0.04171694 0.0001849327 -0.2171336
accel: 0.0
brake: 1.0
steer: 0.0057
linkid: A219BS010395
trafficlightid: C119BS010046
turn_signal_lamp: 1.0