position: 108.88739899999999 94.41399999999999 -0.3600601
orientation: 1.080078 0.929786 61.83334
enu_velocity: 0.004527985 0.009304167 -0.04860004
velocity: 0.01112701 -0.0005127322 -0.04842479
angularVelocity: 0.0001188316 0.008623349 -0.0001206675
acceleration: 0.01002909 0.001404129 -0.1332697
accel: 0.0
brake: 1.0
steer: 0.0058
linkid: A219BS010395
trafficlightid: C119BS010046
turn_signal_lamp: 1.0