position: 108.88739899999999 94.41399999999999 -0.3601007
orientation: 1.080139 0.9396827 61.83339
enu_velocity: 0.004457656 0.0096996 -0.05666654
velocity: 0.01158303 -0.0004161063 -0.05648637
angularVelocity: 5.921628e-05 0.008621077 -0.0001146371
acceleration: 0.004783179 0.001345368 -0.1048823
accel: 0.0
brake: 1.0
steer: 0.0058
linkid: A219BS010395
trafficlightid: C119BS010046
turn_signal_lamp: 1.0