position: 108.88749899999999 94.41399999999999 -0.3602971
orientation: 1.080139 0.9587653 61.8335
enu_velocity: 0.004001848 0.009641366 -0.0664716
velocity: 0.01149945 -0.0002266588 -0.06629597
angularVelocity: -3.891066e-05 0.008068911 -0.0001123364
acceleration: -0.003506975 0.001304932 -0.0461006
accel: 0.0
brake: 1.0
steer: 0.0059
linkid: A219BS010395
trafficlightid: C119BS010046
turn_signal_lamp: 1.0