position: 108.88749899999999 94.41399999999999 -0.3607676
orientation: 1.079803 0.9833416 61.83357
enu_velocity: 0.002972419 0.008201686 -0.06592838
velocity: 0.009763701 1.137494e-05 -0.0657824
angularVelocity: -0.0001208247 0.006392785 -0.0001050146
acceleration: -0.01074939 0.0008833997 0.03401722
accel: 0.0
brake: 1.0
steer: 0.006
linkid: A219BS010395
trafficlightid: C119BS010046
turn_signal_lamp: 1.0