position: 108.887599 94.41399999999999 -0.3611056
orientation: 1.079498 0.9960334 61.83359
enu_velocity: 0.002259753 0.0067378 -0.0571547
velocity: 0.007999066 0.0001137762 -0.05703653
angularVelocity: -0.0001264741 0.005007213 -0.0001006608
acceleration: -0.01306113 0.0005117981 0.07468183
accel: 0.0
brake: 1.0
steer: 0.006
linkid: A219BS010395
trafficlightid: C119BS010046
turn_signal_lamp: 1.0