position: 108.887599 94.41399999999999 -0.3612607
orientation: 1.079376 1.001168 61.83357
enu_velocity: 0.001923661 0.005929785 -0.05091554
velocity: 0.007024317 0.0001460573 -0.05081233
angularVelocity: -0.000126851 0.004302226 -9.870969e-05
acceleration: -0.01365647 0.0004564838 0.08975404
accel: 0.0
brake: 1.0
steer: 0.0061
linkid: A219BS010395
trafficlightid: C119BS010046
turn_signal_lamp: 1.0