position: 108.887599 94.41399999999999 -0.3617172
orientation: 1.078735 1.015072 61.8333
enu_velocity: 0.0005235634 0.001928676 -0.01157571
velocity: 0.002152184 0.0002315209 -0.0115458
angularVelocity: -8.223311e-05 0.0009888774 -9.247491e-05
acceleration: -0.01265088 -5.209213e-05 0.1113314
accel: 0.0
brake: 1.0
steer: 0.0061
linkid: A219BS010395
trafficlightid: C119BS010046
turn_signal_lamp: 1.0