position: 108.887599 94.41399999999999 -0.3617209
orientation: 1.078613 1.015773 61.83308
enu_velocity: 0.0001173378 0.0005421938 0.003464558
velocity: 0.0004718713 0.0002178535 0.003469983
angularVelocity: -4.905972e-05 -8.203274e-05 -9.127743e-05
acceleration: -0.01099133 -0.0001856047 0.09859064
accel: 0.0
brake: 1.0
steer: 0.0061
linkid: A219BS010395
trafficlightid: C119BS010046
turn_signal_lamp: 1.0