position: 108.887599 94.41399999999999 -0.3616325
orientation: 1.078522 1.014314 61.83286
enu_velocity: -0.000205277 -0.0006203256 0.01584563
velocity: -0.0009241649 0.0001861601 0.01583105
angularVelocity: -2.364046e-05 -0.0009446617 -9.074601e-05
acceleration: -0.008879082 -0.0002146789 0.0774136
accel: 0.0
brake: 1.0
steer: 0.0061
linkid: A219BS010395
trafficlightid: C119BS010046
turn_signal_lamp: 1.0