position: 12.928645 23.02800000000002 -0.2588314
orientation: 1.938263 0.9817513 61.12094
enu_velocity: 19.37685 35.02047 -0.02493006
velocity: 40.01822 -0.03121758 0.6622719
angularVelocity: 0.00459305 0.004046959 0.005494921
acceleration: 0.02087843 0.05341765 -0.04829669
accel: 0.02463793
brake: 0.0
steer: 0.0028
linkid: A219BS010380
trafficlightid: null
turn_signal_lamp: 0.0