position: 108.887599 94.41399999999999 -0.3614742
orientation: 1.078491 1.011213 61.8326
enu_velocity: -0.000453784 -0.001521069 0.02471998
velocity: -0.001991158 0.0001467735 0.0246903
angularVelocity: -4.732166e-06 -0.001573235 -9.099186e-05
acceleration: -0.006436623 -0.000301131 0.05167968
accel: 0.0
brake: 1.0
steer: 0.0062
linkid: A219BS010395
trafficlightid: C119BS010046
turn_signal_lamp: 1.0