position: 108.887599 94.41399999999999 -0.3606882
orientation: 1.078644 0.9929073 61.83186
enu_velocity: -0.0006583444 -0.002233094 0.0240603
velocity: -0.002695989 -2.158061e-05 0.02402185
angularVelocity: 4.282407e-05 -0.00186725 -1.139088e-07
acceleration: 0.002877413 -0.0002071736 -0.03797465
accel: 0.0
brake: 1.0
steer: 0.0062
linkid: A219BS010395
trafficlightid: C119BS010046
turn_signal_lamp: 1.0