position: 108.887599 94.41399999999999 -0.3604994
orientation: 1.078949 0.9838289 61.8317
enu_velocity: -0.0001149741 -0.0001459173 -0.002906326
velocity: -0.0001329815 -2.230778e-05 -0.002909133
angularVelocity: 1.341288e-05 -0.0001403037 1.792711e-08
acceleration: 0.004405707 8.698419e-05 -0.04077608
accel: 0.0
brake: 1.0
steer: 0.0062
linkid: A219BS010395
trafficlightid: C119BS010046
turn_signal_lamp: 1.0