position: 108.887599 94.41399999999999 -0.3605265
orientation: 1.078949 0.9838446 61.8317
enu_velocity: -4.28964e-05 9.747317e-05 -0.005612417
velocity: 0.0001620374 -2.183122e-05 -0.005611046
angularVelocity: 1.046917e-05 6.305196e-05 -1.57429e-08
acceleration: 0.003963264 -5.423895e-05 -0.03647523
accel: 0.0
brake: 1.0
steer: 0.0062
linkid: A219BS010395
trafficlightid: C119BS010046
turn_signal_lamp: 1.0