position: 108.887599 94.41399999999999 -0.3605612
orientation: 1.078949 0.9840809 61.83171
enu_velocity: 2.837894e-05 0.000319263 -0.007947729
velocity: 0.0004313034 -2.386878e-05 -0.007942451
angularVelocity: 9.897791e-06 0.0002503114 -3.168196e-08
acceleration: 0.003540022 -9.72157e-05 -0.03137498
accel: 0.0
brake: 1.0
steer: 0.0062
linkid: A219BS010395
trafficlightid: C119BS010046
turn_signal_lamp: 1.0