position: 13.144075 23.417000000000144 -0.2590113
orientation: 1.945496 0.9866506 61.13348
enu_velocity: 19.35521 35.00084 -0.02946536
velocity: 39.99059 -0.03048134 0.6606638
angularVelocity: 0.002010531 0.001055437 0.005416061
acceleration: -0.008646734 0.07304987 -0.03016111
accel: 0.0427063
brake: 0.0
steer: 0.0025
linkid: A219BS010380
trafficlightid: null
turn_signal_lamp: 0.0