position: 108.887599 94.41399999999999 -0.3607935
orientation: 1.078949 0.9876584 61.83177
enu_velocity: 0.0002602772 0.0010049 -0.01338752
velocity: 0.001239364 -6.84167e-06 -0.01337039
angularVelocity: -8.598552e-06 0.0008311041 -5.965233e-07
acceleration: 0.0009723388 -2.717206e-05 -0.002382195
accel: 0.0
brake: 1.0
steer: 0.0062
linkid: A219BS010395
trafficlightid: C119BS010046
turn_signal_lamp: 1.0