position: 108.887599 94.41399999999999 -0.360928
orientation: 1.078888 0.9906546 61.83183
enu_velocity: 0.0002970209 0.001039037 -0.01208054
velocity: 0.001264898 1.515931e-06 -0.01206264
angularVelocity: -1.300283e-05 0.0008670956 -8.986594e-07
acceleration: -0.000576253 -0.0002046141 0.01120881
accel: 0.0
brake: 1.0
steer: 0.0062
linkid: A219BS010395
trafficlightid: C119BS010046
turn_signal_lamp: 1.0