position: 108.887599 94.41399999999999 -0.3609976
orientation: 1.078888 0.9925253 61.83186
enu_velocity: 0.0002903935 0.0009190893 -0.00985731
velocity: 0.001117927 -7.432915e-06 -0.009841026
angularVelocity: -3.291469e-06 0.0007761971 -8.650084e-07
acceleration: -0.001282344 5.000622e-05 0.01770696
accel: 0.0
brake: 1.0
steer: 0.0062
linkid: A219BS010395
trafficlightid: C119BS010046
turn_signal_lamp: 1.0