position: 108.887599 94.41399999999999 -0.3610244
orientation: 1.078888 0.9933584 61.83186
enu_velocity: 0.0002732397 0.0008339593 -0.008454559
velocity: 0.001010619 -6.111179e-06 -0.008439688
angularVelocity: -2.746354e-06 0.0007071538 -9.22101e-07
acceleration: -0.001666499 6.70091e-05 0.02020234
accel: 0.0
brake: 1.0
steer: 0.0062
linkid: A219BS010395
trafficlightid: C119BS010046
turn_signal_lamp: 1.0