position: 108.887599 94.41399999999999 -0.361061
orientation: 1.078888 0.9947283 61.83189
enu_velocity: 0.0002198891 0.000618062 -0.00541871
velocity: 0.000742637 -3.903479e-06 -0.005407518
angularVelocity: -1.36788e-06 0.0005292693 -9.938706e-07
acceleration: -0.001948965 0.0002401099 0.02183952
accel: 0.0
brake: 1.0
steer: 0.0062
linkid: A219BS010395
trafficlightid: C119BS010046
turn_signal_lamp: 1.0