position: 108.887599 94.41399999999999 -0.3610707
orientation: 1.078888 0.9952511 61.83191
enu_velocity: 0.0001889887 0.0005015688 -0.00384709
velocity: 0.0005981222 -2.100365e-06 -0.00383792
angularVelocity: -9.036739e-07 0.0004326001 -1.032045e-06
acceleration: -0.001959413 9.635519e-05 0.02193146
accel: 0.0
brake: 1.0
steer: 0.0062
linkid: A219BS010395
trafficlightid: C119BS010046
turn_signal_lamp: 1.0