position: 108.887599 94.41399999999999 -0.3610578
orientation: 1.078888 0.9961982 61.83192
enu_velocity: 4.611884e-05 3.280099e-05 0.001781531
velocity: 1.970563e-05 8.387513e-06 0.001782301
angularVelocity: -3.406652e-06 3.74171e-05 -1.150676e-06
acceleration: -0.001856306 -1.803535e-06 0.01666006
accel: 0.0
brake: 1.0
steer: 0.0062
linkid: A219BS010395
trafficlightid: C119BS010046
turn_signal_lamp: 1.0