position: 108.887599 94.41399999999999 -0.3610441
orientation: 1.078888 0.9961653 61.83192
enu_velocity: 8.97921e-06 -6.661152e-05 0.002886387
velocity: -0.0001046568 1.496785e-05 0.002885234
angularVelocity: -7.987444e-06 -4.872336e-05 -1.229783e-06
acceleration: -0.00159953 0.0002166774 0.01504927
accel: 0.0
brake: 1.0
steer: 0.0062
linkid: A219BS010395
trafficlightid: C119BS010046
turn_signal_lamp: 1.0