position: 108.887599 94.41399999999999 -0.3610276
orientation: 1.078857 0.9960388 61.83191
enu_velocity: -2.01374e-05 -0.0001621747 0.003804873
velocity: -0.000218592 1.278691e-05 0.003802081
angularVelocity: -5.024092e-06 -0.0001289241 -1.165945e-06
acceleration: -0.001487004 6.568502e-06 0.0122294
accel: 0.0
brake: 1.0
steer: 0.0062
linkid: A219BS010395
trafficlightid: C119BS010046
turn_signal_lamp: 1.0