position: 108.887599 94.41399999999999 -0.3608535
orientation: 1.078888 0.992723 61.83185
enu_velocity: -0.0001191258 -0.0004255353 0.004555088
velocity: -0.0005102261 -1.023023e-05 0.00454793
angularVelocity: 1.392944e-05 -0.0003533973 -5.706169e-07
acceleration: 0.0004257976 -0.0002477417 -0.007122918
accel: 0.0
brake: 1.0
steer: 0.0062
linkid: A219BS010395
trafficlightid: C119BS010046
turn_signal_lamp: 1.0