position: 108.887599 94.41399999999999 -0.3608406
orientation: 1.078888 0.9923446 61.83183
enu_velocity: -0.0001158746 -0.0003858214 0.00398475
velocity: -0.0004637789 -5.076436e-06 0.003978116
angularVelocity: 8.63889e-06 -0.0003230163 -6.382876e-07
acceleration: 0.0006292755 2.944858e-05 -0.008408688
accel: 0.0
brake: 1.0
steer: 0.0062
linkid: A219BS010395
trafficlightid: C119BS010046
turn_signal_lamp: 1.0