position: 108.887599 94.41399999999999 -0.3608302
orientation: 1.078918 0.9920025 61.83183
enu_velocity: -0.0001043608 -0.0003466797 0.003360086
velocity: -0.0004130052 -8.497365e-06 0.003354193
angularVelocity: 1.090734e-05 -0.0002898981 -5.749859e-07
acceleration: 0.0007402096 -0.0001044586 -0.008929365
accel: 0.0
brake: 1.0
steer: 0.0062
linkid: A219BS010395
trafficlightid: C119BS010046
turn_signal_lamp: 1.0