position: 108.887599 94.41399999999999 -0.3608174
orientation: 1.078918 0.9909409 61.8318
enu_velocity: -3.035369e-05 -3.76076e-05 -0.0004748001
velocity: -3.926394e-05 4.959657e-08 -0.0004756355
angularVelocity: -4.191315e-07 -3.6926e-05 -6.903176e-07
acceleration: 0.0008359166 3.984485e-05 -0.007517328
accel: 0.0
brake: 1.0
steer: 0.0062
linkid: A219BS010395
trafficlightid: C119BS010046
turn_signal_lamp: 1.0