position: 13.574649 24.194999999999936 -0.2599654
orientation: 1.943176 0.9752337 61.15512
enu_velocity: 19.35018 35.02441 -0.02648556
velocity: 40.00887 -0.02998352 0.6559625
angularVelocity: -0.00133987 -0.00538303 0.004440837
acceleration: 0.03257253 0.05445027 0.04632751
accel: 0.02820567
brake: 0.0
steer: 0.0018
linkid: A219BS010380
trafficlightid: null
turn_signal_lamp: 0.0