position: 108.887599 94.41399999999999 -0.360863
orientation: 1.078918 0.9914355 61.8318
enu_velocity: 3.793608e-05 0.0001727926 -0.002420364
velocity: 0.0002120901 2.604847e-06 -0.002417534
angularVelocity: -4.575297e-06 0.0001408619 -8.036037e-07
acceleration: 0.0004251485 0.0002200978 -0.001102069
accel: 0.0
brake: 1.0
steer: 0.0062
linkid: A219BS010395
trafficlightid: C119BS010046
turn_signal_lamp: 1.0