position: 108.887599 94.41399999999999 -0.3608723
orientation: 1.078918 0.9916055 61.83182
enu_velocity: 4.814042e-05 0.000179497 -0.00250032
velocity: 0.0002242069 -4.726789e-06 -0.002497168
angularVelocity: 1.924491e-06 0.0001493973 -6.9462e-07
acceleration: 9.944377e-05 -0.0001771422 -0.001050802
accel: 0.0
brake: 1.0
steer: 0.0062
linkid: A219BS010395
trafficlightid: C119BS010046
turn_signal_lamp: 1.0