position: 108.887599 94.41399999999999 -0.3608812
orientation: 1.078918 0.9917874 61.83182
enu_velocity: 5.434527e-05 0.0001891341 -0.002485415
velocity: 0.0002353799 -5.362977e-06 -0.002482051
angularVelocity: 2.54187e-06 0.0001585197 -7.022965e-07
acceleration: -3.063047e-06 -0.0001982877 -5.113332e-05
accel: 0.0
brake: 1.0
steer: 0.0062
linkid: A219BS010395
trafficlightid: C119BS010046
turn_signal_lamp: 1.0