position: 108.887599 94.41399999999999 -0.3609198
orientation: 1.078918 0.9928117 61.83183
enu_velocity: 4.971367e-05 0.0001402773 -0.00132199
velocity: 0.0001700156 -2.451034e-06 -0.00131943
angularVelocity: 1.387016e-06 0.0001203132 -8.082854e-07
acceleration: -0.0002948602 -1.039858e-05 0.003994844
accel: 0.0
brake: 1.0
steer: 0.0062
linkid: A219BS010395
trafficlightid: C119BS010046
turn_signal_lamp: 1.0