position: 108.887599 94.41399999999999 -0.3609226
orientation: 1.078918 0.9929362 61.83183
enu_velocity: 4.150924e-05 0.0001233429 -0.001029898
velocity: 0.0001461577 2.280762e-06 -0.001027744
angularVelocity: -2.321904e-06 0.0001047368 -8.819616e-07
acceleration: -0.000355642 9.926237e-05 0.004303663
accel: 0.0
brake: 1.0
steer: 0.0062
linkid: A219BS010395
trafficlightid: C119BS010046
turn_signal_lamp: 1.0