position: 108.887599 94.41399999999999 -0.3609244
orientation: 1.078918 0.9930367 61.83183
enu_velocity: 3.425383e-05 9.769117e-05 -0.0007365655
velocity: 0.0001150411 2.082706e-06 -0.0007348516
angularVelocity: -1.749584e-06 8.332767e-05 -8.739306e-07
acceleration: -0.0004044031 3.616531e-05 0.004325121
accel: 0.0
brake: 1.0
steer: 0.0062
linkid: A219BS010395
trafficlightid: C119BS010046
turn_signal_lamp: 1.0