position: 108.887599 94.41399999999999 -0.3609253
orientation: 1.078918 0.9931141 61.83183
enu_velocity: 3.279147e-05 7.076109e-05 -0.0004537505
velocity: 8.571296e-05 -4.022266e-06 -0.0004523373
angularVelocity: 3.892383e-06 6.325483e-05 -7.833283e-07
acceleration: -0.0003802099 -0.0002099764 0.0037719
accel: 0.0
brake: 1.0
steer: 0.0062
linkid: A219BS010395
trafficlightid: C119BS010046
turn_signal_lamp: 1.0