position: 108.887599 94.41399999999999 -0.360924
orientation: 1.078918 0.9932083 61.83183
enu_velocity: 1.380319e-05 3.280634e-05 8.557691e-05
velocity: 3.39482e-05 4.940272e-06 8.610055e-05
angularVelocity: -3.329948e-06 2.838295e-05 -9.176704e-07
acceleration: -0.0003258735 0.000117961 0.003680316
accel: 0.0
brake: 1.0
steer: 0.0062
linkid: A219BS010395
trafficlightid: C119BS010046
turn_signal_lamp: 1.0