position: 108.887599 94.41399999999999 -0.3609167
orientation: 1.078918 0.9931906 61.83183
enu_velocity: 1.273146e-06 -3.609859e-05 0.0007017356
velocity: -4.338118e-05 -4.958686e-06 0.0007013067
angularVelocity: 5.757077e-06 -2.615006e-05 -7.526088e-07
acceleration: -0.0002557478 -0.0001589508 0.002032791
accel: 0.0
brake: 1.0
steer: 0.0062
linkid: A219BS010395
trafficlightid: C119BS010046
turn_signal_lamp: 1.0