position: 108.887599 94.41399999999999 -0.3609132
orientation: 1.078918 0.993152 61.83183
enu_velocity: -2.018963e-06 -4.752129e-05 0.0008396848
velocity: -5.739397e-05 -4.854831e-06 0.0008390562
angularVelocity: 5.665544e-06 -3.563392e-05 -7.573937e-07
acceleration: -0.0001369298 -5.839243e-05 0.001690292
accel: 0.0
brake: 1.0
steer: 0.0062
linkid: A219BS010395
trafficlightid: C119BS010046
turn_signal_lamp: 1.0