position: 108.887599 94.41399999999999 -0.3609093
orientation: 1.078918 0.9931037 61.83183
enu_velocity: -8.658029e-06 -5.727983e-05 0.0009451166
velocity: -7.095568e-05 -1.627752e-06 0.0009442266
angularVelocity: 3.08875e-06 -4.528888e-05 -7.975844e-07
acceleration: -0.0002315804 -3.949874e-05 0.001197422
accel: 0.0
brake: 1.0
steer: 0.0062
linkid: A219BS010395
trafficlightid: C119BS010046
turn_signal_lamp: 1.0