position: 108.887599 94.41399999999999 -0.3609052
orientation: 1.078918 0.9930458 61.83183
enu_velocity: -2.592154e-05 -5.802157e-05 0.001035807
velocity: -8.132849e-05 1.494273e-05 0.001034455
angularVelocity: -1.05762e-05 -5.24117e-05 -1.032453e-06
acceleration: -0.0001324037 9.980356e-05 0.0008691967
accel: 0.0
brake: 1.0
steer: 0.0062
linkid: A219BS010395
trafficlightid: C119BS010046
turn_signal_lamp: 1.0