position: 108.887599 94.41399999999999 -0.3609012
orientation: 1.078918 0.9929736 61.83182
enu_velocity: -2.729633e-05 -7.296875e-05 0.001076086
velocity: -9.584906e-05 9.853482e-06 0.001074591
angularVelocity: -6.510971e-06 -6.356738e-05 -9.467268e-07
acceleration: -6.617993e-05 0.0002062161 0.000688726
accel: 0.0
brake: 1.0
steer: 0.0062
linkid: A219BS010395
trafficlightid: C119BS010046
turn_signal_lamp: 1.0