position: 108.887599 94.41399999999999 -0.3608973
orientation: 1.078918 0.9928955 61.83182
enu_velocity: -2.724839e-05 -7.856095e-05 0.001089179
velocity: -0.000100981 7.416693e-06 0.001087646
angularVelocity: -4.490663e-06 -6.743832e-05 -9.099455e-07
acceleration: 0.0001023779 0.0001749985 0.0003427997
accel: 0.0
brake: 1.0
steer: 0.0062
linkid: A219BS010395
trafficlightid: C119BS010046
turn_signal_lamp: 1.0