position: 108.887599 94.41399999999999 -0.3608866
orientation: 1.078918 0.992659 61.8318
enu_velocity: -2.401734e-05 -8.083497e-05 0.0009411033
velocity: -9.889057e-05 7.076105e-07 0.0009396844
angularVelocity: 1.094621e-06 -6.768656e-05 -7.947825e-07
acceleration: 2.13961e-05 -6.869184e-05 -0.001265585
accel: 0.0
brake: 1.0
steer: 0.0062
linkid: A219BS010395
trafficlightid: C119BS010046
turn_signal_lamp: 1.0