position: 108.887599 94.41399999999999 -0.3608781
orientation: 1.078888 0.9923986 61.83179
enu_velocity: -2.068587e-05 -5.555208e-05 0.0004895516
velocity: -6.720792e-05 1.210721e-06 0.0004885246
angularVelocity: 5.244146e-08 -4.775677e-05 -7.868761e-07
acceleration: 0.0001426764 4.032931e-06 -0.001620468
accel: 0.0
brake: 1.0
steer: 0.0062
linkid: A219BS010395
trafficlightid: C119BS010046
turn_signal_lamp: 1.0