position: 13.897411000000002 24.77800000000002 -0.2607533
orientation: 1.933105 0.9552292 61.16788
enu_velocity: 19.34687 35.03354 -0.00737995
velocity: 40.01515 -0.03152657 0.6612489
angularVelocity: -0.003929359 -0.005896459 0.003443351
acceleration: 0.02859914 0.02558807 0.06405699
accel: 0.02586125
brake: 0.0
steer: 0.0015
linkid: A219BS010380
trafficlightid: null
turn_signal_lamp: 0.0