position: 108.887599 94.41399999999999 -0.360877
orientation: 1.078888 0.9923543 61.83179
enu_velocity: -2.136176e-05 -3.875494e-05 0.0003793462
velocity: -5.081236e-05 7.664252e-06 0.0003784458
angularVelocity: -5.381844e-06 -3.587321e-05 -8.887678e-07
acceleration: 0.0002270569 3.446809e-05 -0.001697468
accel: 0.0
brake: 1.0
steer: 0.0062
linkid: A219BS010395
trafficlightid: C119BS010046
turn_signal_lamp: 1.0