position: 108.887599 94.41399999999999 -0.3608765
orientation: 1.078888 0.9923154 61.83179
enu_velocity: -1.342048e-05 -3.985181e-05 0.0002343936
velocity: -4.552037e-05 -2.58099e-06 0.0002337303
angularVelocity: 3.204917e-06 -3.356597e-05 -7.230924e-07
acceleration: 3.939786e-05 -0.0002423542 -0.001985844
accel: 0.0
brake: 1.0
steer: 0.0062
linkid: A219BS010395
trafficlightid: C119BS010046
turn_signal_lamp: 1.0