position: 108.887599 94.41399999999999 -0.3608767
orientation: 1.078888 0.9922672 61.83179
enu_velocity: -1.016354e-05 -1.849355e-05 1.608071e-06
velocity: -2.112578e-05 2.530778e-07 1.237866e-06
angularVelocity: 4.428703e-07 -1.68009e-05 -7.683106e-07
acceleration: 9.010611e-05 -9.262372e-05 -0.001708963
accel: 0.0
brake: 1.0
steer: 0.0062
linkid: A219BS010395
trafficlightid: C119BS010046
turn_signal_lamp: 1.0