position: 108.887599 94.41399999999999 -0.3608774
orientation: 1.078888 0.992258 61.83179
enu_velocity: -6.30809e-06 -6.18754e-06 -9.96744e-05
velocity: -6.705176e-06 7.603799e-07 -9.98375e-05
angularVelocity: -2.277516e-07 -6.42448e-06 -7.848231e-07
acceleration: 0.000143518 1.7617e-05 -0.001565309
accel: 0.0
brake: 1.0
steer: 0.0062
linkid: A219BS010395
trafficlightid: C119BS010046
turn_signal_lamp: 1.0