position: 108.887599 94.41399999999999 -0.3608785
orientation: 1.078888 0.9922546 61.83179
enu_velocity: -2.635125e-06 -1.775302e-06 -0.0001988104
velocity: 6.342812e-07 -2.259059e-06 -0.0001988219
angularVelocity: 2.192352e-06 -1.790034e-06 -7.366874e-07
acceleration: 9.545662e-05 -2.910091e-05 -0.001311066
accel: 0.0
brake: 1.0
steer: 0.0062
linkid: A219BS010395
trafficlightid: C119BS010046
turn_signal_lamp: 1.0