position: 108.887599 94.41399999999999 -0.3608813
orientation: 1.078888 0.9922727 61.83179
enu_velocity: 8.618566e-06 1.420713e-05 -0.0003517394
velocity: 2.268179e-05 -7.507619e-06 -0.0003513203
angularVelocity: 6.504417e-06 1.409958e-05 -6.728042e-07
acceleration: 0.0001998051 -0.0001460548 -0.001103066
accel: 0.0
brake: 1.0
steer: 0.0062
linkid: A219BS010395
trafficlightid: C119BS010046
turn_signal_lamp: 1.0