position: 108.887599 94.41399999999999 -0.3608863
orientation: 1.078888 0.9923473 61.83179
enu_velocity: 3.658573e-06 3.723599e-05 -0.0004475821
velocity: 4.229948e-05 5.934756e-06 -0.0004471076
angularVelocity: -5.078889e-06 2.870878e-05 -8.812603e-07
acceleration: 0.0001662998 0.0002277099 8.952389e-05
accel: 0.0
brake: 1.0
steer: 0.0062
linkid: A219BS010395
trafficlightid: C119BS010046
turn_signal_lamp: 1.0