position: 108.887599 94.41399999999999 -0.3608896
orientation: 1.078888 0.992414 61.83179
enu_velocity: 8.646848e-06 3.653497e-05 -0.0004595003
velocity: 4.424293e-05 9.83393e-07 -0.0004589027
angularVelocity: -8.478382e-07 3.004697e-05 -8.083047e-07
acceleration: 5.541003e-05 0.0001102106 0.0002728339
accel: 0.0
brake: 1.0
steer: 0.0062
linkid: A219BS010395
trafficlightid: C119BS010046
turn_signal_lamp: 1.0