position: 108.887599 94.41399999999999 -0.360895
orientation: 1.078888 0.9925483 61.83179
enu_velocity: 9.487507e-06 3.12518e-05 -0.0003459573
velocity: 3.80172e-05 -1.149037e-07 -0.0003454096
angularVelocity: 2.258766e-07 2.630373e-05 -7.965251e-07
acceleration: -0.0001886293 7.972043e-05 0.00052523
accel: 0.0
brake: 1.0
steer: 0.0062
linkid: A219BS010395
trafficlightid: C119BS010046
turn_signal_lamp: 1.0