position: 108.887599 94.41399999999999 -0.3608976
orientation: 1.078888 0.9926439 61.83179
enu_velocity: 9.550367e-06 1.951437e-05 -0.0001421094
velocity: 2.417021e-05 -1.875756e-06 -0.0001417017
angularVelocity: 2.097677e-06 1.78577e-05 -7.8173e-07
acceleration: 5.860122e-05 -5.450322e-05 0.0006246311
accel: 0.0
brake: 1.0
steer: 0.0062
linkid: A219BS010395
trafficlightid: C119BS010046
turn_signal_lamp: 1.0