position: 108.887599 94.41399999999999 -0.3608972
orientation: 1.078888 0.9926786 61.83179
enu_velocity: 6.554574e-07 7.530243e-06 3.954782e-05
velocity: 6.261623e-06 3.723196e-06 3.959917e-05
angularVelocity: -2.306823e-06 5.586585e-06 -8.572499e-07
acceleration: -0.0001638948 -4.580433e-05 0.0005320538
accel: 0.0
brake: 1.0
steer: 0.0062
linkid: A219BS010395
trafficlightid: C119BS010046
turn_signal_lamp: 1.0