position: 108.887599 94.41399999999999 -0.3608955
orientation: 1.078888 0.9926761 61.83179
enu_velocity: -1.064762e-06 -6.57455e-06 0.0001474404
velocity: -8.851932e-06 6.091716e-07 0.0001473238
angularVelocity: 3.378095e-07 -5.168054e-06 -8.080004e-07
acceleration: -5.188036e-05 -3.571717e-05 0.0003358833
accel: 0.0
brake: 1.0
steer: 0.0062
linkid: A219BS010395
trafficlightid: C119BS010046
turn_signal_lamp: 1.0