position: 108.887599 94.41399999999999 -0.3608947
orientation: 1.078888 0.9926684 61.83179
enu_velocity: -2.274162e-07 -9.104992e-06 0.0001716492
velocity: -1.110651e-05 -8.680165e-07 0.0001715293
angularVelocity: 1.576342e-06 -6.646324e-06 -7.886034e-07
acceleration: 8.218662e-06 -4.181747e-05 0.0002669052
accel: 0.0
brake: 1.0
steer: 0.0062
linkid: A219BS010395
trafficlightid: C119BS010046
turn_signal_lamp: 1.0