position: 108.887599 94.41399999999999 -0.3608931
orientation: 1.078888 0.9926456 61.83179
enu_velocity: -3.027942e-06 -1.536951e-05 0.0002025255
velocity: -1.848492e-05 -7.77268e-07 0.0002022861
angularVelocity: 1.505792e-06 -1.223124e-05 -7.831316e-07
acceleration: -4.113198e-05 -3.135204e-05 0.0001061854
accel: 0.0
brake: 1.0
steer: 0.0062
linkid: A219BS010395
trafficlightid: C119BS010046
turn_signal_lamp: 1.0