position: 108.887599 94.41399999999999 -0.3608909
orientation: 1.078888 0.9926041 61.83179
enu_velocity: -7.055599e-06 -1.244626e-05 0.0001981574
velocity: -1.773348e-05 4.070415e-06 0.0001978383
angularVelocity: -2.593108e-06 -1.157767e-05 -8.562756e-07
acceleration: 0.0001059978 6.241885e-05 0.0003073472
accel: 0.0
brake: 1.0
steer: 0.0062
linkid: A219BS010395
trafficlightid: C119BS010046
turn_signal_lamp: 1.0