position: 108.887599 94.41399999999999 -0.3608899
orientation: 1.078888 0.9925707 61.83179
enu_velocity: -6.656288e-06 -1.573507e-05 0.000155024
velocity: -1.969657e-05 1.353282e-06 0.000154708
angularVelocity: -4.553303e-07 -1.373064e-05 -8.088676e-07
acceleration: 7.084825e-05 7.949592e-05 -0.0003538224
accel: 0.0
brake: 1.0
steer: 0.0062
linkid: A219BS010395
trafficlightid: C119BS010046
turn_signal_lamp: 1.0