position: 108.887599 94.41399999999999 -0.3608894
orientation: 1.078888 0.9925562 61.83179
enu_velocity: -6.148165e-06 -1.293843e-05 0.0001415492
velocity: -1.675822e-05 1.972571e-06 0.000141268
angularVelocity: -9.580508e-07 -1.152489e-05 -8.200191e-07
acceleration: 8.096173e-05 6.395263e-05 -0.0001970321
accel: 0.0
brake: 1.0
steer: 0.0062
linkid: A219BS010395
trafficlightid: C119BS010046
turn_signal_lamp: 1.0