position: 14.327478 25.55600000000004 -0.2613148
orientation: 1.914612 0.9289465 61.18071
enu_velocity: 19.32883 35.01445 0.01932982
velocity: 39.9896 -0.03383636 0.6692514
angularVelocity: -0.00565211 -0.003658574 0.002593243
acceleration: -0.0289956 0.0329594 0.1159428
accel: 0.04305855
brake: 0.0
steer: 0.001
linkid: A219BS010380
trafficlightid: null
turn_signal_lamp: 0.0