position: 108.887599 94.41399999999999 -0.3608888
orientation: 1.078888 0.9924989 61.83179
enu_velocity: -1.009609e-06 -7.990946e-09 -2.799431e-05
velocity: 1.333774e-09 3.5892e-07 -2.801021e-05
angularVelocity: 2.600758e-07 -1.898611e-07 -7.964367e-07
acceleration: 3.066514e-05 -4.280763e-06 -0.0002509947
accel: 0.0
brake: 1.0
steer: 0.0062
linkid: A219BS010395
trafficlightid: C119BS010046
turn_signal_lamp: 1.0