position: 108.887599 94.41399999999999 -0.360889
orientation: 1.078888 0.9924995 61.83179
enu_velocity: -1.189534e-07 1.677748e-06 -4.187307e-05
velocity: 2.147983e-06 1.088557e-07 -4.185161e-05
angularVelocity: 4.348416e-07 1.381823e-06 -7.939884e-07
acceleration: 5.81683e-05 1.408637e-05 -0.000138822
accel: 0.0
brake: 1.0
steer: 0.0062
linkid: A219BS010395
trafficlightid: C119BS010046
turn_signal_lamp: 1.0