position: 108.887599 94.41399999999999 -0.3608904
orientation: 1.078888 0.9925232 61.83179
enu_velocity: -6.921323e-07 7.192935e-06 -8.430129e-05
velocity: 7.473673e-06 2.419832e-06 -8.424497e-05
angularVelocity: -1.685746e-06 5.140991e-06 -8.293775e-07
acceleration: 4.917194e-05 0.0001472479 0.0002523601
accel: 0.0
brake: 1.0
steer: 0.0062
linkid: A219BS010395
trafficlightid: C119BS010046
turn_signal_lamp: 1.0