position: 14.434921 25.750999999999976 -0.2612641
orientation: 1.904877 0.9251297 61.18306
enu_velocity: 19.33027 35.0204 0.03015649
velocity: 39.99537 -0.03371239 0.6774987
angularVelocity: -0.009422526 -0.003147926 0.002043984
acceleration: 0.09282133 0.0344748 0.1508658
accel: 0.03381297
brake: 0.0
steer: 0.001
linkid: A219BS010380
trafficlightid: null
turn_signal_lamp: 0.0