position: 108.887599 94.41399999999999 -0.3608915
orientation: 1.078888 0.9925395 61.83179
enu_velocity: 5.839929e-07 4.881979e-06 -8.49095e-05
velocity: 6.049599e-06 1.924015e-07 -8.483609e-05
angularVelocity: 4.539143e-07 3.89623e-06 -7.908701e-07
acceleration: -8.518566e-05 -7.597645e-05 -5.217472e-05
accel: 0.0
brake: 1.0
steer: 0.0062
linkid: A219BS010395
trafficlightid: C119BS010046
turn_signal_lamp: 1.0