position: 108.887599 94.41399999999999 -0.3608924
orientation: 1.078888 0.9925677 61.83179
enu_velocity: 6.261555e-07 6.074173e-06 -3.814857e-05
velocity: 6.310355e-06 1.598622e-06 -3.808182e-05
angularVelocity: -7.018546e-07 4.756837e-06 -8.203066e-07
acceleration: 1.372935e-05 -2.756416e-05 0.0001564258
accel: 0.0
brake: 1.0
steer: 0.0062
linkid: A219BS010395
trafficlightid: C119BS010046
turn_signal_lamp: 1.0