position: 14.542355 25.944999999999936 -0.2611387
orientation: 1.891632 0.9217734 61.18501
enu_velocity: 19.32971 35.02566 0.04147597
velocity: 39.99957 -0.03191376 0.6864761
angularVelocity: -0.01225439 -0.002771407 0.001733044
acceleration: 0.04863057 0.04889776 0.1550551
accel: 0.03151986
brake: 0.0
steer: 0.0009
linkid: A219BS010380
trafficlightid: null
turn_signal_lamp: 0.0