position: 108.887599 94.41399999999999 -0.3608926
orientation: 1.078888 0.9925767 61.83179
enu_velocity: -2.634127e-06 3.17525e-06 4.191643e-06
velocity: 1.482876e-06 3.899814e-06 4.145269e-06
angularVelocity: -2.785921e-06 1.437415e-06 -8.548345e-07
acceleration: 6.446824e-05 0.0001523477 0.0002108413
accel: 0.0
brake: 1.0
steer: 0.0062
linkid: A219BS010395
trafficlightid: C119BS010046
turn_signal_lamp: 1.0