position: 108.887599 94.41399999999999 -0.3608924
orientation: 1.078888 0.9925764 61.83179
enu_velocity: -1.732457e-06 5.82299e-07 3.087377e-05
velocity: -8.392683e-07 2.382978e-06 3.082446e-05
angularVelocity: -1.326114e-06 -1.479235e-07 -8.312702e-07
acceleration: -1.00427e-05 1.060417e-05 0.00015707
accel: 0.0
brake: 1.0
steer: 0.0062
linkid: A219BS010395
trafficlightid: C119BS010046
turn_signal_lamp: 1.0