position: 108.887599 94.41399999999999 -0.3608922
orientation: 1.078888 0.9925752 61.83179
enu_velocity: -8.078254e-07 -1.599179e-06 3.178127e-05
velocity: -2.341399e-06 5.549888e-07 3.174065e-05
angularVelocity: 1.863735e-07 -1.353681e-06 -8.024563e-07
acceleration: -1.609322e-05 -1.548907e-06 0.0001034019
accel: 0.0
brake: 1.0
steer: 0.0062
linkid: A219BS010395
trafficlightid: C119BS010046
turn_signal_lamp: 1.0