position: 108.887599 94.41399999999999 -0.3608919
orientation: 1.078888 0.9925725 61.83179
enu_velocity: 2.86389e-06 -2.337274e-08 3.501327e-05
velocity: 7.246017e-07 -1.875684e-06 3.507261e-05
angularVelocity: 2.263298e-06 1.240394e-06 -7.749683e-07
acceleration: 0.0001295994 -5.836325e-05 0.0001451894
accel: 0.0
brake: 1.0
steer: 0.0062
linkid: A219BS010395
trafficlightid: C119BS010046
turn_signal_lamp: 1.0