position: 108.887599 94.41399999999999 -0.3608916
orientation: 1.078888 0.9925681 61.83179
enu_velocity: -6.873697e-07 -4.245901e-06 3.8062e-05
velocity: -4.726248e-06 -6.828755e-07 3.800543e-05
angularVelocity: 1.496094e-06 -3.272699e-06 -7.782441e-07
acceleration: -0.0001312195 -0.0002177034 -0.0003323802
accel: 0.0
brake: 1.0
steer: 0.0062
linkid: A219BS010395
trafficlightid: C119BS010046
turn_signal_lamp: 1.0