position: 108.887599 94.41399999999999 -0.3608908
orientation: 1.078888 0.9925504 61.83179
enu_velocity: -2.448952e-07 -3.866392e-06 1.807779e-05
velocity: -3.836706e-06 -1.26981e-06 1.804114e-05
angularVelocity: 1.788624e-06 -2.754359e-06 -7.713574e-07
acceleration: -4.747539e-05 -9.592225e-05 -0.0001879946
accel: 0.0
brake: 1.0
steer: 0.0062
linkid: A219BS010395
trafficlightid: C119BS010046
turn_signal_lamp: 1.0