position: 108.887599 94.41399999999999 -0.3608908
orientation: 1.078888 0.9925438 61.83179
enu_velocity: -2.88914e-06 2.122883e-06 4.059614e-06
velocity: 4.372098e-07 3.625063e-06 4.00025e-06
angularVelocity: -2.367617e-06 5.875784e-07 -8.475121e-07
acceleration: 6.120437e-05 1.19588e-05 -0.0002059506
accel: 0.0
brake: 1.0
steer: 0.0062
linkid: A219BS010395
trafficlightid: C119BS010046
turn_signal_lamp: 1.0