position: 14.757200000000001 26.335000000000036 -0.2608083
orientation: 1.866638 0.914026 61.18849
enu_velocity: 19.329 35.03452 0.0508361
velocity: 40.00691 -0.02961731 0.6904484
angularVelocity: -0.009484496 -0.003825418 0.001589147
acceleration: 0.04680864 0.01952672 0.04014051
accel: 0.02908161
brake: 0.0
steer: 0.0007
linkid: A219BS010380
trafficlightid: null
turn_signal_lamp: 0.0