position: 108.887599 94.41399999999999 -0.3608907
orientation: 1.078888 0.9925441 61.83179
enu_velocity: -1.843353e-06 8.721109e-07 -3.826453e-06
velocity: -3.505579e-08 1.964295e-06 -3.865306e-06
angularVelocity: -9.527014e-07 5.317577e-08 -8.199613e-07
acceleration: -2.359121e-05 -4.22475e-05 -0.0001611893
accel: 0.0
brake: 1.0
steer: 0.0062
linkid: A219BS010395
trafficlightid: C119BS010046
turn_signal_lamp: 1.0