position: 108.887599 94.41399999999999 -0.3608908
orientation: 1.078888 0.9925439 61.83179
enu_velocity: -1.462757e-06 2.219207e-06 -5.800983e-06
velocity: 1.366161e-06 2.227906e-06 -5.821167e-06
angularVelocity: -1.385591e-06 1.227662e-06 -8.29136e-07
acceleration: 8.518811e-05 0.0001154659 0.0001809065
accel: 0.0
brake: 1.0
steer: 0.0062
linkid: A219BS010395
trafficlightid: C119BS010046
turn_signal_lamp: 1.0