position: 108.887599 94.41399999999999 -0.360891
orientation: 1.078888 0.9925438 61.83179
enu_velocity: -5.917918e-07 1.141497e-06 -1.124134e-05
velocity: 9.215589e-07 8.489765e-07 -1.124504e-05
angularVelocity: -2.10015e-07 7.805075e-07 -8.072519e-07
acceleration: 5.614014e-05 7.455293e-05 0.0001356927
accel: 0.0
brake: 1.0
steer: 0.0062
linkid: A219BS010395
trafficlightid: C119BS010046
turn_signal_lamp: 1.0