position: 108.887599 94.41399999999999 -0.3608911
orientation: 1.078888 0.9925454 61.83179
enu_velocity: -4.345297e-07 1.524192e-06 -1.552312e-05
velocity: 1.407276e-06 8.105119e-07 -1.551908e-05
angularVelocity: -7.988183e-08 1.083218e-06 -8.052535e-07
acceleration: 2.830988e-06 -1.450868e-06 -2.974043e-05
accel: 0.0
brake: 1.0
steer: 0.0062
linkid: A219BS010395
trafficlightid: C119BS010046
turn_signal_lamp: 1.0