position: 108.887599 94.41399999999999 -0.3608912
orientation: 1.078888 0.9925475 61.83179
enu_velocity: 2.489533e-07 2.735001e-06 -1.083436e-05
velocity: 2.715901e-06 8.682846e-07 -1.080719e-05
angularVelocity: -1.112368e-07 2.216123e-06 -8.093076e-07
acceleration: 3.354294e-05 -6.06613e-06 0.0001606366
accel: 0.0
brake: 1.0
steer: 0.0062
linkid: A219BS010395
trafficlightid: C119BS010046
turn_signal_lamp: 1.0