position: 108.887599 94.41399999999999 -0.3608912
orientation: 1.078888 0.9925534 61.83179
enu_velocity: 2.37428e-07 1.933022e-06 -1.070223e-05
velocity: 2.001283e-06 5.02182e-07 -1.068052e-05
angularVelocity: 2.613306e-07 1.607821e-06 -8.013599e-07
acceleration: -2.035908e-05 -5.834592e-05 0.0001002949
accel: 0.0
brake: 1.0
steer: 0.0062
linkid: A219BS010395
trafficlightid: C119BS010046
turn_signal_lamp: 1.0