position: 108.887599 94.41399999999999 -0.3608914
orientation: 1.078888 0.9925548 61.83179
enu_velocity: 2.148169e-06 -9.368893e-07 -1.180531e-05
velocity: 3.926084e-07 -2.557797e-06 -1.17542e-05
angularVelocity: 2.890943e-06 2.906346e-07 -7.54242e-07
acceleration: -2.147505e-05 -0.0001570233 -4.682949e-05
accel: 0.0
brake: 1.0
steer: 0.0062
linkid: A219BS010395
trafficlightid: C119BS010046
turn_signal_lamp: 1.0