position: 108.887599 94.41399999999999 -0.3608915
orientation: 1.078888 0.9925552 61.83179
enu_velocity: 1.772283e-07 -1.164953e-06 -1.383472e-05
velocity: -7.035266e-07 -9.668081e-07 -1.383323e-05
angularVelocity: 1.490415e-06 -6.337818e-07 -7.753961e-07
acceleration: -5.249679e-05 -9.348168e-05 -0.0001482494
accel: 0.0
brake: 1.0
steer: 0.0062
linkid: A219BS010395
trafficlightid: C119BS010046
turn_signal_lamp: 1.0