position: 108.887599 94.41399999999999 -0.3608916
orientation: 1.078888 0.9925556 61.83179
enu_velocity: 1.120658e-06 -1.337164e-06 -1.18124e-05
velocity: -4.450598e-07 -1.841467e-06 -1.17893e-05
angularVelocity: 2.251082e-06 -3.931322e-07 -7.636393e-07
acceleration: -3.864842e-05 -0.0001195454 -0.0001070156
accel: 0.0
brake: 1.0
steer: 0.0062
linkid: A219BS010395
trafficlightid: C119BS010046
turn_signal_lamp: 1.0