position: 108.887599 94.41399999999999 -0.3608916
orientation: 1.078888 0.9925557 61.83179
enu_velocity: 6.749662e-08 1.366264e-06 -4.52108e-06
velocity: 1.314444e-06 5.00642e-07 -4.509212e-06
angularVelocity: 3.708999e-08 1.183463e-06 -8.049326e-07
acceleration: 6.151447e-05 0.0001087627 0.0001339746
accel: 0.0
brake: 1.0
steer: 0.0062
linkid: A219BS010395
trafficlightid: C119BS010046
turn_signal_lamp: 1.0