position: 108.887599 94.41399999999999 -0.3608916
orientation: 1.078888 0.992556 61.83179
enu_velocity: -1.380329e-06 8.607909e-07 -3.370472e-06
velocity: 1.656119e-07 1.55949e-06 -3.398075e-06
angularVelocity: -6.925621e-07 2.190758e-07 -8.157251e-07
acceleration: -2.74438e-05 6.975995e-06 2.60542e-05
accel: 0.0
brake: 1.0
steer: 0.0062
linkid: A219BS010395
trafficlightid: C119BS010046
turn_signal_lamp: 1.0