position: 14.972032 26.72400000000016 -0.2603721
orientation: 1.840881 0.9060641 61.19121
enu_velocity: 19.32903 35.03898 0.06376319
velocity: 40.01073 -0.02946091 0.697852
angularVelocity: -0.01261014 -0.002944455 0.001148639
acceleration: 0.02244746 0.03235688 0.1043836
accel: 0.02786969
brake: 0.0
steer: 0.0006
linkid: A219BS010380
trafficlightid: null
turn_signal_lamp: 0.0