position: 108.887599 94.41399999999999 -0.3608916
orientation: 1.078888 0.9925547 61.83179
enu_velocity: -2.706541e-06 2.698665e-06 1.645009e-06
velocity: 1.072734e-06 3.69061e-06 1.594632e-06
angularVelocity: -2.675833e-06 1.094543e-06 -8.515126e-07
acceleration: 9.432525e-05 0.000191025 0.0003281746
accel: 0.0
brake: 1.0
steer: 0.0062
linkid: A219BS010395
trafficlightid: C119BS010046
turn_signal_lamp: 1.0