position: 108.887599 94.41399999999999 -0.3608916
orientation: 1.078888 0.9925551 61.83179
enu_velocity: 3.531818e-06 -5.716498e-06 -5.909142e-06
velocity: -3.269364e-06 -5.923388e-06 -5.856176e-06
angularVelocity: 5.792229e-06 -2.651395e-06 -6.996121e-07
acceleration: -0.0001162053 -0.0002601579 -0.0003350479
accel: 0.0
brake: 1.0
steer: 0.0062
linkid: A219BS010395
trafficlightid: C119BS010046
turn_signal_lamp: 1.0