position: 108.887599 94.41399999999999 -0.3608916
orientation: 1.078888 0.9925553 61.83179
enu_velocity: -6.944225e-07 -1.664604e-06 -2.602112e-06
velocity: -1.749923e-06 -2.231604e-07 -2.629085e-06
angularVelocity: 8.916091e-07 -1.357988e-06 -7.861662e-07
acceleration: -8.960512e-05 -9.449353e-05 -0.0002797322
accel: 0.0
brake: 1.0
steer: 0.0062
linkid: A219BS010395
trafficlightid: C119BS010046
turn_signal_lamp: 1.0