position: 108.887599 94.41399999999999 -0.3608916
orientation: 1.078888 0.9925528 61.83179
enu_velocity: -1.506233e-06 -6.037295e-07 3.134479e-06
velocity: -1.297372e-06 1.101266e-06 3.092285e-06
angularVelocity: -4.606086e-07 -8.129624e-07 -8.10189e-07
acceleration: 7.431016e-05 0.0001203504 0.0002476743
accel: 0.0
brake: 1.0
steer: 0.0062
linkid: A219BS010395
trafficlightid: C119BS010046
turn_signal_lamp: 1.0