position: 108.887599 94.41399999999999 -0.3608916
orientation: 1.078918 0.9925521 61.83179
enu_velocity: 5.208123e-07 -1.598789e-06 5.553753e-06
velocity: -1.259612e-06 -1.109464e-06 5.554639e-06
angularVelocity: 1.578961e-06 -8.21655e-07 -7.76372e-07
acceleration: -2.552063e-05 -4.886192e-05 -6.440359e-05
accel: 0.0
brake: 1.0
steer: 0.0062
linkid: A219BS010395
trafficlightid: C119BS010046
turn_signal_lamp: 1.0