position: 108.887599 94.41399999999999 -0.3608915
orientation: 1.078888 0.9925506 61.83179
enu_velocity: -2.561601e-06 -6.33885e-07 -3.213285e-07
velocity: -1.762214e-06 1.952013e-06 -3.887311e-07
angularVelocity: -1.169712e-06 -1.320569e-06 -8.194672e-07
acceleration: -7.142589e-05 0.0001241994 8.200185e-05
accel: 0.0
brake: 1.0
steer: 0.0062
linkid: A219BS010395
trafficlightid: C119BS010046
turn_signal_lamp: 1.0