position: 108.887599 94.41399999999999 -0.3608916
orientation: 1.078888 0.9925489 61.83179
enu_velocity: -3.101923e-06 -6.212449e-07 -1.172773e-06
velocity: -1.99135e-06 2.418114e-06 -1.253203e-06
angularVelocity: -1.391593e-06 -1.472575e-06 -8.248382e-07
acceleration: -2.475253e-06 4.638357e-06 -1.203174e-05
accel: 0.0
brake: 1.0
steer: 0.0062
linkid: A219BS010395
trafficlightid: C119BS010046
turn_signal_lamp: 1.0