position: 108.887599 94.41399999999999 -0.3608915
orientation: 1.078888 0.9925498 61.83179
enu_velocity: -1.39018e-06 -3.235744e-07 -7.983614e-08
velocity: -9.39979e-07 1.070788e-06 -1.16316e-07
angularVelocity: -2.612567e-07 -6.676381e-07 -8.065382e-07
acceleration: -8.67665e-05 -1.123978e-05 3.56345e-05
accel: 0.0
brake: 1.0
steer: 0.0062
linkid: A219BS010395
trafficlightid: C119BS010046
turn_signal_lamp: 1.0