position: 108.887599 94.41399999999999 -0.3608915
orientation: 1.078888 0.992551 61.83179
enu_velocity: -2.763518e-06 3.297664e-06 1.600769e-06
velocity: 1.574586e-06 4.022875e-06 1.552817e-06
angularVelocity: -2.663721e-06 1.449002e-06 -8.537054e-07
acceleration: 2.070397e-05 -1.657635e-05 -0.0001152107
accel: 0.0
brake: 1.0
steer: 0.0062
linkid: A219BS010395
trafficlightid: C119BS010046
turn_signal_lamp: 1.0