position: 108.887599 94.41399999999999 -0.3608915
orientation: 1.078888 0.9925497 61.83179
enu_velocity: 1.103578e-07 -4.4232e-07 -5.159548e-06
velocity: -2.48412e-07 -4.032817e-07 -5.157947e-06
angularVelocity: 8.99105e-07 -1.340763e-07 -7.87411e-07
acceleration: -1.551025e-05 1.729763e-05 -7.891149e-05
accel: 0.0
brake: 1.0
steer: 0.0062
linkid: A219BS010395
trafficlightid: C119BS010046
turn_signal_lamp: 1.0