position: 108.887599 94.41399999999999 -0.3608916
orientation: 1.078888 0.9925517 61.83179
enu_velocity: -3.470822e-06 2.862392e-06 4.002527e-06
velocity: 8.154766e-07 4.485843e-06 3.933489e-06
angularVelocity: -3.069394e-06 8.575464e-07 -8.590946e-07
acceleration: 3.277091e-07 6.73556e-06 2.098123e-05
accel: 0.0
brake: 1.0
steer: 0.0062
linkid: A219BS010395
trafficlightid: C119BS010046
turn_signal_lamp: 1.0