position: 108.887599 94.41399999999999 -0.3608916
orientation: 1.078888 0.9925495 61.83179
enu_velocity: -3.285106e-06 3.929523e-06 1.012814e-05
velocity: 1.737628e-06 4.941472e-06 1.00685e-05
angularVelocity: -3.591877e-06 1.702899e-06 -8.698391e-07
acceleration: 4.011994e-05 0.0001199095 0.0001330145
accel: 0.0
brake: 1.0
steer: 0.0062
linkid: A219BS010395
trafficlightid: C119BS010046
turn_signal_lamp: 1.0