position: 108.887599 94.41399999999999 -0.3608915
orientation: 1.078888 0.9925492 61.83179
enu_velocity: -2.54333e-06 2.248914e-06 8.49935e-06
velocity: 6.346099e-07 3.46342e-06 8.447904e-06
angularVelocity: -2.448113e-06 8.195057e-07 -8.483403e-07
acceleration: 8.654781e-05 0.0001737348 4.698344e-05
accel: 0.0
brake: 1.0
steer: 0.0062
linkid: A219BS010395
trafficlightid: C119BS010046
turn_signal_lamp: 1.0