position: 108.887599 94.41399999999999 -0.3608914
orientation: 1.078888 0.9925521 61.83179
enu_velocity: -1.802158e-06 4.201075e-07 8.174792e-06
velocity: -6.21913e-07 1.940465e-06 8.130149e-06
angularVelocity: -1.148354e-06 -2.821633e-07 -8.227136e-07
acceleration: -5.171062e-05 0.0001231803 0.000270704
accel: 0.0
brake: 1.0
steer: 0.0062
linkid: A219BS010395
trafficlightid: C119BS010046
turn_signal_lamp: 1.0