position: 108.887599 94.41399999999999 -0.3608913
orientation: 1.078888 0.992556 61.83179
enu_velocity: -3.324138e-06 2.11154e-06 4.228505e-06
velocity: 2.189695e-07 4.006229e-06 4.158236e-06
angularVelocity: -2.854841e-06 4.004391e-07 -8.535229e-07
acceleration: 3.260502e-05 0.00012712 0.0001224131
accel: 0.0
brake: 1.0
steer: 0.0062
linkid: A219BS010395
trafficlightid: C119BS010046
turn_signal_lamp: 1.0