position: 108.887599 94.41399999999999 -0.3608913
orientation: 1.078888 0.9925556 61.83179
enu_velocity: 1.470178e-06 -1.222416e-06 -3.191556e-06
velocity: -3.282819e-07 -1.932993e-06 -3.161886e-06
angularVelocity: 2.260834e-06 -1.522261e-07 -7.653506e-07
acceleration: 2.44757e-05 -5.67879e-05 -9.148104e-05
accel: 0.0
brake: 1.0
steer: 0.0062
linkid: A219BS010395
trafficlightid: C119BS010046
turn_signal_lamp: 1.0