position: 108.887599 94.41399999999999 -0.3608913
orientation: 1.078888 0.9925553 61.83179
enu_velocity: -3.692302e-07 -1.176169e-06 6.560337e-07
velocity: -1.222352e-06 -2.177275e-07 6.391678e-07
angularVelocity: 9.327295e-07 -8.561411e-07 -7.875028e-07
acceleration: -3.340731e-05 -0.0001190641 -9.098141e-05
accel: 0.0
brake: 1.0
steer: 0.0062
linkid: A219BS010395
trafficlightid: C119BS010046
turn_signal_lamp: 1.0