position: 108.887599 94.41399999999999 -0.3608913
orientation: 1.078888 0.9925553 61.83179
enu_velocity: -5.228041e-07 -1.358125e-06 6.096187e-08
velocity: -1.444911e-06 -1.795243e-07 3.932507e-08
angularVelocity: 7.994661e-07 -1.069543e-06 -7.882095e-07
acceleration: -7.683519e-05 -4.277851e-05 -7.342189e-05
accel: 0.0
brake: 1.0
steer: 0.0062
linkid: A219BS010395
trafficlightid: C119BS010046
turn_signal_lamp: 1.0