position: 15.509081 27.697000000000116 -0.2586278
orientation: 1.781677 0.8989293 61.19662
enu_velocity: 19.33017 35.04751 0.07065195
velocity: 40.01872 -0.03078842 0.6998725
angularVelocity: -0.00972702 -0.0003654687 0.0008071269
acceleration: 0.01080444 0.01105175 0.009300335
accel: 0.02493379
brake: 0.0
steer: 0.0003
linkid: A219BS010380
trafficlightid: null
turn_signal_lamp: 0.0