position: 108.887599 94.41399999999999 -0.3608913
orientation: 1.078888 0.9925553 61.83179
enu_velocity: -6.48922e-07 -1.371999e-06 1.412371e-07
velocity: -1.518057e-06 -7.3423e-08 1.163609e-07
angularVelocity: 7.127078e-07 -1.12701e-06 -7.896422e-07
acceleration: -7.664063e-05 -4.273403e-05 -7.337932e-05
accel: 0.0
brake: 1.0
steer: 0.0062
linkid: A219BS010395
trafficlightid: C119BS010046
turn_signal_lamp: 1.0