position: 108.887599 94.41399999999999 -0.3608913
orientation: 1.078888 0.9925553 61.83179
enu_velocity: -6.842338e-07 -1.375183e-06 1.680543e-07
velocity: -1.537995e-06 -4.330332e-08 1.422742e-07
angularVelocity: 6.880617e-07 -1.142697e-06 -7.900505e-07
acceleration: -7.661038e-05 -4.277228e-05 -7.337779e-05
accel: 0.0
brake: 1.0
steer: 0.0062
linkid: A219BS010395
trafficlightid: C119BS010046
turn_signal_lamp: 1.0