position: 108.887599 94.41399999999999 -0.3608913
orientation: 1.078888 0.9925553 61.83179
enu_velocity: -7.168477e-07 -1.377811e-06 1.948622e-07
velocity: -1.556169e-06 -1.529833e-08 1.682486e-07
angularVelocity: 6.652949e-07 -1.156904e-06 -7.904104e-07
acceleration: -7.658471e-05 -4.280098e-05 -7.337672e-05
accel: 0.0
brake: 1.0
steer: 0.0062
linkid: A219BS010395
trafficlightid: C119BS010046
turn_signal_lamp: 1.0