position: 108.887599 94.41399999999999 -0.3608913
orientation: 1.078888 0.9925553 61.83179
enu_velocity: -7.743822e-07 -1.38216e-06 2.484767e-07
velocity: -1.588088e-06 3.435952e-08 2.203924e-07
angularVelocity: 6.248029e-07 -1.181763e-06 -7.910733e-07
acceleration: -7.654769e-05 -4.28593e-05 -7.337505e-05
accel: 0.0
brake: 1.0
steer: 0.0062
linkid: A219BS010395
trafficlightid: C119BS010046
turn_signal_lamp: 1.0