position: 108.887599 94.41399999999999 -0.3608913
orientation: 1.078888 0.9925553 61.83179
enu_velocity: -8.231401e-07 -1.385212e-06 3.020924e-07
velocity: -1.61472e-06 7.689556e-08 2.72763e-07
angularVelocity: 5.901698e-07 -1.202422e-06 -7.91641e-07
acceleration: -7.6513e-05 -4.290332e-05 -7.337365e-05
accel: 0.0
brake: 1.0
steer: 0.0062
linkid: A219BS010395
trafficlightid: C119BS010046
turn_signal_lamp: 1.0