position: 108.887599 94.41399999999999 -0.3608913
orientation: 1.078888 0.9925553 61.83179
enu_velocity: -8.444512e-07 -1.386393e-06 3.289012e-07
velocity: -1.626283e-06 9.562336e-08 2.990276e-07
angularVelocity: 5.749182e-07 -1.211349e-06 -7.918827e-07
acceleration: -7.649839e-05 -4.292389e-05 -7.33733e-05
accel: 0.0
brake: 1.0
steer: 0.0062
linkid: A219BS010395
trafficlightid: C119BS010046
turn_signal_lamp: 1.0