position: 108.887599 94.41399999999999 -0.3608913
orientation: 1.078888 0.9925552 61.83179
enu_velocity: -8.820107e-07 -1.388079e-06 3.825242e-07
velocity: -1.646426e-06 1.289362e-07 3.516918e-07
angularVelocity: 5.477915e-07 -1.226808e-06 -7.92331e-07
acceleration: -7.647135e-05 -4.296591e-05 -7.337186e-05
accel: 0.0
brake: 1.0
steer: 0.0062
linkid: A219BS010395
trafficlightid: C119BS010046
turn_signal_lamp: 1.0