position: 108.887599 94.41399999999999 -0.3608912
orientation: 1.078888 0.9925555 61.83179
enu_velocity: 6.018062e-08 -1.719869e-06 -3.139873e-07
velocity: -1.482106e-06 -8.711811e-07 -3.233657e-07
angularVelocity: 1.35255e-06 -1.121244e-06 -7.780376e-07
acceleration: -0.0001021393 -3.987639e-05 -7.292605e-05
accel: 0.0
brake: 1.0
steer: 0.0062
linkid: A219BS010395
trafficlightid: C119BS010046
turn_signal_lamp: 1.0