position: 108.887599 94.41399999999999 -0.3608912
orientation: 1.078888 0.9925556 61.83179
enu_velocity: 1.817998e-06 -1.677547e-06 -3.483342e-06
velocity: -5.602271e-07 -2.459947e-06 -3.447863e-06
angularVelocity: 2.736459e-06 -3.885636e-07 -7.566757e-07
acceleration: -4.675045e-05 -9.532957e-05 -0.0001635038
accel: 0.0
brake: 1.0
steer: 0.0062
linkid: A219BS010395
trafficlightid: C119BS010046
turn_signal_lamp: 1.0