position: 108.887599 94.41399999999999 -0.3608913
orientation: 1.078888 0.9925552 61.83179
enu_velocity: -5.715677e-07 -1.55409e-06 -6.095744e-07
velocity: -1.629042e-06 -2.417223e-07 -6.3345e-07
angularVelocity: 8.499136e-07 -1.22596e-06 -7.870171e-07
acceleration: -7.64627e-05 -4.28299e-05 -7.336786e-05
accel: 0.0
brake: 1.0
steer: 0.0062
linkid: A219BS010395
trafficlightid: C119BS010046
turn_signal_lamp: 1.0