position: 108.887599 94.41399999999999 -0.3608913
orientation: 1.078888 0.9925552 61.83179
enu_velocity: -7.043338e-07 -1.514589e-06 -4.754996e-07
velocity: -1.659212e-06 -1.035424e-07 -5.024564e-07
angularVelocity: 7.36155e-07 -1.248291e-06 -7.889316e-07
acceleration: -7.64343e-05 -4.271741e-05 -7.337139e-05
accel: 0.0
brake: 1.0
steer: 0.0062
linkid: A219BS010395
trafficlightid: C119BS010046
turn_signal_lamp: 1.0