position: 108.887599 94.41399999999999 -0.3608913
orientation: 1.078888 0.9925552 61.83179
enu_velocity: -7.250552e-07 -1.508077e-06 -4.486883e-07
velocity: -1.663716e-06 -8.170139e-08 -4.761257e-07
angularVelocity: 7.183932e-07 -1.251519e-06 -7.892295e-07
acceleration: -7.643007e-05 -4.274076e-05 -7.337073e-05
accel: 0.0
brake: 1.0
steer: 0.0062
linkid: A219BS010395
trafficlightid: C119BS010046
turn_signal_lamp: 1.0