position: 108.887599 94.41399999999999 -0.3608913
orientation: 1.078888 0.9925552 61.83179
enu_velocity: -7.777657e-07 -1.491264e-06 -3.682612e-07
velocity: -1.675169e-06 -2.579583e-08 -3.969236e-07
angularVelocity: 6.728918e-07 -1.259609e-06 -7.900185e-07
acceleration: -7.641415e-05 -4.28068e-05 -7.336927e-05
accel: 0.0
brake: 1.0
steer: 0.0062
linkid: A219BS010395
trafficlightid: C119BS010046
turn_signal_lamp: 1.0