position: 108.887599 94.41399999999999 -0.3608913
orientation: 1.078888 0.9925552 61.83179
enu_velocity: -7.926023e-07 -1.486435e-06 -3.414534e-07
velocity: -1.67838e-06 -9.935775e-09 -3.704613e-07
angularVelocity: 6.599902e-07 -1.26181e-06 -7.902516e-07
acceleration: -7.641107e-05 -4.282315e-05 -7.336884e-05
accel: 0.0
brake: 1.0
steer: 0.0062
linkid: A219BS010395
trafficlightid: C119BS010046
turn_signal_lamp: 1.0