position: 108.887599 94.41399999999999 -0.3608913
orientation: 1.078888 0.9925552 61.83179
enu_velocity: -8.305022e-07 -1.47396e-06 -2.610188e-07
velocity: -1.686666e-06 3.086944e-08 -2.909124e-07
angularVelocity: 6.268449e-07 -1.267406e-06 -7.908151e-07
acceleration: -7.640016e-05 -4.286953e-05 -7.33678e-05
accel: 0.0
brake: 1.0
steer: 0.0062
linkid: A219BS010395
trafficlightid: C119BS010046
turn_signal_lamp: 1.0