position: 108.887599 94.41399999999999 -0.3608913
orientation: 1.078888 0.9925552 61.83179
enu_velocity: -8.510432e-07 -1.467101e-06 -2.073951e-07
velocity: -1.691244e-06 5.322039e-08 -2.377714e-07
angularVelocity: 6.086552e-07 -1.270347e-06 -7.911187e-07
acceleration: -7.639702e-05 -4.289435e-05 -7.336725e-05
accel: 0.0
brake: 1.0
steer: 0.0062
linkid: A219BS010395
trafficlightid: C119BS010046
turn_signal_lamp: 1.0