position: 108.887599 94.41399999999999 -0.3608913
orientation: 1.078888 0.9925552 61.83179
enu_velocity: -8.761039e-07 -1.458597e-06 -1.2696e-07
velocity: -1.69697e-06 8.08356e-08 -1.579293e-07
angularVelocity: 5.862828e-07 -1.273916e-06 -7.915119e-07
acceleration: -7.639104e-05 -4.292521e-05 -7.336665e-05
accel: 0.0
brake: 1.0
steer: 0.0062
linkid: A219BS010395
trafficlightid: C119BS010046
turn_signal_lamp: 1.0