position: 108.887599 94.41399999999999 -0.3608913
orientation: 1.078888 0.9925552 61.83179
enu_velocity: -8.89519e-07 -1.45396e-06 -7.333088e-08
velocity: -1.700144e-06 9.585722e-08 -1.046205e-07
angularVelocity: 5.740873e-07 -1.275748e-06 -7.917324e-07
acceleration: -7.638751e-05 -4.294115e-05 -7.336616e-05
accel: 0.0
brake: 1.0
steer: 0.0062
linkid: A219BS010395
trafficlightid: C119BS010046
turn_signal_lamp: 1.0