position: 15.938496 28.475000000000136 -0.2571019
orientation: 1.745239 0.902741 61.19878
enu_velocity: 19.32459 35.03009 0.05998627
velocity: 40.00089 -0.03648949 0.6917239
angularVelocity: -0.008501121 0.0005821793 -9.494918e-05
acceleration: 0.04991986 -0.01120996 -0.001615467
accel: 0.03099679
brake: 0.0
steer: -0.0001
linkid: A219BS010380
trafficlightid: null
turn_signal_lamp: 0.0