position: 108.887599 94.41399999999999 -0.3608913
orientation: 1.078888 0.9925552 61.83179
enu_velocity: -8.997727e-07 -1.459718e-06 6.940419e-09
velocity: -1.711449e-06 1.036855e-07 -2.466622e-08
angularVelocity: 5.682523e-07 -1.283925e-06 -7.918323e-07
acceleration: -7.6584e-05 -4.326829e-05 -7.336814e-05
accel: 0.0
brake: 1.0
steer: 0.0062
linkid: A219BS010395
trafficlightid: C119BS010046
turn_signal_lamp: 1.0