position: 108.887599 94.41399999999999 -0.3608913
orientation: 1.078888 0.9925552 61.83179
enu_velocity: -3.598281e-07 -1.757615e-06 2.889516e-08
velocity: -1.719557e-06 -5.12417e-07 8.75797e-09
angularVelocity: 1.08409e-06 -1.29146e-06 -7.828611e-07
acceleration: -7.654334e-05 -5.157636e-05 -7.320362e-05
accel: 0.0
brake: 1.0
steer: 0.0062
linkid: A219BS010395
trafficlightid: C119BS010046
turn_signal_lamp: 1.0