position: 108.887599 94.41399999999999 -0.3608913
orientation: 1.078888 0.9925552 61.83179
enu_velocity: 1.956409e-06 -1.848367e-06 -3.241896e-06
velocity: -6.496473e-07 -2.658049e-06 -3.204156e-06
angularVelocity: 2.896891e-06 -4.578243e-07 -7.538069e-07
acceleration: -4.664432e-05 -9.486392e-05 -0.000163513
accel: 0.0
brake: 1.0
steer: 0.0062
linkid: A219BS010395
trafficlightid: C119BS010046
turn_signal_lamp: 1.0