position: 108.887599 94.41399999999999 -0.3608912
orientation: 1.078888 0.992556 61.83179
enu_velocity: -1.437303e-06 2.465984e-06 4.545594e-07
velocity: 1.487332e-06 2.439788e-06 4.345336e-07
angularVelocity: -1.397905e-06 1.372091e-06 -8.317058e-07
acceleration: 3.863684e-05 -6.298806e-07 -0.0001381566
accel: 0.0
brake: 1.0
steer: 0.0062
linkid: A219BS010395
trafficlightid: C119BS010046
turn_signal_lamp: 1.0