position: 108.887599 94.41399999999999 -0.3608912
orientation: 1.078888 0.9925562 61.83179
enu_velocity: -1.647204e-06 1.60023e-06 -2.713749e-07
velocity: 6.37732e-07 2.202232e-06 -3.018866e-07
angularVelocity: -1.366624e-06 6.7576e-07 -8.280214e-07
acceleration: 3.070937e-05 0.0001237495 8.645588e-05
accel: 0.0
brake: 1.0
steer: 0.0062
linkid: A219BS010395
trafficlightid: C119BS010046
turn_signal_lamp: 1.0