position: 108.887599 94.41399999999999 -0.3608912
orientation: 1.078888 0.9925555 61.83179
enu_velocity: 4.906416e-07 -6.837199e-07 -6.936426e-06
velocity: -2.509188e-07 -8.858658e-07 -6.926362e-06
angularVelocity: 1.36986e-06 -1.374813e-07 -7.798226e-07
acceleration: 2.015566e-05 -3.869568e-05 -0.0001202015
accel: 0.0
brake: 1.0
steer: 0.0062
linkid: A219BS010395
trafficlightid: C119BS010046
turn_signal_lamp: 1.0