position: 108.887599 94.41399999999999 -0.3608913
orientation: 1.078888 0.9925559 61.83179
enu_velocity: 1.170852e-06 -1.259789e-06 -5.388129e-06
velocity: -4.644523e-07 -1.728214e-06 -5.365395e-06
angularVelocity: 2.252924e-06 -3.185427e-07 -7.657108e-07
acceleration: -2.246547e-05 -0.0001831111 -0.0001635335
accel: 0.0
brake: 1.0
steer: 0.0062
linkid: A219BS010395
trafficlightid: C119BS010046
turn_signal_lamp: 1.0