position: 108.887599 94.41399999999999 -0.3608913
orientation: 1.078888 0.9925548 61.83179
enu_velocity: -1.824961e-07 -1.468687e-06 -1.45385e-06
velocity: -1.355501e-06 -5.601553e-07 -1.467265e-06
angularVelocity: 1.148721e-06 -1.009741e-06 -7.821847e-07
acceleration: -6.503379e-05 -6.871434e-05 -3.456986e-05
accel: 0.0
brake: 1.0
steer: 0.0062
linkid: A219BS010395
trafficlightid: C119BS010046
turn_signal_lamp: 1.0