position: 16.045857 28.670000000000073 -0.2567558
orientation: 1.735962 0.9033313 61.19855
enu_velocity: 19.32635 35.03252 0.05902758
velocity: 40.00387 -0.03682899 0.6912251
angularVelocity: -0.007700949 0.000433224 -0.0002011737
acceleration: 0.04449952 0.0007844474 -0.0239445
accel: 0.03054349
brake: 0.0
steer: -0.0001
linkid: A219BS010380
trafficlightid: null
turn_signal_lamp: 0.0