position: 108.887599 94.41399999999999 -0.3608913
orientation: 1.078888 0.9925552 61.83179
enu_velocity: -5.832767e-07 -1.401676e-06 -1.805155e-07
velocity: -1.507658e-06 -1.513463e-07 -2.038493e-07
angularVelocity: 7.758103e-07 -1.122826e-06 -7.885184e-07
acceleration: -7.66466e-05 -4.266113e-05 -7.337578e-05
accel: 0.0
brake: 1.0
steer: 0.0062
linkid: A219BS010395
trafficlightid: C119BS010046
turn_signal_lamp: 1.0