position: 16.153228 28.864000000000033 -0.2564392
orientation: 1.728821 0.9033765 61.1982
enu_velocity: 19.32902 35.03432 0.05600262
velocity: 40.00678 -0.03822517 0.688311
angularVelocity: -0.005751912 -9.530666e-05 -0.0003445377
acceleration: 0.03911555 -0.02348384 -0.04122399
accel: 0.0292473
brake: 0.0
steer: -0.0003
linkid: A219BS010380
trafficlightid: null
turn_signal_lamp: 0.0