position: 108.887599 94.41399999999999 -0.3608913
orientation: 1.078888 0.9925552 61.83179
enu_velocity: -7.143457e-07 -1.417912e-06 -4.647833e-08
velocity: -1.586154e-06 -4.098519e-08 -7.320683e-08
angularVelocity: 6.859358e-07 -1.184075e-06 -7.899631e-07
acceleration: -7.654171e-05 -4.278395e-05 -7.337185e-05
accel: 0.0
brake: 1.0
steer: 0.0062
linkid: A219BS010395
trafficlightid: C119BS010046
turn_signal_lamp: 1.0