position: 108.887599 94.41399999999999 -0.3608913
orientation: 1.078888 0.9925552 61.83179
enu_velocity: -7.52738e-07 -1.421792e-06 7.145746e-09
velocity: -1.608624e-06 -7.974506e-09 -2.057622e-08
angularVelocity: 6.59017e-07 -1.20137e-06 -7.904096e-07
acceleration: -7.651373e-05 -4.282134e-05 -7.337052e-05
accel: 0.0
brake: 1.0
steer: 0.0062
linkid: A219BS010395
trafficlightid: C119BS010046
turn_signal_lamp: 1.0