position: 108.887599 94.41399999999999 -0.3608913
orientation: 1.078888 0.9925552 61.83179
enu_velocity: -7.697957e-07 -1.423277e-06 3.395262e-08
velocity: -1.618448e-06 6.861001e-09 5.789794e-09
angularVelocity: 6.469299e-07 -1.208924e-06 -7.90615e-07
acceleration: -7.650161e-05 -4.283632e-05 -7.337007e-05
accel: 0.0
brake: 1.0
steer: 0.0062
linkid: A219BS010395
trafficlightid: C119BS010046
turn_signal_lamp: 1.0