position: 108.887599 94.41399999999999 -0.3608913
orientation: 1.078888 0.9925552 61.83179
enu_velocity: -8.127862e-07 -1.426565e-06 1.143962e-07
velocity: -1.643031e-06 4.47082e-08 8.512094e-08
angularVelocity: 6.161437e-07 -1.227616e-06 -7.91124e-07
acceleration: -7.646911e-05 -4.288178e-05 -7.336871e-05
accel: 0.0
brake: 1.0
steer: 0.0062
linkid: A219BS010395
trafficlightid: C119BS010046
turn_signal_lamp: 1.0