position: 108.887599 94.41399999999999 -0.3608913
orientation: 1.078888 0.9925552 61.83179
enu_velocity: -8.783646e-07 -1.429858e-06 3.020834e-07
velocity: -1.680137e-06 1.044776e-07 2.71101e-07
angularVelocity: 5.67614e-07 -1.25497e-06 -7.919301e-07
acceleration: -7.642278e-05 -4.294805e-05 -7.336664e-05
accel: 0.0
brake: 1.0
steer: 0.0062
linkid: A219BS010395
trafficlightid: C119BS010046
turn_signal_lamp: 1.0