position: 108.887599 94.41399999999999 -0.3608913
orientation: 1.078888 0.9925552 61.83179
enu_velocity: 1.965392e-06 -1.833914e-06 -2.866472e-06
velocity: -6.39171e-07 -2.652072e-06 -2.828541e-06
angularVelocity: 2.892506e-06 -4.447166e-07 -7.53955e-07
acceleration: -4.666705e-05 -9.487197e-05 -0.0001635129
accel: 0.0
brake: 1.0
steer: 0.0062
linkid: A219BS010395
trafficlightid: C119BS010046
turn_signal_lamp: 1.0