position: 108.887599 94.41399999999999 -0.3608912
orientation: 1.078888 0.992556 61.83179
enu_velocity: -1.428685e-06 2.479111e-06 8.299711e-07
velocity: 1.496467e-06 2.445461e-06 8.101197e-07
angularVelocity: -1.40202e-06 1.384138e-06 -8.318366e-07
acceleration: 3.861907e-05 -6.34911e-07 -0.000138157
accel: 0.0
brake: 1.0
steer: 0.0062
linkid: A219BS010395
trafficlightid: C119BS010046
turn_signal_lamp: 1.0