position: 108.887599 94.41399999999999 -0.3608913
orientation: 1.078888 0.9925555 61.83179
enu_velocity: -3.112137e-06 2.45535e-06 1.924337e-06
velocity: 6.619921e-07 3.938393e-06 1.862268e-06
angularVelocity: -2.795128e-06 7.460937e-07 -8.535534e-07
acceleration: 6.196489e-05 0.0001259709 0.0001184931
accel: 0.0
brake: 1.0
steer: 0.0062
linkid: A219BS010395
trafficlightid: C119BS010046
turn_signal_lamp: 1.0