position: 108.887599 94.41399999999999 -0.3609354
orientation: 1.078918 0.9909087 61.8317
enu_velocity: 0.02045335 0.03832087 -6.863086e-05
velocity: 0.04343229 7.177144e-05 0.000681348
angularVelocity: 2.915645e-05 -0.002877466 -0.0001154804
acceleration: 1.206467 0.002049208 0.01908638
accel: 0.3755226
brake: 0.0
steer: 0.0062
linkid: A219BS010395
trafficlightid: C119BS010046
turn_signal_lamp: 1.0