position: 108.88999899999999 94.4190000000001 -0.3623371
orientation: 1.078735 0.9367467 61.83047
enu_velocity: 0.2540774 0.4764576 0.006113108
velocity: 0.5397967 0.001225024 0.0149196
angularVelocity: -0.0001132712 -0.02481832 2.756102e-05
acceleration: 2.882133 0.007184744 0.1002751
accel: 0.6106311
brake: 0.0
steer: 0.0062
linkid: A219BS010395
trafficlightid: C119BS010046
turn_signal_lamp: 1.0