position: 108.89179899999999 94.42200000000003 -0.3631878
orientation: 1.078552 0.9028362 61.82993
enu_velocity: 0.3618802 0.6786293 0.01084647
velocity: 0.7688197 0.001790792 0.02293381
angularVelocity: -0.0001663622 -0.03111012 0.0001056132
acceleration: 3.277103 0.007956743 0.1217227
accel: 0.6727452
brake: 0.0
steer: 0.0062
linkid: A219BS010395
trafficlightid: C119BS010046
turn_signal_lamp: 1.0