position: 108.911799 94.46000000000004 -0.368633
orientation: 1.074432 0.6690134 61.82356
enu_velocity: 1.054309 1.958333 0.04332943
velocity: 2.223441 -0.003368735 0.0693709
angularVelocity: -0.001201365 -0.04400502 -0.0009357654
acceleration: 4.5203 -0.02400482 0.1408872
accel: 0.8717393
brake: 0.0
steer: -0.0046
linkid: A219BS010395
trafficlightid: C119BS010046
turn_signal_lamp: 1.0