position: 108.91819899999999 94.47199999999998 -0.3696928
orientation: 1.072906 0.6193289 61.82147
enu_velocity: 1.213861 2.251545 0.0490086
velocity: 2.557224 -0.00533247 0.07676773
angularVelocity: -0.001346022 -0.04309855 -0.001046049
acceleration: 4.67129 -0.02961075 0.1267997
accel: 0.8959305
brake: 0.0
steer: -0.0045
linkid: A219BS010395
trafficlightid: C119BS010046
turn_signal_lamp: 1.0