position: 108.925599 94.4860000000001 -0.3706781
orientation: 1.071228 0.5714102 61.81927
enu_velocity: 1.37828 2.553105 0.05366749
velocity: 2.900686 -0.007641792 0.08275694
angularVelocity: -0.001489494 -0.04136683 -0.001160054
acceleration: 4.800289 -0.03442562 0.109013
accel: 0.9165829
brake: 0.0
steer: -0.0044
linkid: A219BS010395
trafficlightid: C119BS010046
turn_signal_lamp: 1.0