position: 108.933899 94.50099999999998 -0.3715749
orientation: 1.069397 0.5260378 61.817
enu_velocity: 1.546889 2.861728 0.05706148
velocity: 3.252371 -0.01030755 0.08713258
angularVelocity: -0.001579531 -0.03900004 -0.001272666
acceleration: 4.909936 -0.03969169 0.08795612
accel: 0.9342429
brake: 0.0
steer: -0.0044
linkid: A219BS010395
trafficlightid: C119BS010046
turn_signal_lamp: 1.0