position: 108.94319899999999 94.51800000000003 -0.3723755
orientation: 1.067505 0.4837992 61.81468
enu_velocity: 1.719023 3.17652 0.05894085
velocity: 3.611173 -0.01317084 0.08969697
angularVelocity: -0.00167843 -0.03615571 -0.00135459
acceleration: 5.005033 -0.04224539 0.06333417
accel: 0.9492919
brake: 0.0
steer: -0.0042
linkid: A219BS010395
trafficlightid: C119BS010046
turn_signal_lamp: 1.0