position: 108.96459899999999 94.55799999999999 -0.3736836
orientation: 1.064117 0.4102024 61.80984
enu_velocity: 2.069074 3.822298 0.05802515
velocity: 4.345818 -0.01634085 0.08945943
angularVelocity: -0.001191888 -0.02965534 -0.00157948
acceleration: 5.152688 -0.01289678 0.01390259
accel: 0.9731879
brake: 0.0
steer: -0.0038
linkid: A219BS010395
trafficlightid: C119BS010046
turn_signal_lamp: 1.0