position: 109.004099 94.63200000000006 -0.3750019
orientation: 1.061432 0.3283872 61.80257
enu_velocity: 2.606279 4.81987 0.0456332
velocity: 5.479014 -0.01810455 0.07738558
angularVelocity: -0.0005746819 -0.01980275 -0.00172719
acceleration: 5.302039 -0.008356571 -0.04906251
accel: 0.9976074
brake: 0.0
steer: -0.0032
linkid: A219BS010395
trafficlightid: C119BS010046
turn_signal_lamp: 1.0