position: 109.05269899999999 94.72199999999998 -0.3757973
orientation: 1.059418 0.2777058 61.79561
enu_velocity: 3.152092 5.836498 0.02360631
velocity: 6.633059 -0.01836419 0.05610561
angularVelocity: -0.0006788373 -0.0113919 -0.001764096
acceleration: 5.348522 -0.002603769 -0.08760145
accel: 1.0
brake: 0.0
steer: -0.0025
linkid: A219BS010395
trafficlightid: C119BS010046
turn_signal_lamp: 1.0