position: 16.690193 29.83699999999999 -0.2551787
orientation: 1.688812 0.901868 61.19382
enu_velocity: 19.33781 35.04174 0.03386594
velocity: 40.01789 -0.04046249 0.6653078
angularVelocity: -0.005341788 -0.0009101214 -0.0009066219
acceleration: 0.02774627 -0.02342408 -0.1134776
accel: 0.02499225
brake: 0.0
steer: -0.0004
linkid: A219BS010380
trafficlightid: null
turn_signal_lamp: 0.0