position: 109.153899 94.91000000000008 -0.3766308
orientation: 1.059113 0.2461995 61.78618
enu_velocity: 4.062153 7.53033 -0.01583501
velocity: 8.556073 -0.01907229 0.0212866
angularVelocity: 0.0008719415 -0.0008379225 -0.001379515
acceleration: 5.330056 -0.00335288 -0.05634406
accel: 1.0
brake: 0.0
steer: -0.0105
linkid: A219BS010395
trafficlightid: C119BS010046
turn_signal_lamp: 1.0