position: 109.20149900000001 94.99900000000002 -0.3768067
orientation: 1.057007 0.2489784 61.77678
enu_velocity: 4.444887 8.195754 -0.02620106
velocity: 9.323424 -0.04033256 0.01506041
angularVelocity: -0.001802438 0.002133936 -0.005843536
acceleration: 5.328345 -0.1055779 -0.03874203
accel: 1.0
brake: 0.0
steer: -0.01
linkid: A219BS010395
trafficlightid: C119BS010046
turn_signal_lamp: 1.0