position: 109.25309899999999 95.09400000000005 -0.3769407
orientation: 1.054291 0.2568015 61.76248
enu_velocity: 4.81343 8.868217 -0.0331667
velocity: 10.09026 -0.04457521 0.01288049
angularVelocity: -0.0005884392 0.003858848 -0.006267068
acceleration: 5.31953 -0.02232265 -0.01503125
accel: 1.0
brake: 0.0
steer: -0.0084
linkid: A219BS010395
trafficlightid: C119BS010046
turn_signal_lamp: 1.0