position: 109.28039899999999 95.14499999999998 -0.3769996
orientation: 1.054199 0.2618652 61.75562
enu_velocity: 4.994955 9.204311 -0.03540205
velocity: 10.47225 -0.04421759 0.01327618
angularVelocity: 9.239046e-05 0.004448968 -0.006012503
acceleration: 5.300311 -0.01092958 -0.004157903
accel: 1.0
brake: 0.0
steer: -0.0077
linkid: A219BS010395
trafficlightid: C119BS010046
turn_signal_lamp: 1.0