position: 109.338099 95.25199999999995 -0.3771009
orientation: 1.055481 0.2734633 61.7428
enu_velocity: 5.355082 9.872998 -0.03745556
velocity: 11.23176 -0.04244137 0.01693641
angularVelocity: 0.0007803012 0.00519406 -0.005483463
acceleration: 5.258584 -0.002370119 0.01981136
accel: 1.0
brake: 0.0
steer: -0.0065
linkid: A219BS010395
trafficlightid: C119BS010046
turn_signal_lamp: 1.0