position: 109.36849900000001 95.30899999999997 -0.3771424
orientation: 1.056488 0.2796896 61.73691
enu_velocity: 5.533548 10.20561 -0.03725548
velocity: 11.60922 -0.04091692 0.02017281
angularVelocity: 0.0008812509 0.005377225 -0.005171884
acceleration: 5.237179 0.003647327 0.03058277
accel: 1.0
brake: 0.0
steer: -0.0115
linkid: A219BS010395
trafficlightid: C119BS010046
turn_signal_lamp: 1.0