position: 109.432199 95.42700000000013 -0.3772058
orientation: 1.053894 0.2924008 61.72253
enu_velocity: 5.911933 10.85431 -0.03547341
velocity: 12.35975 -0.0637641 0.02878055
angularVelocity: -0.003895345 0.005364205 -0.009074042
acceleration: 5.225434 -0.372596 0.04830568
accel: 1.0
brake: 0.0
steer: -0.0142
linkid: A219BS010395
trafficlightid: C119BS010046
turn_signal_lamp: 1.0