position: 109.499999 95.55200000000013 -0.3772604
orientation: 1.042969 0.3041789 61.70052
enu_velocity: 6.282872 11.5049 -0.03148507
velocity: 13.10842 -0.07700109 0.03951487
angularVelocity: -0.004276404 0.0048572 -0.009638684
acceleration: 5.149285 -0.06555557 0.06195988
accel: 1.0
brake: 0.0
steer: -0.0125
linkid: A219BS010395
trafficlightid: C119BS010046
turn_signal_lamp: 1.0