position: 109.609299 95.75400000000013 -0.3773451
orientation: 1.034698 0.3174553 61.67085
enu_velocity: 6.826733 12.4978 -0.02183851
velocity: 14.24045 -0.07743883 0.05847107
angularVelocity: -0.001154145 0.003129741 -0.008077886
acceleration: 5.205665 -0.02606058 0.09239769
accel: 1.0
brake: 0.0
steer: -0.0132
linkid: A219BS010395
trafficlightid: C119BS010046
turn_signal_lamp: 1.0