position: 109.855099 96.20700000000011 -0.3769896
orientation: 1.015747 0.3369126 61.59785
enu_velocity: 7.933189 14.46518 0.008634293
velocity: 16.49715 -0.09592533 0.1073601
angularVelocity: -0.002844329 0.001709481 -0.0117293
acceleration: 5.264834 -0.05466747 0.09360822
accel: 1.0
brake: 0.0
steer: -0.0029
linkid: A219BS010395
trafficlightid: C119BS010046
turn_signal_lamp: 1.0