position: 109.945199 96.37200000000007 -0.3767458
orientation: 1.01239 0.3403075 61.575
enu_velocity: 8.281869 15.13818 0.01690312
velocity: 17.25497 -0.07539558 0.1207413
angularVelocity: 0.0009851349 0.001077033 -0.006868406
acceleration: 5.259415 0.3205326 0.08468527
accel: 0.0
brake: 0.1645538
steer: 0.0051
linkid: A219BS010395
trafficlightid: C119BS010046
turn_signal_lamp: 1.0