position: 109.990699 96.45600000000013 -0.3758529
orientation: 1.019623 0.3698369 61.57149
enu_velocity: 8.171359 15.00945 0.01914391
velocity: 17.08908 -0.03825283 0.130155
angularVelocity: 0.007210892 0.03463151 -0.002775684
acceleration: -3.196961 0.3706706 -0.02015342
accel: 0.0
brake: 0.09987659
steer: 0.0056
linkid: A219BS010395
trafficlightid: C119BS010046
turn_signal_lamp: 1.0