position: 110.03559899999999 96.53899999999999 -0.374054
orientation: 1.027802 0.4340314 61.57278
enu_velocity: 8.052828 14.83557 0.01415005
velocity: 16.87963 -0.01693487 0.1423474
angularVelocity: 0.008005671 0.06124413 0.001580536
acceleration: -2.228467 0.4844168 -0.114923
accel: 0.0
brake: 0.0103559
steer: 0.0059
linkid: A219BS010395
trafficlightid: C119BS010046
turn_signal_lamp: 1.0