position: 17.012294 30.42100000000005 -0.2546349
orientation: 1.667175 0.9047956 61.19014
enu_velocity: 19.32811 35.01717 0.02502446
velocity: 39.9918 -0.04167747 0.6581083
angularVelocity: -0.006078233 0.001397974 -0.001165857
acceleration: 0.08019001 -0.004303724 -0.03652284
accel: 0.03740782
brake: 0.0
steer: -0.0004
linkid: A219BS010380
trafficlightid: null
turn_signal_lamp: 0.0