position: 110.30339900000001 97.03200000000015 -0.3634383
orientation: 1.048065 0.8582075 61.63704
enu_velocity: 7.979025 14.88864 -0.04838092
velocity: 16.89066 0.0554738 0.2036494
angularVelocity: -0.003124122 0.04450924 0.01174586
acceleration: 0.4300172 0.1067432 -0.1004728
accel: 0.09905475
brake: 0.0
steer: 0.0112
linkid: A219BS010395
trafficlightid: C119BS010046
turn_signal_lamp: 1.0