position: 110.392899 97.19800000000009 -0.3619674
orientation: 1.034393 0.936174 61.66467
enu_velocity: 8.001257 14.95568 -0.05720709
velocity: 16.96008 0.0598073 0.2188821
angularVelocity: -0.007693115 0.0282009 0.01125526
acceleration: 0.5133802 0.07626778 -0.02926405
accel: 0.1119996
brake: 0.0
steer: 0.0158
linkid: A219BS010395
trafficlightid: C119BS010046
turn_signal_lamp: 1.0