position: 110.43769900000001 97.28099999999995 -0.3616065
orientation: 1.02771 0.9617276 61.68248
enu_velocity: 7.99538 15.00236 -0.05760109
velocity: 16.99831 0.08196306 0.2263058
angularVelocity: -0.006093101 0.02075363 0.01566272
acceleration: 0.5408323 0.2534883 0.006877583
accel: 0.1169817
brake: 0.0
steer: 0.0155
linkid: A219BS010395
trafficlightid: C119BS010046
turn_signal_lamp: 1.0