position: 110.482599 97.36400000000003 -0.3614498
orientation: 1.02002 0.9793509 61.70108
enu_velocity: 8.006238 15.04255 -0.05576237
velocity: 17.03875 0.08603859 0.2340049
angularVelocity: -0.007308844 0.01404059 0.0159748
acceleration: 0.5684915 0.1160795 0.04134911
accel: 0.1210194
brake: 0.0
steer: 0.0151
linkid: A219BS010395
trafficlightid: C119BS010046
turn_signal_lamp: 1.0