position: 110.572599 97.53099999999995 -0.3615952
orientation: 1.000458 0.9947456 61.73715
enu_velocity: 8.036914 15.12319 -0.04551878
velocity: 17.1241 0.08668232 0.2503303
angularVelocity: -0.009783538 0.003135643 0.01534224
acceleration: 0.603798 0.07072948 0.10209
accel: 0.1265363
brake: 0.0
steer: 0.0142
linkid: A219BS010395
trafficlightid: C119BS010046
turn_signal_lamp: 1.0