position: 17.119661 30.615999999999985 -0.254486
orientation: 1.661316 0.905629 61.1888
enu_velocity: 19.3326 35.02252 0.02215304
velocity: 39.99869 -0.04224205 0.6559362
angularVelocity: -0.00476507 0.0004948439 -0.001187842
acceleration: 0.08399311 -0.0216912 -0.03481417
accel: 0.03143064
brake: 0.0
steer: -0.0005
linkid: A219BS010380
trafficlightid: null
turn_signal_lamp: 0.0