position: 110.66289900000001 97.69900000000007 -0.3620872
orientation: 0.9772034 0.9909517 61.77281
enu_velocity: 8.043585 15.18202 -0.02819468
velocity: 17.17885 0.09816265 0.26731
angularVelocity: -0.009344894 -0.002296042 0.01751574
acceleration: -0.3325391 0.4293019 0.1242543
accel: 0.1285899
brake: 0.0
steer: 0.0179
linkid: A219BS010395
trafficlightid: C119BS010046
turn_signal_lamp: 1.0