position: 110.753499 97.86799999999994 -0.3626728
orientation: 0.9567566 0.9755841 61.81473
enu_velocity: 8.075125 15.2803 -0.008268718
velocity: 17.28015 0.104404 0.2842866
angularVelocity: -0.009642409 -0.008641724 0.01834198
acceleration: 0.702435 0.08726603 0.152453
accel: 0.1363149
brake: 0.0
steer: 0.0169
linkid: A219BS010395
trafficlightid: C119BS010046
turn_signal_lamp: 1.0