position: 110.798899 97.95299999999997 -0.3629945
orientation: 0.9455566 0.9636278 61.83516
enu_velocity: 8.094475 15.32658 0.002048869
velocity: 17.33 0.1030898 0.2918792
angularVelocity: -0.01018548 -0.01054073 0.01791025
acceleration: 0.6692173 0.06911093 0.1535313
accel: 0.1380185
brake: 0.0
steer: 0.0164
linkid: A219BS010395
trafficlightid: C119BS010046
turn_signal_lamp: 1.0