position: 110.84439900000001 98.03800000000001 -0.3633007
orientation: 0.9338989 0.950127 61.85501
enu_velocity: 8.114476 15.37186 0.01216137
velocity: 17.37929 0.1008639 0.2987832
angularVelocity: -0.01055062 -0.0117559 0.01736559
acceleration: 0.6797684 0.05040586 0.1498663
accel: 0.1377768
brake: 0.0
steer: 0.0196
linkid: A219BS010395
trafficlightid: C119BS010046
turn_signal_lamp: 1.0