position: 111.027499 98.38100000000009 -0.3641437
orientation: 0.8959045 0.8914326 61.94354
enu_velocity: 8.173835 15.55894 0.04646296
velocity: 17.57217 0.1097202 0.3182094
angularVelocity: -0.008224096 -0.01234931 0.01940645
acceleration: 0.6518753 0.0603354 0.1110529
accel: 0.0
brake: 0.0009580172
steer: 0.0175
linkid: A219BS010395
trafficlightid: C119BS010046
turn_signal_lamp: 1.0