position: 111.165099 98.6400000000001 -0.36388
orientation: 0.8742676 0.865357 62.00896
enu_velocity: 8.153659 15.56372 0.06543428
velocity: 17.56688 0.1097579 0.3291439
angularVelocity: -0.003195893 -0.005044998 0.02037696
acceleration: 0.1827499 0.128528 0.09048247
accel: 0.06093038
brake: 0.0
steer: 0.0192
linkid: A219BS010395
trafficlightid: C119BS010046
turn_signal_lamp: 1.0