position: 111.256899 98.81200000000013 -0.3634628
orientation: 0.8753662 0.8507736 62.05524
enu_velocity: 8.165948 15.59943 0.07649329
velocity: 17.60418 0.1015635 0.3364095
angularVelocity: 0.002083038 -0.006777397 0.02000566
acceleration: 0.2736407 0.02336954 0.07434291
accel: 0.07797689
brake: 0.0
steer: 0.0183
linkid: A219BS010395
trafficlightid: C119BS010046
turn_signal_lamp: 1.0