position: 111.302799 98.89900000000011 -0.3632644
orientation: 0.8802185 0.8415479 62.07759
enu_velocity: 8.175807 15.62 0.08110846
velocity: 17.627 0.09567642 0.3386075
angularVelocity: 0.004543765 -0.00809742 0.01952716
acceleration: 0.3267013 0.01615636 0.06715133
accel: 0.08565325
brake: 0.0
steer: 0.0203
linkid: A219BS010395
trafficlightid: C119BS010046
turn_signal_lamp: 1.0