position: 111.394799 99.07200000000012 -0.3629309
orientation: 0.8995056 0.8181462 62.12305
enu_velocity: 8.189211 15.67385 0.08915484
velocity: 17.68096 0.09515905 0.3402015
angularVelocity: 0.01069965 -0.01094102 0.02096209
acceleration: 0.3953539 0.1097246 0.05852176
accel: 0.09699742
brake: 0.0
steer: 0.0195
linkid: A219BS010395
trafficlightid: C119BS010046
turn_signal_lamp: 1.0