position: 17.334446 31.00500000000011 -0.254253
orientation: 1.650482 0.9064983 61.18591
enu_velocity: 19.33895 35.02752 0.01725368
velocity: 40.0062 -0.04361534 0.6517886
angularVelocity: -0.005076948 0.0005754996 -0.001356546
acceleration: 0.04134166 -0.02032991 -0.02630624
accel: 0.02933896
brake: 0.0
steer: -0.0004
linkid: A219BS010380
trafficlightid: null
turn_signal_lamp: 0.0