position: 111.533299 99.33300000000008 -0.3625562
orientation: 0.9403076 0.7731112 62.19229
enu_velocity: 8.224136 15.76626 0.09602734
velocity: 17.77924 0.08615208 0.3345831
angularVelocity: 0.008918448 -0.01295111 0.01958562
acceleration: 0.495016 0.09351173 -0.007530562
accel: 0.1059631
brake: 0.0
steer: 0.0181
linkid: A219BS010395
trafficlightid: C119BS010046
turn_signal_lamp: 1.0