position: 111.95059900000001 100.12800000000016 -0.3613909
orientation: 0.7999878 0.6861496 62.38622
enu_velocity: 8.275757 16.1159 0.03601077
velocity: 18.11433 0.1403027 0.2510187
angularVelocity: -0.02826705 -0.003590173 0.02033695
acceleration: 0.5173433 0.1402645 -0.1116423
accel: 0.1081813
brake: 0.0
steer: 0.0188
linkid: A219BS010658
trafficlightid: C119BS010046
turn_signal_lamp: 0.0