position: 111.99709899999999 100.21800000000007 -0.3613102
orientation: 0.7665405 0.6828165 62.40913
enu_velocity: 8.28523 16.15234 0.02878846
velocity: 18.15117 0.1412916 0.243247
angularVelocity: -0.02981934 -0.002314168 0.01990074
acceleration: 0.5099494 0.1052815 -0.09147415
accel: 0.1074201
brake: 0.0
steer: 0.0182
linkid: A219BS010658
trafficlightid: C119BS010046
turn_signal_lamp: 0.0