position: 112.043799 100.30700000000002 -0.3612283
orientation: 0.7316895 0.6809243 62.43143
enu_velocity: 8.296431 16.18755 0.02224563
velocity: 18.1877 0.1403599 0.2366336
angularVelocity: -0.03086177 -0.001100532 0.01932847
acceleration: 0.5063066 0.08233646 -0.0832352
accel: 0.1066361
brake: 0.0
steer: 0.0186
linkid: A219BS010658
trafficlightid: C119BS010046
turn_signal_lamp: 0.0