position: 112.23069899999999 100.66800000000012 -0.3608833
orientation: 0.5933228 0.6846825 62.51735
enu_velocity: 8.343422 16.32358 0.004317737
velocity: 18.33044 0.133441 0.2220066
angularVelocity: -0.029436 0.002354446 0.01804598
acceleration: 0.4859248 0.04021944 -0.03478217
accel: 0.1025751
brake: 0.0
steer: 0.0163
linkid: A219BS010658
trafficlightid: C119BS010046
turn_signal_lamp: 0.0