position: 112.418699 101.03099999999995 -0.3604564
orientation: 0.4829712 0.6990132 62.59871
enu_velocity: 8.395794 16.4488 0.003016727
velocity: 18.46583 0.1181579 0.2273249
angularVelocity: -0.01820876 0.004087613 0.01750393
acceleration: 0.4586086 -0.006000623 0.02676351
accel: 0.09759744
brake: 0.0
steer: 0.015
linkid: A219BS010658
trafficlightid: C119BS010046
turn_signal_lamp: 0.0