position: 112.46589900000001 101.12200000000007 -0.3602966
orientation: 0.4649048 0.704057 62.61842
enu_velocity: 8.411065 16.47764 0.005109446
velocity: 18.49845 0.1114702 0.2315355
angularVelocity: -0.01525845 0.004682953 0.01703506
acceleration: 0.4515203 -0.006425172 0.03608822
accel: 0.09623861
brake: 0.0
steer: 0.0145
linkid: A219BS010658
trafficlightid: C119BS010046
turn_signal_lamp: 0.0