position: 112.51309900000001 101.21399999999994 -0.3600855
orientation: 0.4508057 0.710211 62.63785
enu_velocity: 8.426773 16.50458 0.01060193
velocity: 18.52954 0.1036334 0.2394898
angularVelocity: -0.01113149 0.006069418 0.01700172
acceleration: 0.4162677 -0.04071726 0.1228744
accel: 0.09491216
brake: 0.0
steer: 0.0145
linkid: A219BS010658
trafficlightid: C119BS010046
turn_signal_lamp: 0.0