position: 112.79829900000001 101.7650000000001 -0.3564571
orientation: 0.4709473 0.7907189 62.75095
enu_velocity: 8.510046 16.65881 0.0729614
velocity: 18.70371 0.06446791 0.3305892
angularVelocity: 0.008913876 0.01488195 0.01579348
acceleration: 0.3907096 0.05844863 0.1395891
accel: 0.09056538
brake: 0.0
steer: 0.0124
linkid: A219BS010658
trafficlightid: C119BS010046
turn_signal_lamp: 0.0