position: 112.893799 101.95000000000005 -0.3545902
orientation: 0.4888611 0.8255242 62.78629
enu_velocity: 8.529492 16.71177 0.08962453
velocity: 18.75929 0.06020641 0.3594379
angularVelocity: 0.004579362 0.01491867 0.01477855
acceleration: 0.4140513 0.06159456 0.04736605
accel: 0.08868456
brake: 0.0
steer: 0.0117
linkid: A219BS010658
trafficlightid: C119BS010046
turn_signal_lamp: 0.0