position: 17.656731 31.588999999999942 -0.2537819
orientation: 1.639465 0.9132259 61.18134
enu_velocity: 19.34697 35.03173 0.01746064
velocity: 40.01367 -0.04541016 0.6568547
angularVelocity: -0.001892423 0.002625955 -0.001450271
acceleration: 0.03252429 -0.02862748 -0.003507735
accel: 0.02667615
brake: 0.0
steer: -0.0006
linkid: A219BS010380
trafficlightid: null
turn_signal_lamp: 0.0