position: 112.941699 102.04300000000012 -0.3537093
orientation: 0.4873657 0.8400931 62.80301
enu_velocity: 8.535316 16.74194 0.08821332
velocity: 18.78873 0.06336308 0.3632043
angularVelocity: -0.003363955 0.01215183 0.01437883
acceleration: 0.4077782 0.1474279 -0.01996674
accel: 0.08560925
brake: 0.0
steer: 0.0114
linkid: A219BS010658
trafficlightid: C119BS010046
turn_signal_lamp: 0.0