position: 112.989499 102.13599999999997 -0.3529239
orientation: 0.4779053 0.851616 62.81912
enu_velocity: 8.538187 16.77234 0.08527496
velocity: 18.81706 0.06936026 0.3644266
angularVelocity: -0.01010271 0.009526821 0.01383061
acceleration: 0.3920956 0.1572904 -0.04103823
accel: 0.07841101
brake: 0.0
steer: 0.0112
linkid: A219BS010658
trafficlightid: C119BS010046
turn_signal_lamp: 0.0