position: 113.03729899999999 102.22900000000004 -0.3522322
orientation: 0.4613953 0.860423 62.83472
enu_velocity: 8.539314 16.80095 0.08112506
velocity: 18.84305 0.07618427 0.3635238
angularVelocity: -0.01600448 0.007252507 0.0134924
acceleration: 0.3530542 0.1704255 -0.05775694
accel: 0.07252871
brake: 0.0
steer: 0.0109
linkid: A219BS010658
trafficlightid: C119BS010046
turn_signal_lamp: 0.0