position: 113.13289900000001 102.41599999999994 -0.3511086
orientation: 0.411377 0.8716146 62.86443
enu_velocity: 8.542334 16.85044 0.0697609
velocity: 18.8886 0.08592796 0.3565271
angularVelocity: -0.02515657 0.003794652 0.01258495
acceleration: 0.2996918 0.1219265 -0.08367155
accel: 0.06420695
brake: 0.0
steer: 0.0102
linkid: A219BS010658
trafficlightid: C119BS010046
turn_signal_lamp: 0.0