position: 113.32409899999999 102.79099999999994 -0.3496967
orientation: 0.2784424 0.8788859 62.91756
enu_velocity: 8.550956 16.91281 0.04341432
velocity: 18.94848 0.08818865 0.3336769
angularVelocity: -0.02973626 0.0009008367 0.01084952
acceleration: 0.09343344 0.03296705 -0.08829369
accel: 0.02067492
brake: 0.0
steer: 0.0088
linkid: A219BS010658
trafficlightid: C119BS010046
turn_signal_lamp: 0.0