position: 17.764186000000002 31.78300000000013 -0.2536002
orientation: 1.636169 0.9164146 61.17966
enu_velocity: 19.34965 35.03229 0.01744854
velocity: 40.01541 -0.04627419 0.6591201
angularVelocity: -0.003176653 0.002776226 -0.001597517
acceleration: 0.02362955 -0.02809285 0.003365285
accel: 0.02597567
brake: 0.0
steer: -0.0006
linkid: A219BS010380
trafficlightid: null
turn_signal_lamp: 0.0