position: 113.419599 102.97800000000007 -0.3491747
orientation: 0.2138062 0.8836246 62.94136
enu_velocity: 8.535142 16.88707 0.03096754
velocity: 18.91857 0.08226824 0.3224547
angularVelocity: -0.02732089 0.003398887 0.01009172
acceleration: -0.3668592 0.007087156 -0.09099898
accel: 0.0
brake: 0.001504818
steer: 0.0082
linkid: A219BS010658
trafficlightid: C119BS010046
turn_signal_lamp: 0.0