position: 113.467199 103.07200000000012 -0.3488927
orientation: 0.1840515 0.8886874 62.95262
enu_velocity: 8.522784 16.86248 0.02499834
velocity: 18.89112 0.0781951 0.3177865
angularVelocity: -0.02570071 0.004788909 0.009696635
acceleration: -0.3950344 -0.005430713 -0.08758219
accel: 0.0
brake: 0.006078849
steer: 0.0079
linkid: A219BS010658
trafficlightid: C119BS010046
turn_signal_lamp: 0.0