position: 113.51479900000001 103.16499999999996 -0.348603
orientation: 0.156311 0.8952291 62.96347
enu_velocity: 8.508053 16.83282 0.01937831
velocity: 18.85808 0.07408905 0.3138554
angularVelocity: -0.02394598 0.006044413 0.009354946
acceleration: -0.4777787 -0.01090994 -0.08396213
accel: 0.0
brake: 0.00841898
steer: 0.0076
linkid: A219BS010658
trafficlightid: C119BS010046
turn_signal_lamp: 0.0