position: 113.56219899999999 103.25900000000001 -0.3483095
orientation: 0.1305237 0.9030286 62.97389
enu_velocity: 8.492046 16.79954 0.01409749
velocity: 18.82123 0.06965113 0.3106039
angularVelocity: -0.02221385 0.007065319 0.008972138
acceleration: -0.5194775 -0.01360735 -0.08049221
accel: 0.0
brake: 0.009271023
steer: 0.0073
linkid: A219BS010658
trafficlightid: C119BS010046
turn_signal_lamp: 0.0