position: 113.656799 103.44499999999994 -0.3477415
orientation: 0.08465576 0.9208236 62.99362
enu_velocity: 8.458008 16.72993 0.005373617
velocity: 18.74382 0.06163073 0.306549
angularVelocity: -0.01902927 0.008029662 0.008348979
acceleration: -0.5458159 -0.008099213 -0.06211681
accel: 0.0
brake: 0.01365408
steer: 0.0373
linkid: A219BS010658
trafficlightid: C119BS010046
turn_signal_lamp: 0.0