position: 113.75099900000001 103.63000000000011 -0.3472607
orientation: 0.06317139 0.9388067 63.02878
enu_velocity: 8.332703 16.68823 -0.002155395
velocity: 18.64989 0.1427736 0.3032978
angularVelocity: 0.001179666 0.008032719 0.02716536
acceleration: -0.7537426 1.273022 -0.05676447
accel: 0.0
brake: 0.02123729
steer: 0.038
linkid: A219BS010658
trafficlightid: C119BS010046
turn_signal_lamp: 0.0