position: 113.797899 103.72199999999998 -0.3470404
orientation: 0.07263184 0.9479123 63.07111
enu_velocity: 8.245035 16.67049 -0.004565575
velocity: 18.59448 0.1991696 0.3028402
angularVelocity: 0.008953049 0.007938227 0.03934763
acceleration: -0.7709224 0.8455817 -0.04369424
accel: 0.0
brake: 0.02151022
steer: 0.0377
linkid: A219BS010658
trafficlightid: C119BS010046
turn_signal_lamp: 0.0