position: 113.84469899999999 103.81400000000008 -0.3468422
orientation: 0.08303833 0.9565703 63.1187
enu_velocity: 8.192148 16.63577 -0.00625501
velocity: 18.53975 0.2152505 0.3029879
angularVelocity: 0.007788373 0.007483353 0.04175004
acceleration: -0.7620245 0.360167 -0.03447521
accel: 0.0
brake: 0.02251222
steer: 0.0369
linkid: A219BS010658
trafficlightid: C119BS010046
turn_signal_lamp: 0.0