position: 113.937399 103.99700000000007 -0.3465151
orientation: 0.09405518 0.9718137 63.2188
enu_velocity: 8.068055 16.56585 -0.007081638
velocity: 18.42171 0.262198 0.3049742
angularVelocity: 0.005454581 0.006355627 0.05072792
acceleration: -0.902538 1.455549 -0.009957964
accel: 0.0
brake: 0.03206795
steer: 0.0794
linkid: A219BS010658
trafficlightid: C119BS010046
turn_signal_lamp: 0.0