position: 114.029099 104.17900000000009 -0.3462081
orientation: 0.1224976 0.9859203 63.37675
enu_velocity: 7.828905 16.52456 -0.005602842
velocity: 18.2782 0.4068494 0.3080812
angularVelocity: 0.01302649 0.006148638 0.07874629
acceleration: -0.9894017 1.299801 -0.005332586
accel: 0.0
brake: 0.03029875
steer: 0.0781
linkid: A219BS010658
trafficlightid: C119BS010046
turn_signal_lamp: 0.0