position: 114.074499 104.269 -0.346066
orientation: 0.1363525 0.9921454 63.47249
enu_velocity: 7.73581 16.49374 -0.00379508
velocity: 18.20964 0.4459138 0.3104975
angularVelocity: 0.009414623 0.005417063 0.08460226
acceleration: -0.9515008 0.8735999 0.009093618
accel: 0.0
brake: 0.0301162
steer: 0.0766
linkid: A219BS010658
trafficlightid: C119BS010046
turn_signal_lamp: 0.0