position: 114.11949899999999 104.36000000000013 -0.3459402
orientation: 0.1422424 0.9973143 63.56938
enu_velocity: 7.669045 16.45192 -0.001593556
velocity: 18.14315 0.4563198 0.3131134
angularVelocity: 0.001649698 0.004476624 0.08425709
acceleration: -0.9292192 0.5132247 0.01441694
accel: 0.0
brake: 0.03761737
steer: 0.1217
linkid: A219BS010658
trafficlightid: C119BS010046
turn_signal_lamp: 0.0