position: 114.164099 104.45000000000005 -0.3458192
orientation: 0.1425476 1.001765 63.66992
enu_velocity: 7.570356 16.41669 0.001200061
velocity: 18.06851 0.4973154 0.3159074
angularVelocity: -0.0001741927 0.004031667 0.09206461
acceleration: -1.093321 1.572008 0.01980509
accel: 0.0
brake: 0.04207289
steer: 0.121
linkid: A219BS010658
trafficlightid: C119BS010046
turn_signal_lamp: 0.0