position: 114.20839900000001 104.53899999999999 -0.3456773
orientation: 0.146637 1.006337 63.78648
enu_velocity: 7.437666 16.38384 0.004450734
velocity: 17.98132 0.565115 0.3188606
angularVelocity: 0.00211883 0.004338752 0.1046116
acceleration: -1.241084 1.413961 0.0216291
accel: 0.0
brake: 0.03999036
steer: 0.1199
linkid: A219BS010658
trafficlightid: C119BS010046
turn_signal_lamp: 0.0