position: 114.252299 104.62900000000013 -0.345513
orientation: 0.1517944 1.011021 63.91618
enu_velocity: 7.306656 16.35074 0.008027477
velocity: 17.89515 0.6275506 0.3221713
angularVelocity: 0.002536382 0.004347339 0.1159599
acceleration: -1.200662 1.43743 0.02630758
accel: 0.0
brake: 0.03828016
steer: 0.1183
linkid: A219BS010658
trafficlightid: C119BS010046
turn_signal_lamp: 0.0