position: 17.979122 32.172000000000025 -0.2532222
orientation: 1.625763 0.9232126 61.17596
enu_velocity: 19.3527 35.03429 0.01700978
velocity: 40.01857 -0.04540443 0.6634463
angularVelocity: -0.00456454 0.002902177 -0.001674379
acceleration: 0.02631446 -0.0001101103 -0.03369022
accel: 0.02482847
brake: 0.0
steer: -0.0006
linkid: A219BS010380
trafficlightid: null
turn_signal_lamp: 0.0