position: 114.33869899999999 104.80700000000002 -0.3451759
orientation: 0.1437683 1.018324 64.18726
enu_velocity: 7.180001 16.23731 0.01495965
velocity: 17.74051 0.6074638 0.328776
angularVelocity: -0.02005609 0.002790318 0.1047331
acceleration: -0.9461412 -1.668282 0.009372802
accel: 0.0
brake: 0.04728119
steer: 0.1137
linkid: A219BS010658
trafficlightid: C119BS010046
turn_signal_lamp: 0.0