position: 114.381099 104.89499999999998 -0.3450104
orientation: 0.10849 1.021034 64.29146
enu_velocity: 7.15429 16.15529 0.01784185
velocity: 17.65648 0.5625811 0.3314589
angularVelocity: -0.03031462 0.002606256 0.09506564
acceleration: -1.319888 1.378208 0.0321575
accel: 0.0
brake: 0.05951788
steer: 0.1124
linkid: A219BS010658
trafficlightid: C119BS010046
turn_signal_lamp: 0.0