position: 114.464799 105.07100000000014 -0.3445596
orientation: 0.06420898 1.028547 64.54237
enu_velocity: 6.905178 16.03888 0.02515349
velocity: 17.44644 0.6598735 0.3376421
angularVelocity: -0.01842855 0.00357019 0.1148062
acceleration: -1.404057 0.9179602 0.02008677
accel: 0.0
brake: 0.05288062
steer: 0.1091
linkid: A219BS010658
trafficlightid: C119BS010046
turn_signal_lamp: 0.0