position: 114.505999 105.15800000000013 -0.3443142
orientation: 0.0440979 1.032088 64.67354
enu_velocity: 6.826889 15.96852 0.02778968
velocity: 17.35077 0.6604776 0.3398649
angularVelocity: -0.02016683 0.003070925 0.1140216
acceleration: -1.3489 0.497139 0.01010472
accel: 0.0
brake: 0.05421129
steer: 0.107
linkid: A219BS010658
trafficlightid: C119BS010046
turn_signal_lamp: 0.0