position: 114.54669899999999 105.24500000000012 -0.3440684
orientation: 0.02154541 1.035148 64.80211
enu_velocity: 6.758261 15.89249 0.03024559
velocity: 17.25415 0.6511278 0.3417658
angularVelocity: -0.02211593 0.002659837 0.1115389
acceleration: -1.369896 0.3943105 0.01220738
accel: 0.0
brake: 0.06103851
steer: 0.1557
linkid: A219BS010658
trafficlightid: C119BS010046
turn_signal_lamp: 0.0