position: 114.587099 105.33200000000011 -0.3438015
orientation: 0.001394308 1.038351 64.93356
enu_velocity: 6.650595 15.82478 0.03357564
velocity: 17.14859 0.6802521 0.3443764
angularVelocity: -0.01671671 0.002897316 0.1192777
acceleration: -1.534887 1.555635 0.02235406
accel: 0.0
brake: 0.06411598
steer: 0.1548
linkid: A219BS010658
trafficlightid: C119BS010046
turn_signal_lamp: 0.0