position: 114.62699900000001 105.41800000000012 -0.3434938
orientation: -0.006410299 1.0424 65.08167
enu_velocity: 6.502916 15.76031 0.03667777
velocity: 17.02954 0.7426376 0.3466249
angularVelocity: -0.006939003 0.003715516 0.1324867
acceleration: -1.686 1.479728 0.01030144
accel: 0.0
brake: 0.05946459
steer: 0.1534
linkid: A219BS010658
trafficlightid: C119BS010046
turn_signal_lamp: 0.0