position: 114.705399 105.58799999999997 -0.3428237
orientation: -0.000967915 1.050863 65.41731
enu_velocity: 6.229609 15.63833 0.04184136
velocity: 16.80886 0.8406649 0.3501889
angularVelocity: 0.0008042734 0.003284266 0.1518025
acceleration: -1.48134 1.108015 0.0051946
accel: 0.0
brake: 0.05424908
steer: 0.149
linkid: A219BS010658
trafficlightid: C119BS010046
turn_signal_lamp: 0.0