position: 18.086591 32.36699999999996 -0.25305
orientation: 1.621552 0.9266161 61.17413
enu_velocity: 19.35068 35.02799 0.01388824
velocity: 40.01212 -0.04546356 0.662594
angularVelocity: -0.003331465 0.003111818 -0.001680544
acceleration: -0.2029637 -0.02164475 -0.04600613
accel: 0.02406672
brake: 0.0
steer: -0.0007
linkid: A219BS010380
trafficlightid: null
turn_signal_lamp: 0.0