position: 114.743799 105.673 -0.3425043
orientation: -0.001108052 1.053816 65.59067
enu_velocity: 6.138437 15.5678 0.04375991
velocity: 16.70939 0.8436656 0.3511466
angularVelocity: -0.004409879 0.002324844 0.1507069
acceleration: -1.401636 0.66588 -0.0009806789
accel: 0.0
brake: 0.05615354
steer: 0.1932
linkid: A219BS010658
trafficlightid: C119BS010046
turn_signal_lamp: 0.0