position: 114.819099 105.84100000000012 -0.3419014
orientation: -0.01398368 1.056983 65.94144
enu_velocity: 5.90542 15.4325 0.04858569
velocity: 16.49563 0.8988719 0.3531566
angularVelocity: -0.006286048 0.001178474 0.1610191
acceleration: -1.655465 1.630085 0.005824045
accel: 0.0
brake: 0.05508238
steer: 0.1893
linkid: A219BS010658
trafficlightid: C119BS010046
turn_signal_lamp: 0.0