position: 114.855999 105.92499999999995 -0.3415915
orientation: -0.01375058 1.057923 66.13702
enu_velocity: 5.746827 15.37475 0.05223195
velocity: 16.38158 0.9642239 0.3549802
angularVelocity: -0.001715428 0.0005383004 0.1739703
acceleration: -1.583203 1.728679 0.02435521
accel: 0.0
brake: 0.04909527
steer: 0.1868
linkid: A219BS010658
trafficlightid: C119BS010046
turn_signal_lamp: 0.0