position: 114.96349900000001 106.17200000000003 -0.3408224
orientation: -0.01692771 1.051328 66.75653
enu_velocity: 5.433603 15.19362 0.05980679
velocity: 16.10095 1.003298 0.3555849
angularVelocity: -0.01088839 -0.004072396 0.1770097
acceleration: -1.26298 0.5991403 0.01185672
accel: 0.0
brake: 0.04873003
steer: 0.2467
linkid: A219BS010658
trafficlightid: C119BS010046
turn_signal_lamp: 0.0