position: 114.998299 106.25400000000013 -0.3406238
orientation: -0.02564878 1.045905 66.9623
enu_velocity: 5.312227 15.13651 0.06245835
velocity: 16.0044 1.034751 0.3551168
angularVelocity: -0.008355966 -0.004874452 0.1843817
acceleration: -1.491179 1.929396 0.01225734
accel: 0.0
brake: 0.04898499
steer: 0.2444
linkid: A219BS010658
trafficlightid: C119BS010046
turn_signal_lamp: 0.0