position: 115.06639899999999 106.41700000000014 -0.3401963
orientation: -0.01578367 1.034846 67.42525
enu_velocity: 4.985048 15.04227 0.06609374
velocity: 15.79966 1.171367 0.3518233
angularVelocity: 0.004607608 -0.005179369 0.2121016
acceleration: -1.364187 1.86979 -0.006419505
accel: 0.0
brake: 0.03370138
steer: 0.2384
linkid: A219BS010658
trafficlightid: C119BS010046
turn_signal_lamp: 0.0