position: 18.194019 32.562000000000126 -0.252866
orientation: 1.618195 0.9310916 61.17232
enu_velocity: 19.34244 35.00937 0.0111941
velocity: 39.99181 -0.0459938 0.6627074
angularVelocity: -0.003024654 0.004135558 -0.001700451
acceleration: -0.2880777 -0.02704393 -0.02911875
accel: 0.03830361
brake: 0.0
steer: -0.0006
linkid: A219BS010380
trafficlightid: null
turn_signal_lamp: 0.0