position: 115.13239899999999 106.57899999999995 -0.3398316
orientation: 0.004316724 1.02033 67.93558
enu_velocity: 4.719886 14.96645 0.06857199
velocity: 15.63966 1.247949 0.3470311
angularVelocity: 0.001158323 -0.007270516 0.2239397
acceleration: -1.054272 1.025516 -0.002291754
accel: 0.0
brake: 0.02999414
steer: 0.3048
linkid: A219BS010658
trafficlightid: C119BS010046
turn_signal_lamp: 1.0