position: 115.257699 106.89900000000011 -0.3393829
orientation: -0.03316725 0.979005 68.95049
enu_velocity: 4.421443 14.77682 0.07006849
velocity: 15.3754 1.180867 0.3335053
angularVelocity: -0.03061251 -0.01182783 0.2025915
acceleration: -0.7019771 0.2193008 -0.00198435
accel: 0.0
brake: 0.0353738
steer: 0.2076
linkid: A219BS010658
trafficlightid: C119BS010046
turn_signal_lamp: 1.0