position: 115.287599 106.97900000000004 -0.3393507
orientation: -0.06779008 0.9654718 69.17599
enu_velocity: 4.371149 14.71519 0.07096621
velocity: 15.30451 1.145228 0.3302471
angularVelocity: -0.03414947 -0.01202803 0.1950399
acceleration: -1.045144 0.3732982 -0.003974322
accel: 0.0
brake: 0.03155366
steer: 0.2028
linkid: A219BS010658
trafficlightid: C119BS010046
turn_signal_lamp: 1.0