position: 115.31709900000001 107.05799999999999 -0.3393054
orientation: -0.1033671 0.9521223 69.39442
enu_velocity: 4.319487 14.6557 0.07266812
velocity: 15.23496 1.114083 0.3278814
angularVelocity: -0.03411923 -0.01196087 0.1891685
acceleration: -0.9770232 0.3750668 0.009455686
accel: 0.0
brake: 0.02902588
steer: 0.2833
linkid: A219BS010658
trafficlightid: C119BS010046
turn_signal_lamp: 1.0