position: 115.374999 107.21600000000012 -0.3391399
orientation: -0.154504 0.9268726 69.83662
enu_velocity: 4.104737 14.56626 0.07723828
velocity: 15.08522 1.166924 0.3244508
angularVelocity: -0.01366454 -0.0106117 0.2050686
acceleration: -1.274995 1.951465 0.01619067
accel: 0.0
brake: 0.01995618
steer: 0.2782
linkid: A219BS010658
trafficlightid: C119BS010046
turn_signal_lamp: 1.0