position: 18.301439000000002 32.756000000000085 -0.2526898
orientation: 1.614014 0.9355686 61.17039
enu_velocity: 19.34478 35.01037 0.009980627
velocity: 39.99379 -0.04621696 0.664654
angularVelocity: -0.003812219 0.003693379 -0.001783946
acceleration: 0.0752351 -0.01580108 -0.01294329
accel: 0.03628252
brake: 0.0
steer: -0.0006
linkid: A219BS010380
trafficlightid: null
turn_signal_lamp: 0.0