position: 115.431399 107.37300000000005 -0.3388194
orientation: -0.1405397 0.9056011 70.35585
enu_velocity: 3.780558 14.51863 0.08140211
velocity: 14.94141 1.319525 0.3208293
angularVelocity: 0.009955402 -0.009994528 0.2388235
acceleration: -0.9192011 2.042004 0.01822861
accel: 0.0
brake: 0.006412882
steer: 0.2705
linkid: A219BS010658
trafficlightid: C119BS010046
turn_signal_lamp: 1.0