position: 115.66109900000001 108.07300000000009 -0.3377248
orientation: -0.08281714 0.7832736 73.0692
enu_velocity: 2.701572 14.43543 0.08653957
velocity: 14.59395 1.618941 0.28841
angularVelocity: -0.006133156 -0.01440487 0.2871208
acceleration: -0.7171085 2.039973 -0.07461956
accel: 0.01614527
brake: 0.0
steer: 0.3687
linkid: A219BS010658
trafficlightid: C119BS010046
turn_signal_lamp: 1.0