position: 115.684199 108.15000000000009 -0.3376261
orientation: -0.07947338 0.7698356 73.40923
enu_velocity: 2.542103 14.41778 0.08069951
velocity: 14.54101 1.680114 0.2784246
angularVelocity: 0.0005093461 -0.01142496 0.2997487
acceleration: -0.8648458 2.053327 -0.09425627
accel: 0.04721113
brake: 0.0
steer: 0.3624
linkid: A219BS010658
trafficlightid: C119BS010046
turn_signal_lamp: 1.0