position: 115.75019900000001 108.38300000000004 -0.3374156
orientation: -0.0468259 0.7352059 74.48808
enu_velocity: 2.17992 14.45825 0.05793939
velocity: 14.51267 1.765981 0.2456209
angularVelocity: 0.0008647349 -0.01006908 0.3133506
acceleration: -0.08840886 0.9807261 -0.1171046
accel: 0.03949607
brake: 0.0
steer: 0.3377
linkid: A219BS010658
trafficlightid: C119BS010046
turn_signal_lamp: 1.0