position: 115.77109899999999 108.46100000000001 -0.337405
orientation: -0.04863628 0.7246556 74.8407
enu_velocity: 2.120008 14.46746 0.05075897
velocity: 14.51661 1.736855 0.2358479
angularVelocity: -0.007502566 -0.009204493 0.3057171
acceleration: -0.1049425 0.8025262 -0.09947165
accel: 0.03256878
brake: 0.0
steer: 0.3879
linkid: A219BS010658
trafficlightid: C119BS010046
turn_signal_lamp: 1.0