position: 115.811499 108.61599999999999 -0.3373063
orientation: -0.05557312 0.7103181 75.55353
enu_velocity: 1.869833 14.46714 0.03994941
velocity: 14.47458 1.798271 0.2211529
angularVelocity: -0.003256679 -0.004712795 0.3198567
acceleration: -0.5608794 2.018102 -0.05942465
accel: 0.05394053
brake: 0.0
steer: 0.3723
linkid: A219BS010658
trafficlightid: C119BS010046
turn_signal_lamp: 1.0