position: 115.83099899999999 108.69399999999996 -0.337208
orientation: -0.05255456 0.7062658 75.9281
enu_velocity: 1.726018 14.47365 0.03628558
velocity: 14.45743 1.844693 0.2162014
angularVelocity: -0.001245444 -0.00365477 0.3285019
acceleration: -0.3557895 1.872358 -0.04984527
accel: 0.06255464
brake: 0.0
steer: 0.3638
linkid: A219BS010658
trafficlightid: C119BS010046
turn_signal_lamp: 1.0