position: 18.516348999999998 33.14499999999998 -0.2523653
orientation: 1.606079 0.9432834 61.1666
enu_velocity: 19.35195 35.01837 0.01112217
velocity: 40.00415 -0.04589081 0.6713373
angularVelocity: -0.003070169 0.00323542 -0.001741724
acceleration: 0.04886775 -0.01816802 0.009198927
accel: 0.02981061
brake: 0.0
steer: -0.0005
linkid: A219BS010380
trafficlightid: null
turn_signal_lamp: 0.0