position: 115.868199 108.85100000000011 -0.3370666
orientation: -0.06395282 0.6973878 76.67245
enu_velocity: 1.559997 14.49644 0.03330694
velocity: 14.46416 1.823468 0.2114071
angularVelocity: -0.01550358 -0.004722667 0.3196577
acceleration: -0.05743435 0.8870203 -0.007565506
accel: 0.04987803
brake: 0.0
steer: 0.3452
linkid: A219BS010658
trafficlightid: C119BS010046
turn_signal_lamp: 1.0