position: 115.885899 108.92900000000009 -0.337014
orientation: -0.08364879 0.6922472 77.03172
enu_velocity: 1.502824 14.50365 0.03496164
velocity: 14.4695 1.789986 0.2124065
angularVelocity: -0.02235485 -0.004774289 0.3114036
acceleration: -0.09365663 0.7695107 0.04592722
accel: 0.04765425
brake: 0.0
steer: 0.4012
linkid: A219BS010658
trafficlightid: C119BS010046
turn_signal_lamp: 1.0