position: 115.903199 109.00800000000004 -0.3369162
orientation: -0.105389 0.6881483 77.38774
enu_velocity: 1.404487 14.50423 0.03804853
velocity: 14.45942 1.796037 0.2150277
angularVelocity: -0.02041709 -0.003498437 0.3142244
acceleration: -0.5060229 1.959032 0.04095167
accel: 0.04525329
brake: 0.0
steer: 0.3932
linkid: A219BS010658
trafficlightid: C119BS010046
turn_signal_lamp: 1.0