position: 115.93629899999999 109.16399999999999 -0.3364806
orientation: -0.1181722 0.6866648 78.14171
enu_velocity: 1.105765 14.50488 0.04588312
velocity: 14.42097 1.898015 0.2226388
angularVelocity: -0.004210227 -0.0004166468 0.3373033
acceleration: -0.333596 2.02843 0.06197301
accel: 0.08448861
brake: 0.0
steer: 0.3765
linkid: A219BS010658
trafficlightid: C119BS010046
turn_signal_lamp: 1.0