position: 115.981999 109.40100000000007 -0.3354568
orientation: -0.1386786 0.6900788 79.28285
enu_velocity: 0.8755112 14.54918 0.06336884
velocity: 14.4564 1.844754 0.2419626
angularVelocity: -0.01714598 0.0005019461 0.3225247
acceleration: 0.04294482 0.7580039 0.0834511
accel: 0.07123632
brake: 0.0
steer: 0.4084
linkid: A219BS010658
trafficlightid: C119BS010046
turn_signal_lamp: 1.0