position: 116.023199 109.63800000000015 -0.3339156
orientation: -0.1669457 0.7026349 80.40039
enu_velocity: 0.5357012 14.56032 0.07779717
velocity: 14.44373 1.899156 0.2604743
angularVelocity: -0.0009769276 0.004979151 0.3380412
acceleration: -0.2597711 2.02185 0.05577689
accel: 0.1036907
brake: 0.0
steer: 0.3827
linkid: A219BS010658
trafficlightid: C119BS010046
turn_signal_lamp: 1.0