position: 116.04809900000001 109.79600000000005 -0.3326383
orientation: -0.1552637 0.7163662 81.18092
enu_velocity: 0.3359315 14.59376 0.08438271
velocity: 14.47054 1.904757 0.2704858
angularVelocity: -0.002017905 0.004569041 0.337236
acceleration: 0.149103 0.9829559 0.04685766
accel: 0.09913231
brake: 0.0
steer: 0.3632
linkid: A219BS010658
trafficlightid: C119BS010046
turn_signal_lamp: 1.0