position: 116.059799 109.87599999999998 -0.3320074
orientation: -0.1581858 0.7220189 81.56044
enu_velocity: 0.2782247 14.61408 0.08708916
velocity: 14.49441 1.868884 0.2749194
angularVelocity: -0.008241169 0.003874951 0.3290757
acceleration: 0.1555434 0.7990693 0.03974153
accel: 0.09305912
brake: 0.0
steer: 0.406
linkid: A219BS010658
trafficlightid: C119BS010046
turn_signal_lamp: 1.0