position: 116.08149900000001 110.03600000000006 -0.3307118
orientation: -0.1721238 0.734176 82.30685
enu_velocity: 0.0842455 14.63621 0.08604384
velocity: 14.51346 1.875004 0.2776675
angularVelocity: -0.004268081 0.005034851 0.3315642
acceleration: -0.2123328 2.04232 -0.05630711
accel: 0.1081037
brake: 0.0
steer: 0.3879
linkid: A219BS010658
trafficlightid: C119BS010046
turn_signal_lamp: 1.0