position: 116.16399899999999 110.92600000000016 -0.3280161
orientation: -0.06820876 0.7826171 86.45396
enu_velocity: -0.8344742 14.84903 -0.03397651
velocity: 14.76807 1.751096 0.1698384
angularVelocity: -0.004024857 0.003549835 0.3073823
acceleration: 0.2654356 0.6676784 -0.1051759
accel: 0.09470192
brake: 0.0
steer: 0.3593
linkid: A219BS010658
trafficlightid: C119BS010046
turn_signal_lamp: 1.0