position: 116.168499 111.00800000000004 -0.3280228
orientation: -0.06112272 0.7900344 86.81709
enu_velocity: -0.9717743 14.84833 -0.037318
velocity: 14.77059 1.794531 0.168273
angularVelocity: 0.003628436 0.007030834 0.319669
acceleration: -0.1213001 1.935216 -0.02799409
accel: 0.1107606
brake: 0.0
steer: 0.3504
linkid: A219BS010658
trafficlightid: C119BS010046
turn_signal_lamp: 1.0