position: 116.17579900000001 111.17200000000003 -0.3278389
orientation: -0.04557 0.8126391 87.54707
enu_velocity: -1.142157 14.88107 -0.03705015
velocity: 14.81759 1.777863 0.1745355
angularVelocity: -0.001685179 0.01045075 0.3141398
acceleration: 0.2843298 0.8556792 0.02490461
accel: 0.1067957
brake: 0.0
steer: 0.3316
linkid: A219BS010658
trafficlightid: C119BS010046
turn_signal_lamp: 1.0