position: 116.17859899999999 111.25400000000013 -0.3276899
orientation: -0.04707291 0.8249891 87.90024
enu_velocity: -1.1977 14.90059 -0.03050887
velocity: 14.8456 1.742696 0.184693
angularVelocity: -0.007183162 0.01049201 0.306139
acceleration: 0.2357932 0.7452146 0.1106556
accel: 0.1022542
brake: 0.0
steer: 0.3223
linkid: A219BS010658
trafficlightid: C119BS010046
turn_signal_lamp: 1.0