position: 116.18089900000001 111.33699999999999 -0.3274996
orientation: -0.05467229 0.8370599 88.24397
enu_velocity: -1.24754 14.91882 -0.02120667
velocity: 14.8723 1.703938 0.1977087
angularVelocity: -0.01213922 0.01017085 0.2978592
acceleration: 0.2309648 0.6865441 0.1404679
accel: 0.09981303
brake: 0.0
steer: 0.3798
linkid: A219BS010658
trafficlightid: C119BS010046
turn_signal_lamp: 1.0