position: 116.18509900000001 111.58500000000004 -0.3265243
orientation: -0.06076295 0.8745976 89.28128
enu_velocity: -1.582446 14.92314 0.01200072
velocity: 14.90021 1.769258 0.241342
angularVelocity: 0.004573193 0.01153073 0.315689
acceleration: -0.03396633 2.029156 0.1376163
accel: 0.1306171
brake: 0.0
steer: 0.3564
linkid: A219BS010658
trafficlightid: C119BS010046
turn_signal_lamp: 1.0