position: 116.185499 111.66800000000012 -0.3260596
orientation: -0.0462384 0.8880189 89.65099
enu_velocity: -1.721576 14.92868 0.02168137
velocity: 14.91579 1.812278 0.2543428
angularVelocity: 0.00814213 0.01127435 0.3241366
acceleration: 0.1087145 1.833415 0.1374015
accel: 0.1361306
brake: 0.0
steer: 0.3477
linkid: A219BS010658
trafficlightid: C119BS010046
turn_signal_lamp: 1.0