position: 116.18539899999999 111.75099999999998 -0.3255755
orientation: -0.03470601 0.900156 90.02165
enu_velocity: -1.819662 14.9475 0.03129178
velocity: 14.94585 1.813851 0.2672232
angularVelocity: 0.003174128 0.009973989 0.322363
acceleration: 0.3114983 1.18289 0.1390977
accel: 0.13309
brake: 0.0
steer: 0.3384
linkid: A219BS010658
trafficlightid: C119BS010046
turn_signal_lamp: 1.0