position: 116.17929900000001 112.08500000000004 -0.3234675
orientation: -0.05966213 0.9337581 91.47382
enu_velocity: -2.236028 14.98755 0.07104766
velocity: 15.03695 1.849477 0.3180643
angularVelocity: -0.009680158 0.006268458 0.3274216
acceleration: 0.0934778 1.978557 0.1186097
accel: 0.1523818
brake: 0.0
steer: 0.3776
linkid: A219BS010658
trafficlightid: C119BS010046
turn_signal_lamp: 1.0