position: 116.164399 112.42000000000007 -0.321513
orientation: -0.0744035 0.940683 93.01569
enu_velocity: -2.685692 15.05208 0.08635755
velocity: 15.16907 1.889655 0.3378916
angularVelocity: -0.01516589 -0.003858306 0.3310134
acceleration: 0.4361123 0.9537873 0.07505976
accel: 0.1499149
brake: 0.0
steer: 0.4085
linkid: A219BS010658
trafficlightid: C119BS010046
turn_signal_lamp: 1.0