position: 116.15349900000001 112.58799999999997 -0.3207907
orientation: -0.07593223 0.9301212 93.80067
enu_velocity: -2.963324 15.04703 0.0919638
velocity: 15.20687 1.958951 0.3414574
angularVelocity: -0.0003746357 -0.006122127 0.3484459
acceleration: 0.1826857 1.910561 0.02809407
accel: 0.1739898
brake: 0.0
steer: 0.3912
linkid: A219BS010658
trafficlightid: C119BS010046
turn_signal_lamp: 1.0