position: 116.147199 112.673 -0.3204826
orientation: -0.0627538 0.9222295 94.20622
enu_velocity: -3.100907 15.05343 0.09374356
velocity: 15.23684 1.988064 0.3412058
angularVelocity: 0.00767789 -0.007715375 0.3555903
acceleration: 0.2394424 1.894006 0.02908749
accel: 0.1763434
brake: 0.0
steer: 0.3819
linkid: A219BS010658
trafficlightid: C119BS010046
turn_signal_lamp: 1.0