position: 19.053859000000003 34.11900000000014 -0.2518003
orientation: 1.585144 0.9516396 61.15805
enu_velocity: 19.36053 35.02717 0.01267799
velocity: 40.01587 -0.04321861 0.6788296
angularVelocity: -0.003778024 -6.106042e-05 -0.001275261
acceleration: 0.02651102 -0.00858034 -0.003970899
accel: 0.0256211
brake: 0.0
steer: -0.0004
linkid: A219BS010380
trafficlightid: null
turn_signal_lamp: 0.0