position: 116.11599899999999 113.01199999999994 -0.3199002
orientation: -0.0006472707 0.863687 95.83507
enu_velocity: -3.551817 15.10775 0.09349578
velocity: 15.38741 1.997478 0.3254991
angularVelocity: 0.003970765 -0.0169428 0.3562343
acceleration: 0.1187997 1.982183 -0.05423294
accel: 0.1829517
brake: 0.0
steer: 0.419
linkid: A219BS010658
trafficlightid: C119BS010046
turn_signal_lamp: 1.0