position: 116.08589900000001 113.26700000000005 -0.3202549
orientation: 0.008911133 0.8014461 97.08379
enu_velocity: -3.961663 15.12842 0.06511406
velocity: 15.49907 2.06582 0.2816124
angularVelocity: -0.009267568 -0.0184794 0.3664461
acceleration: 0.3676521 1.841073 -0.1484742
accel: 0.1849973
brake: 0.0
steer: 0.3917
linkid: A219BS010658
trafficlightid: C119BS010046
turn_signal_lamp: 1.0