position: 116.074399 113.35300000000007 -0.3205056
orientation: -0.001620346 0.7800894 97.50497
enu_velocity: -4.09438 15.13791 0.0552306
velocity: 15.54082 2.0821 0.2668979
angularVelocity: -0.01632143 -0.01876184 0.3677212
acceleration: 0.363809 1.79062 -0.1123363
accel: 0.1874293
brake: 0.0
steer: 0.5071
linkid: A219BS010658
trafficlightid: C119BS010046
turn_signal_lamp: 1.0