position: 116.03609900000001 113.60900000000015 -0.3213134
orientation: -0.04746281 0.7214665 98.84047
enu_velocity: -4.650469 15.05651 0.04162635
velocity: 15.59058 2.281081 0.2398458
angularVelocity: -0.01973368 -0.01765519 0.4024032
acceleration: 0.2311209 2.397988 0.008523731
accel: 0.2399451
brake: 0.0
steer: 0.4808
linkid: A219BS010658
trafficlightid: C119BS010046
turn_signal_lamp: 1.0