position: 116.02179899999999 113.69499999999994 -0.3216594
orientation: -0.06735841 0.6996491 99.30527
enu_velocity: -4.808593 15.05656 0.04274201
velocity: 15.63427 2.310477 0.236384
angularVelocity: -0.02339834 -0.02003869 0.4062837
acceleration: 0.3752639 2.10102 0.02580234
accel: 0.2403997
brake: 0.0
steer: 0.4706
linkid: A219BS010658
trafficlightid: C119BS010046
turn_signal_lamp: 1.0