position: 116.006799 113.78099999999995 -0.3220625
orientation: -0.09228941 0.6753124 99.77147
enu_velocity: -4.950795 15.06536 0.04475942
velocity: 15.68543 2.321724 0.2333862
angularVelocity: -0.0277175 -0.02238125 0.4067218
acceleration: 0.474616 1.873991 0.03955421
accel: 0.2381132
brake: 0.0
steer: 0.4602
linkid: A219BS010658
trafficlightid: C119BS010046
turn_signal_lamp: 1.0