position: 115.99089900000001 113.86699999999996 -0.3225002
orientation: -0.1213746 0.6490088 100.2371
enu_velocity: -5.082761 15.07778 0.04880504
velocity: 15.73951 2.321712 0.2320214
angularVelocity: -0.03055077 -0.02398114 0.4061236
acceleration: 0.4859045 1.735299 0.08490771
accel: 0.2370023
brake: 0.0
steer: 0.4963
linkid: A219BS010658
trafficlightid: C119BS010046
turn_signal_lamp: 1.0