position: 115.88059899999999 114.38499999999999 -0.3231937
orientation: -0.1461809 0.5536173 103.0925
enu_velocity: -5.891892 15.13169 0.05395866
velocity: 16.07174 2.310508 0.2151538
angularVelocity: 0.007162747 -0.004805462 0.4128617
acceleration: 0.6144938 1.495653 -0.01834185
accel: 0.2289695
brake: 0.0
steer: 0.5007
linkid: A219BS010658
trafficlightid: C119BS010046
turn_signal_lamp: 1.0