position: 115.837999 114.55899999999997 -0.322548
orientation: -0.0963555 0.5598766 104.065
enu_velocity: -6.22702 15.09403 0.03268234
velocity: 16.15374 2.371826 0.1945273
angularVelocity: 0.01870578 0.005167984 0.4275507
acceleration: 0.4771048 2.112628 -0.1965499
accel: 0.2490844
brake: 0.0
steer: 0.4808
linkid: A219BS010658
trafficlightid: C119BS010046
turn_signal_lamp: 1.0