position: 19.268919 34.50800000000004 -0.2516693
orientation: 1.57428 0.9507453 61.15508
enu_velocity: 19.36258 35.02879 0.01556947
velocity: 40.01826 -0.04223824 0.6810983
angularVelocity: -0.005827295 -0.0006528047 -0.001281157
acceleration: 0.01362978 -0.0009080311 0.03189654
accel: 0.02484954
brake: 0.0
steer: -0.0003
linkid: A219BS010380
trafficlightid: null
turn_signal_lamp: 0.0