position: 115.81539900000001 114.64599999999996 -0.3221795
orientation: -0.07322442 0.5693929 104.5551
enu_velocity: -6.374466 15.09754 0.01652419
velocity: 16.21402 2.375487 0.1806977
angularVelocity: 0.01476568 0.008453418 0.427427
acceleration: 0.5821439 1.928388 -0.2218349
accel: 0.2419073
brake: 0.0
steer: 0.4703
linkid: A219BS010658
trafficlightid: C119BS010046
turn_signal_lamp: 1.0