position: 115.791999 114.73400000000015 -0.3218189
orientation: -0.05521856 0.5825992 105.0431
enu_velocity: -6.513782 15.10748 -0.004207294
velocity: 16.27959 2.369336 0.163617
angularVelocity: 0.01058867 0.01207528 0.425072
acceleration: 0.6441391 1.793676 -0.3117047
accel: 0.2342626
brake: 0.0
steer: 0.4597
linkid: A219BS010658
trafficlightid: C119BS010046
turn_signal_lamp: 1.0