position: 115.716699 114.9960000000001 -0.3208196
orientation: -0.0127428 0.6499263 106.4936
enu_velocity: -6.952475 15.0898 -0.07942417
velocity: 16.44259 2.382258 0.1076226
angularVelocity: 0.01378598 0.02558029 0.428876
acceleration: 0.1766813 2.598543 -0.3518545
accel: 0.2447839
brake: 0.0
steer: 0.5005
linkid: A219BS010658
trafficlightid: C119BS010046
turn_signal_lamp: 1.0