position: 115.662499 115.17100000000005 -0.3202271
orientation: 0.03335571 0.7157707 107.4909
enu_velocity: -7.283857 15.04069 -0.1147975
velocity: 16.53462 2.426607 0.09035135
angularVelocity: 0.01288871 0.02894203 0.4368926
acceleration: 0.4410615 2.183392 -0.1326436
accel: 0.2503279
brake: 0.0
steer: 0.4815
linkid: A219BS010658
trafficlightid: C119BS010046
turn_signal_lamp: 1.0