position: 115.63409899999999 115.25900000000001 -0.3200538
orientation: 0.05096436 0.7472841 107.9916
enu_velocity: -7.437075 15.0275 -0.121395
velocity: 16.59 2.431828 0.09282023
angularVelocity: 0.008580032 0.02738722 0.436771
acceleration: 0.4975517 2.043912 -0.07175758
accel: 0.2514307
brake: 0.0
steer: 0.5345
linkid: A219BS010658
trafficlightid: C119BS010046
turn_signal_lamp: 1.0