position: 115.57479900000001 115.43399999999997 -0.319756
orientation: 0.07171631 0.8076504 109.0006
enu_velocity: -7.785746 14.95408 -0.1132996
velocity: 16.67413 2.492959 0.1186254
angularVelocity: 0.004122408 0.02719684 0.448167
acceleration: 0.08608341 2.91212 0.1034762
accel: 0.2775064
brake: 0.0
steer: 0.516
linkid: A219BS010658
trafficlightid: C119BS010046
turn_signal_lamp: 1.0