position: 115.543799 115.52099999999996 -0.3195433
orientation: 0.08300781 0.8376796 109.521
enu_velocity: -7.975757 14.90574 -0.1030484
velocity: 16.71378 2.536706 0.1376436
angularVelocity: 0.002695065 0.02650119 0.4556303
acceleration: 0.3333966 2.651472 0.1549775
accel: 0.2894267
brake: 0.0
steer: 0.5067
linkid: A219BS010658
trafficlightid: C119BS010046
turn_signal_lamp: 1.0