position: 115.41039900000001 115.8710000000001 -0.3180949
orientation: 0.06307983 0.9410741 111.626
enu_velocity: -8.666808 14.79807 -0.008875561
velocity: 16.9484 2.60326 0.2666577
angularVelocity: -0.01962151 0.02346339 0.4631413
acceleration: 0.156388 3.049268 0.4844485
accel: 0.2884446
brake: 0.0
steer: 0.5196
linkid: A219BS010658
trafficlightid: C119BS010046
turn_signal_lamp: 1.0