position: 115.338199 116.04600000000005 -0.3162116
orientation: 0.04095459 0.9976515 112.7081
enu_velocity: -9.045504 14.70599 0.0580836
velocity: 17.05433 2.667534 0.3531712
angularVelocity: -0.01898272 0.025532 0.4747629
acceleration: 0.5742096 2.468902 0.4499342
accel: 0.3181323
brake: 0.0
steer: 0.4997
linkid: A219BS010658
trafficlightid: C119BS010046
turn_signal_lamp: 1.0