position: 115.300499 116.13300000000004 -0.3149965
orientation: 0.02600098 1.026035 113.2521
enu_velocity: -9.217976 14.68459 0.09062189
velocity: 17.12654 2.672289 0.3961535
angularVelocity: -0.02235957 0.02486164 0.4744326
acceleration: 0.6730935 2.273289 0.4594121
accel: 0.314016
brake: 0.0
steer: 0.4891
linkid: A219BS010658
trafficlightid: C119BS010046
turn_signal_lamp: 1.0