position: 115.22219899999999 116.30700000000002 -0.3121453
orientation: -0.009209141 1.079246 114.3347
enu_velocity: -9.557337 14.63616 0.1487339
velocity: 17.26818 2.677051 0.4744995
angularVelocity: -0.0197491 0.02218503 0.4746676
acceleration: 0.3842137 2.89197 0.3186741
accel: 0.3092425
brake: 0.0
steer: 0.511
linkid: A219BS010658
trafficlightid: C119BS010046
turn_signal_lamp: 1.0