position: 115.14009899999999 116.48199999999997 -0.3091312
orientation: -0.009753161 1.120909 115.4363
enu_velocity: -9.919517 14.56319 0.1822502
velocity: 17.4051 2.702871 0.5232941
angularVelocity: -0.004949974 0.01517493 0.4818766
acceleration: 0.738306 2.291708 0.1970117
accel: 0.3256364
brake: 0.0
steer: 0.4903
linkid: A219BS010658
trafficlightid: C119BS010046
turn_signal_lamp: 1.0