position: 115.053999 116.65599999999995 -0.3066562
orientation: 0.021698 1.137316 116.5366
enu_velocity: -10.23434 14.54783 0.1794664
velocity: 17.58057 2.656816 0.5275142
angularVelocity: 0.01043301 0.002016092 0.4774427
acceleration: 0.886385 1.883946 -0.07436687
accel: 0.3082585
brake: 0.0
steer: 0.5023
linkid: A219BS010658
trafficlightid: C119BS010046
turn_signal_lamp: 1.0