position: 115.009499 116.74400000000014 -0.305777
orientation: 0.04962158 1.134291 117.0792
enu_velocity: -10.37787 14.54728 0.1702627
velocity: 17.66998 2.618439 0.5178889
angularVelocity: 0.01636129 -0.003717671 0.4719025
acceleration: 0.9059451 1.752669 -0.1227781
accel: 0.3008283
brake: 0.0
steer: 0.4917
linkid: A219BS010658
trafficlightid: C119BS010046
turn_signal_lamp: 1.0