position: 114.917599 116.91800000000012 -0.3046025
orientation: 0.1372375 1.11435 118.1704
enu_velocity: -10.71519 14.47824 0.1414457
velocity: 17.81573 2.611998 0.4817612
angularVelocity: 0.03352431 -0.01048894 0.475921
acceleration: 0.7765629 2.141984 -0.2295145
accel: 0.3060061
brake: 0.0
steer: 0.499
linkid: A219BS010658
trafficlightid: C119BS010046
turn_signal_lamp: 1.0