position: 19.591369 35.0920000000001 -0.2514205
orientation: 1.553009 0.9495645 61.15143
enu_velocity: 19.3517 35.01072 0.01549499
velocity: 39.99719 -0.0391655 0.6797435
angularVelocity: -0.005363381 -0.001456824 -0.0009840901
acceleration: 0.1065376 -0.008109096 -0.0206406
accel: 0.03280894
brake: 0.0
steer: -0.0003
linkid: A219BS010380
trafficlightid: null
turn_signal_lamp: 0.0