position: 114.72189900000001 117.26700000000005 -0.3052141
orientation: 0.3975525 1.020494 120.3752
enu_velocity: -11.41451 14.30898 0.03690114
velocity: 18.11316 2.614625 0.3414209
angularVelocity: 0.05256038 -0.02386307 0.4817532
acceleration: 0.6758021 2.437564 -0.3859091
accel: 0.3096275
brake: 0.0
steer: 0.4787
linkid: A219BS010658
trafficlightid: C119BS010046
turn_signal_lamp: 1.0