position: 114.670399 117.35300000000007 -0.3060187
orientation: 0.4657288 0.9870746 120.9254
enu_velocity: -11.58582 14.27042 0.007712189
velocity: 18.19307 2.607395 0.2999854
angularVelocity: 0.04996201 -0.02635129 0.4793583
acceleration: 0.8199453 2.295527 -0.4384931
accel: 0.3070542
brake: 0.0
steer: 0.468
linkid: A219BS010658
trafficlightid: C119BS010046
turn_signal_lamp: 1.0