position: 114.61779899999999 117.44000000000005 -0.3071644
orientation: 0.5236206 0.9482375 121.4703
enu_velocity: -11.75336 14.24099 -0.02898751
velocity: 18.28019 2.59237 0.2498896
angularVelocity: 0.03995457 -0.03085192 0.4743131
acceleration: 0.8829585 2.169471 -0.5112886
accel: 0.2977737
brake: 0.0
steer: 0.4572
linkid: A219BS010658
trafficlightid: C119BS010046
turn_signal_lamp: 1.0