position: 114.45309900000001 117.69900000000007 -0.3113931
orientation: 0.5983276 0.8342901 123.063
enu_velocity: -12.23571 14.14633 -0.0990714
velocity: 18.53043 2.538366 0.1442622
angularVelocity: 0.001818255 -0.02379123 0.4577411
acceleration: 0.7789116 2.230255 -0.3154463
accel: 0.2846871
brake: 0.0
steer: 0.4418
linkid: A219BS010658
trafficlightid: C119BS010046
turn_signal_lamp: 1.0