position: 114.39609899999999 117.78500000000008 -0.3127741
orientation: 0.603241 0.8060184 123.5833
enu_velocity: -12.3935 14.1104 -0.1163609
velocity: 18.61038 2.521043 0.1189132
angularVelocity: -0.002810961 -0.01831971 0.45313
acceleration: 0.7979829 2.059742 -0.2026756
accel: 0.2794393
brake: 0.0
steer: 0.4316
linkid: A219BS010658
trafficlightid: C119BS010046
turn_signal_lamp: 1.0