position: 114.337999 117.8710000000001 -0.3139981
orientation: 0.6073914 0.785722 124.0979
enu_velocity: -12.54292 14.08097 -0.1248835
velocity: 18.69181 2.493902 0.105019
angularVelocity: -0.00254878 -0.01121623 0.4477664
acceleration: 0.8267139 1.910635 -0.1174165
accel: 0.2721645
brake: 0.0
steer: 0.4217
linkid: A219BS010658
trafficlightid: C119BS010046
turn_signal_lamp: 1.0