position: 114.278899 117.95700000000011 -0.31505
orientation: 0.6122437 0.7732211 124.6056
enu_velocity: -12.68522 14.05582 -0.1306465
velocity: 18.77337 2.459483 0.09643257
angularVelocity: -0.001424151 -0.004560078 0.4415649
acceleration: 0.8311579 1.800039 -0.07861205
accel: 0.263365
brake: 0.0
steer: 0.4229
linkid: A219BS010658
trafficlightid: C119BS010046
turn_signal_lamp: 1.0