position: 114.15779900000001 118.12800000000016 -0.3166482
orientation: 0.6262817 0.7669669 125.6032
enu_velocity: -12.96497 13.98544 -0.1240257
velocity: 18.91888 2.400796 0.102993
angularVelocity: 0.001587632 0.005033735 0.4320861
acceleration: 0.6881496 1.872385 0.1010421
accel: 0.2535522
brake: 0.0
steer: 0.4034
linkid: A219BS010658
trafficlightid: C119BS010046
turn_signal_lamp: 1.0