position: 113.904199 118.4670000000001 -0.3186391
orientation: 0.6868591 0.7782785 127.5206
enu_velocity: -13.48356 13.85753 -0.08828635
velocity: 19.20243 2.25629 0.1455215
angularVelocity: 0.01147238 0.005614659 0.4072012
acceleration: 0.6545544 1.761299 0.0678248
accel: 0.2189781
brake: 0.0
steer: 0.3734
linkid: A219BS010658
trafficlightid: C119BS010046
turn_signal_lamp: 1.0