position: 113.83849900000001 118.55200000000013 -0.3190218
orientation: 0.7000732 0.779623 127.9822
enu_velocity: -13.60646 13.81747 -0.07077108
velocity: 19.26378 2.223313 0.1642083
angularVelocity: 0.00420502 0.006187893 0.4010983
acceleration: 0.6021651 1.679172 0.2412232
accel: 0.2150426
brake: 0.0
steer: 0.3647
linkid: A219BS010658
trafficlightid: C119BS010046
turn_signal_lamp: 1.0