position: 113.77189899999999 118.63599999999997 -0.3192488
orientation: 0.7072144 0.7824157 128.4362
enu_velocity: -13.7267 13.77754 -0.04775751
velocity: 19.32392 2.189927 0.1891206
angularVelocity: 0.0004443808 0.007948637 0.394448
acceleration: 0.6089526 1.642329 0.3496806
accel: 0.2086657
brake: 0.0
steer: 0.3564
linkid: A219BS010658
trafficlightid: C119BS010046
turn_signal_lamp: 1.0