position: 113.704399 118.72000000000003 -0.3193231
orientation: 0.7151489 0.7861331 128.8822
enu_velocity: -13.84201 13.73962 -0.02530862
velocity: 19.3829 2.153324 0.2137914
angularVelocity: 0.001858678 0.008099643 0.3874023
acceleration: 0.5806626 1.559752 0.315796
accel: 0.2007019
brake: 0.0
steer: 0.3511
linkid: A219BS010658
trafficlightid: C119BS010046
turn_signal_lamp: 1.0