position: 113.56699900000001 118.88599999999997 -0.3190508
orientation: 0.7350464 0.793879 129.7514
enu_velocity: -14.0613 13.66172 0.02460785
velocity: 19.49289 2.078195 0.2680785
angularVelocity: 0.004435888 0.008055147 0.3744852
acceleration: 0.5222837 1.517481 0.3321101
accel: 0.1871943
brake: 0.0
steer: 0.3346
linkid: A219BS010658
trafficlightid: C119BS010046
turn_signal_lamp: 1.0