position: 113.49709899999999 118.96900000000005 -0.3187255
orientation: 0.746521 0.7971655 130.1748
enu_velocity: -14.16587 13.62279 0.04876474
velocity: 19.54505 2.039493 0.2941734
angularVelocity: 0.004946435 0.007471739 0.3676355
acceleration: 0.5153884 1.448018 0.3204075
accel: 0.1797085
brake: 0.0
steer: 0.3269
linkid: A219BS010658
trafficlightid: C119BS010046
turn_signal_lamp: 1.0