position: 113.426399 119.05200000000013 -0.3182957
orientation: 0.7579956 0.7995375 130.59
enu_velocity: -14.26664 13.58475 0.07160412
velocity: 19.59562 1.999441 0.3186539
angularVelocity: 0.004953064 0.006592116 0.3604269
acceleration: 0.497057 1.399544 0.3000641
accel: 0.1722167
brake: 0.0
steer: 0.3194
linkid: A219BS010658
trafficlightid: C119BS010046
turn_signal_lamp: 1.0