position: 113.28279900000001 119.2170000000001 -0.3171391
orientation: 0.7801819 0.8020889 131.3953
enu_velocity: -14.45691 13.50924 0.1133438
velocity: 19.69028 1.917196 0.3629479
angularVelocity: 0.004749895 0.005980194 0.3457831
acceleration: 0.4570605 1.301364 0.2669231
accel: 0.1575195
brake: 0.0
steer: 0.3043
linkid: A219BS010658
trafficlightid: C119BS010046
turn_signal_lamp: 1.0