position: 112.986999 119.54200000000014 -0.3137672
orientation: 0.8320313 0.8084907 132.904
enu_velocity: -14.79555 13.36182 0.1593907
velocity: 19.85565 1.747523 0.4142727
angularVelocity: 0.009308365 0.005651256 0.3163798
acceleration: 0.3649206 1.166447 0.06140809
accel: 0.1288347
brake: 0.0
steer: 0.2743
linkid: A219BS010658
trafficlightid: C119BS010046
turn_signal_lamp: 1.0