position: 112.91139899999999 119.62200000000007 -0.3128446
orientation: 0.849762 0.8089817 133.2605
enu_velocity: -14.87057 13.32438 0.1653174
velocity: 19.89015 1.704443 0.4209577
angularVelocity: 0.01162904 0.004628206 0.3090314
acceleration: 0.3430288 1.075853 0.07880738
accel: 0.1236029
brake: 0.0
steer: 0.2678
linkid: A219BS010658
trafficlightid: C119BS010046
turn_signal_lamp: 1.0