position: 112.52509900000001 120.02099999999996 -0.3093473
orientation: 1.013519 0.7707915 134.9353
enu_velocity: -15.22674 13.10367 0.1544379
velocity: 20.02703 1.531112 0.396868
angularVelocity: 0.03668454 -0.005807104 0.285801
acceleration: 0.1021073 1.525326 -0.06493946
accel: 0.102166
brake: 0.0
steer: 0.2599
linkid: A219BS010658
trafficlightid: C119BS010046
turn_signal_lamp: 1.0