position: 112.36699899999999 120.17800000000011 -0.3084032
orientation: 1.109009 0.7427578 135.5842
enu_velocity: -15.37783 12.97891 0.1519999
velocity: 20.06385 1.499459 0.3831769
angularVelocity: 0.03610025 -0.008183079 0.2808156
acceleration: 0.1554079 1.298312 -0.0272356
accel: 0.09668402
brake: 0.0
steer: 0.2494
linkid: A219BS010658
trafficlightid: C119BS010046
turn_signal_lamp: 1.0