position: 112.12609900000001 120.41000000000008 -0.3074625
orientation: 1.218903 0.6843342 136.5382
enu_velocity: -15.62426 12.74452 0.1507317
velocity: 20.10395 1.505075 0.3589383
angularVelocity: 0.02661258 -0.01245405 0.2807361
acceleration: 0.008955479 1.761817 -0.001342196
accel: 0.09856924
brake: 0.0
steer: 0.2602
linkid: A219BS010658
trafficlightid: C119BS010046
turn_signal_lamp: 1.0