position: 112.04479900000001 120.48700000000008 -0.3071905
orientation: 1.250305 0.6626624 136.8597
enu_velocity: -15.70853 12.66268 0.153736
velocity: 20.11768 1.509657 0.3535734
angularVelocity: 0.02310008 -0.01301373 0.2807294
acceleration: 0.08585989 1.592517 0.009630691
accel: 0.09759015
brake: 0.0
steer: 0.2552
linkid: A219BS010658
trafficlightid: C119BS010046
turn_signal_lamp: 1.0