position: 111.797899 120.71399999999994 -0.3063609
orientation: 1.311035 0.5936017 137.8146
enu_velocity: -15.95342 12.41913 0.1661373
velocity: 20.15814 1.519135 0.3403296
angularVelocity: 0.009828664 -0.01383133 0.2795994
acceleration: -0.0002326965 1.833946 0.04906068
accel: 0.09763706
brake: 0.0
steer: 0.2603
linkid: A219BS010658
trafficlightid: C119BS010046
turn_signal_lamp: 1.0