position: 111.714699 120.78899999999999 -0.3060242
orientation: 1.324432 0.5699585 138.135
enu_velocity: -16.0344 12.33137 0.176768
velocity: 20.16806 1.525907 0.3422308
angularVelocity: 0.00871967 -0.01436749 0.2799453
acceleration: 0.04266179 1.623117 0.1131798
accel: 0.09834176
brake: 0.0
steer: 0.2553
linkid: A219BS010658
trafficlightid: C119BS010046
turn_signal_lamp: 1.0