position: 111.630999 120.86400000000003 -0.3056497
orientation: 1.337158 0.5454098 138.4542
enu_velocity: -16.10948 12.2544 0.1880746
velocity: 20.1814 1.521057 0.3447989
angularVelocity: 0.008332416 -0.01515953 0.278515
acceleration: 0.07639253 1.458045 0.1257819
accel: 0.09643985
brake: 0.0
steer: 0.2504
linkid: A219BS010658
trafficlightid: C119BS010046
turn_signal_lamp: 1.0