position: 111.546799 120.9380000000001 -0.305237
orientation: 1.349823 0.5198739 138.7706
enu_velocity: -16.17901 12.1848 0.1997782
velocity: 20.19592 1.507878 0.3476149
angularVelocity: 0.008606765 -0.01602459 0.2758336
acceleration: 0.08824575 1.33949 0.133285
accel: 0.09436019
brake: 0.0
steer: 0.2606
linkid: A219BS010658
trafficlightid: C119BS010046
turn_signal_lamp: 1.0