position: 111.462099 121.01199999999994 -0.3047811
orientation: 1.364716 0.493444 139.0855
enu_velocity: -16.25242 12.10507 0.2120457
velocity: 20.20718 1.505357 0.3503337
angularVelocity: 0.01207567 -0.01664539 0.2762622
acceleration: -0.007698774 1.725359 0.1340617
accel: 0.09163068
brake: 0.0
steer: 0.2557
linkid: A219BS010658
trafficlightid: C119BS010046
turn_signal_lamp: 1.0