position: 111.37699900000001 121.08500000000004 -0.3042645
orientation: 1.381256 0.467833 139.4021
enu_velocity: -16.33036 12.02312 0.2166027
velocity: 20.22112 1.506603 0.3455074
angularVelocity: 0.01156359 -0.01530521 0.2765777
acceleration: 0.08632421 1.515676 0.004752936
accel: 0.09315616
brake: 0.0
steer: 0.2507
linkid: A219BS010658
trafficlightid: C119BS010046
turn_signal_lamp: 1.0