position: 111.29139900000001 121.15800000000013 -0.3036896
orientation: 1.393707 0.4440889 139.7166
enu_velocity: -16.40347 11.95078 0.2175086
velocity: 20.23819 1.497902 0.3380481
angularVelocity: 0.007574063 -0.01363386 0.2741982
acceleration: 0.1240889 1.396454 -0.02914095
accel: 0.08905939
brake: 0.0
steer: 0.2457
linkid: A219BS010658
trafficlightid: C119BS010046
turn_signal_lamp: 1.0