position: 20.128929 36.065000000000055 -0.2513755
orientation: 1.517212 0.9351348 61.14569
enu_velocity: 19.36095 35.0245 0.01538023
velocity: 40.01391 -0.0372982 0.6697367
angularVelocity: -0.006026813 -0.002132157 -0.0009023008
acceleration: 0.0270404 -0.005085113 0.02767022
accel: 0.02646869
brake: 0.0
steer: -0.0004
linkid: A219BS010380
trafficlightid: null
turn_signal_lamp: 0.0