position: 111.118799 121.30200000000013 -0.3025341
orientation: 1.408173 0.4001748 140.334
enu_velocity: -16.53914 11.82276 0.2007523
velocity: 20.27619 1.464193 0.3064861
angularVelocity: 0.00418538 -0.01187527 0.2667507
acceleration: 0.1560664 1.213753 -0.2054067
accel: 0.07945888
brake: 0.0
steer: 0.247
linkid: A219BS010658
trafficlightid: C119BS010046
turn_signal_lamp: 1.0