position: 111.031799 121.37400000000002 -0.3019913
orientation: 1.417969 0.3810163 140.6398
enu_velocity: -16.61079 11.7454 0.1856906
velocity: 20.29022 1.460699 0.2845676
angularVelocity: 0.007397015 -0.009548495 0.2670564
acceleration: 0.08963847 1.412446 -0.2531548
accel: 0.07829823
brake: 0.0
steer: 0.2422
linkid: A219BS010658
trafficlightid: C119BS010046
turn_signal_lamp: 1.0