position: 110.944299 121.44499999999994 -0.3014706
orientation: 1.429779 0.3645618 140.9438
enu_velocity: -16.67624 11.67618 0.1681658
velocity: 20.30505 1.447488 0.2613317
angularVelocity: 0.008886926 -0.007172812 0.264955
acceleration: 0.1077378 1.285371 -0.2825496
accel: 0.0748204
brake: 0.0
steer: 0.2373
linkid: A219BS010658
trafficlightid: C119BS010046
turn_signal_lamp: 1.0