position: 110.85649900000001 121.51600000000008 -0.3009687
orientation: 1.44165 0.3511665 141.2443
enu_velocity: -16.73682 11.61209 0.1504614
velocity: 20.31962 1.42836 0.239145
angularVelocity: 0.008275198 -0.004287611 0.2615215
acceleration: 0.09774983 1.193272 -0.2602078
accel: 0.07088453
brake: 0.0
steer: 0.2326
linkid: A219BS010658
trafficlightid: C119BS010046
turn_signal_lamp: 1.0