position: 110.76819900000001 121.58699999999999 -0.3004596
orientation: 1.451508 0.3415838 141.5402
enu_velocity: -16.79401 11.55048 0.1332926
velocity: 20.33331 1.406737 0.2189554
angularVelocity: 0.006640065 -0.001026974 0.2572223
acceleration: 0.08776522 1.145018 -0.2693084
accel: 0.0670859
brake: 0.0
steer: 0.2361
linkid: A219BS010658
trafficlightid: C119BS010046
turn_signal_lamp: 1.0