position: 110.59029899999999 121.72600000000011 -0.299432
orientation: 1.469513 0.3334933 142.1223
enu_velocity: -16.91093 11.41166 0.09924777
velocity: 20.35378 1.380573 0.1823764
angularVelocity: 0.006549194 0.005241175 0.2525654
acceleration: 0.0360589 1.242343 -0.2644006
accel: 0.06328958
brake: 0.0
steer: 0.2268
linkid: A219BS010658
trafficlightid: C119BS010046
turn_signal_lamp: 1.0