position: 110.500899 121.79500000000007 -0.2988904
orientation: 1.479706 0.335203 142.4093
enu_velocity: -16.96489 11.34532 0.08653949
velocity: 20.36277 1.363827 0.1705117
angularVelocity: 0.007894639 0.008932902 0.2495113
acceleration: 0.03053391 1.154156 -0.1824643
accel: 0.06119151
brake: 0.0
steer: 0.2224
linkid: A219BS010658
trafficlightid: C119BS010046
turn_signal_lamp: 1.0