position: 110.32069899999999 121.93200000000002 -0.2974778
orientation: 1.495056 0.3555884 142.9714
enu_velocity: -17.0653 11.21692 0.0744673
velocity: 20.37796 1.32687 0.1663775
angularVelocity: 0.00214141 0.01977135 0.242583
acceleration: -0.003073335 1.247136 -0.1017348
accel: 0.05616852
brake: 0.0
steer: 0.219
linkid: A219BS010658
trafficlightid: C119BS010046
turn_signal_lamp: 1.0