position: 109.956099 122.202 -0.2929578
orientation: 1.480103 0.4743993 144.0505
enu_velocity: -17.25868 10.96471 0.04821885
velocity: 20.40748 1.260962 0.1846861
angularVelocity: -0.008002639 0.04072154 0.227626
acceleration: 0.01725793 1.002155 -0.1249442
accel: 0.0467516
brake: 0.0
steer: 0.2051
linkid: A219BS010658
trafficlightid: C119BS010046
turn_signal_lamp: 1.0