position: 109.67909900000001 122.39900000000011 -0.2885917
orientation: 1.453888 0.6121396 144.8182
enu_velocity: -17.38368 10.78046 0.0400584
velocity: 20.41798 1.210988 0.2275595
angularVelocity: -0.01219795 0.04805664 0.2176687
acceleration: -0.04265702 0.9659453 -0.02162347
accel: 0.04243783
brake: 0.0
steer: 0.1929
linkid: A219BS010658
trafficlightid: C119BS010046
turn_signal_lamp: 1.0