position: 109.58609899999999 122.46399999999994 -0.2870513
orientation: 1.442719 0.6608818 145.0656
enu_velocity: -17.42005 10.72292 0.04470782
velocity: 20.41958 1.191334 0.2503369
angularVelocity: -0.01209221 0.04789045 0.2137684
acceleration: -0.04655111 0.9379865 0.04998473
accel: 0.04174316
brake: 0.0
steer: 0.1902
linkid: A219BS010658
trafficlightid: C119BS010046
turn_signal_lamp: 1.0