position: 109.39939899999999 122.59300000000007 -0.2837902
orientation: 1.429901 0.7589255 145.5501
enu_velocity: -17.48569 10.60953 0.07003579
velocity: 20.41801 1.150715 0.3118919
angularVelocity: -0.003458727 0.04861117 0.2084855
acceleration: -0.07237434 0.882669 0.2035041
accel: 0.04154201
brake: 0.0
steer: 0.1823
linkid: A219BS010658
trafficlightid: C119BS010046
turn_signal_lamp: 1.0