position: 109.305699 122.65700000000015 -0.2820137
orientation: 1.435791 0.8084086 145.7884
enu_velocity: -17.51676 10.55648 0.0865602
velocity: 20.41792 1.128014 0.3465168
angularVelocity: 0.004129339 0.04824411 0.2061895
acceleration: -0.06150246 0.8501425 0.212603
accel: 0.04022857
brake: 0.0
steer: 0.1785
linkid: A219BS010658
trafficlightid: C119BS010046
turn_signal_lamp: 1.0