position: 109.21179900000001 122.721 -0.2801596
orientation: 1.449768 0.8571453 146.0238
enu_velocity: -17.54656 10.50462 0.1044308
velocity: 20.41747 1.104725 0.3820829
angularVelocity: 0.01080364 0.04747819 0.2036451
acceleration: -0.06483352 0.8293126 0.230914
accel: 0.03930848
brake: 0.0
steer: 0.1744
linkid: A219BS010658
trafficlightid: C119BS010046
turn_signal_lamp: 1.0