position: 109.11759900000001 122.7840000000001 -0.2782316
orientation: 1.470642 0.9048234 146.2561
enu_velocity: -17.57543 10.4538 0.1229295
velocity: 20.41688 1.081272 0.4177853
angularVelocity: 0.01640756 0.04649438 0.2008691
acceleration: -0.06350434 0.8109742 0.2372592
accel: 0.03837377
brake: 0.0
steer: 0.1704
linkid: A219BS010658
trafficlightid: C119BS010046
turn_signal_lamp: 1.0