position: 109.023199 122.84699999999998 -0.2762342
orientation: 1.496918 0.9511942 146.4849
enu_velocity: -17.6032 10.40415 0.141764
velocity: 20.41607 1.057557 0.4532792
angularVelocity: 0.02070855 0.04531421 0.1977544
acceleration: -0.06468868 0.7898412 0.2404023
accel: 0.03735895
brake: 0.0
steer: 0.1666
linkid: A219BS010658
trafficlightid: C119BS010046
turn_signal_lamp: 1.0