position: 108.833699 122.97199999999998 -0.2724425
orientation: 1.543793 1.030353 146.9283
enu_velocity: -17.66614 10.30752 0.1506258
velocity: 20.4227 1.016201 0.4907531
angularVelocity: 0.0130872 0.03473499 0.1891145
acceleration: 0.002624393 0.8199028 -0.07571186
accel: 0.03134231
brake: 0.0
steer: 0.1577
linkid: A219BS010391
trafficlightid: C119BS010007
turn_signal_lamp: 1.0