position: 108.73849899999999 123.0340000000001 -0.270888
orientation: 1.559631 1.058291 147.1421
enu_velocity: -17.69645 10.26015 0.1440147
velocity: 20.42593 0.9964342 0.4944252
angularVelocity: 0.009551935 0.0277173 0.1847418
acceleration: -0.004690289 0.7738339 -0.1187663
accel: 0.02828256
brake: 0.0
steer: 0.1539
linkid: A219BS010391
trafficlightid: C119BS010007
turn_signal_lamp: 1.0