position: 108.643099 123.09500000000003 -0.2695721
orientation: 1.571594 1.078924 147.3509
enu_velocity: -17.72527 10.21301 0.1356751
velocity: 20.42817 0.9773073 0.4938053
angularVelocity: 0.00621617 0.02147153 0.1805407
acceleration: -0.01791584 0.7604513 -0.1418739
accel: 0.02584927
brake: 0.0
steer: 0.1502
linkid: A219BS010391
trafficlightid: C119BS010007
turn_signal_lamp: 1.0