position: 108.54739900000001 123.15599999999995 -0.2684747
orientation: 1.580017 1.093283 147.5548
enu_velocity: -17.75266 10.16629 0.1262192
velocity: 20.42957 0.9586716 0.489867
angularVelocity: 0.003269423 0.01614453 0.1764725
acceleration: -0.02734214 0.7436045 -0.1566262
accel: 0.02373336
brake: 0.0
steer: 0.1444
linkid: A219BS010391
trafficlightid: C119BS010007
turn_signal_lamp: 1.0