position: 20.451559 36.64800000000014 -0.2511137
orientation: 1.490479 0.9338764 61.14175
enu_velocity: 19.36479 35.02904 0.01669436
velocity: 40.01973 -0.03601837 0.6702083
angularVelocity: -0.007001607 0.0004092839 -0.001201351
acceleration: 0.02750902 -0.0183572 -0.03638151
accel: 0.02416267
brake: 0.0
steer: -0.0005
linkid: A219BS010380
trafficlightid: null
turn_signal_lamp: 0.0