position: 108.259299 123.33699999999999 -0.2662783
orientation: 1.582611 1.10958 148.1355
enu_velocity: -17.81069 10.02812 0.09001003
velocity: 20.415 0.8986778 0.4607853
angularVelocity: -0.005847482 0.004627261 0.1634554
acceleration: 0.02745736 0.6732897 -0.1946477
accel: 0.02348123
brake: 0.0
steer: 0.1339
linkid: A219BS010391
trafficlightid: C119BS010007
turn_signal_lamp: 0.0