position: 108.162799 123.39700000000016 -0.2658761
orientation: 1.577881 1.10776 148.3197
enu_velocity: -17.82872 9.984196 0.07821309
velocity: 20.41026 0.8795042 0.4488422
angularVelocity: -0.007670077 0.002457461 0.1597482
acceleration: -0.1965016 0.6277106 -0.182612
accel: 0.02078082
brake: 0.0
steer: 0.1274
linkid: A219BS010391
trafficlightid: C119BS010007
turn_signal_lamp: 0.0