position: 107.87251900000001 123.57400000000007 -0.2652304
orientation: 1.552521 1.094431 148.8385
enu_velocity: -17.86724 9.877967 0.04835617
velocity: 20.39595 0.804327 0.416365
angularVelocity: -0.01167102 -0.0008864459 0.1445088
acceleration: -0.2224885 0.4670287 -0.1357757
accel: 0.01839363
brake: 0.0
steer: 0.1178
linkid: A219BS010391
trafficlightid: C119BS010007
turn_signal_lamp: 0.0