position: 107.58080899999999 123.74900000000002 -0.2659138
orientation: 1.519348 1.059539 149.3086
enu_velocity: -17.90559 9.789237 -0.01286103
velocity: 20.39085 0.7306337 0.3450055
angularVelocity: -0.01134825 -0.01115269 0.1307265
acceleration: -0.1687799 0.3110254 -0.3146785
accel: 0.01261153
brake: 0.0
steer: 0.105
linkid: A219BS010391
trafficlightid: C119BS010007
turn_signal_lamp: 0.0