position: 107.48336900000001 123.80600000000004 -0.2665396
orientation: 1.510101 1.041998 149.454
enu_velocity: -17.89369 9.752694 -0.03353818
velocity: 20.36428 0.7035284 0.3184184
angularVelocity: -0.009956915 -0.01220831 0.1261607
acceleration: -0.3942635 0.3531553 -0.2980766
accel: 0.02988533
brake: 0.0
steer: 0.1024
linkid: A219BS010391
trafficlightid: C119BS010007
turn_signal_lamp: 0.0