position: 20.559079 36.843000000000075 -0.250986
orientation: 1.483704 0.9356608 61.14037
enu_velocity: 19.35784 35.01307 0.01364767
velocity: 40.00243 -0.0368042 0.6681383
angularVelocity: -0.005591683 0.001930825 -0.001280525
acceleration: -0.2788844 -0.02574036 -0.04673647
accel: 0.03242634
brake: 0.0
steer: -0.0006
linkid: A219BS010380
trafficlightid: null
turn_signal_lamp: 0.0