position: 107.385839 123.86400000000003 -0.2673339
orientation: 1.503204 1.022214 149.5949
enu_velocity: -17.90541 9.727392 -0.0526867
velocity: 20.36369 0.6804733 0.2929023
angularVelocity: -0.007587042 -0.01479503 0.1225472
acceleration: 0.09771505 0.3960585 -0.2663397
accel: 0.02893434
brake: 0.0
steer: 0.0999
linkid: A219BS010391
trafficlightid: C119BS010007
turn_signal_lamp: 0.0