position: 107.288139 123.92100000000005 -0.2682467
orientation: 1.496643 1.000809 149.7319
enu_velocity: -17.92554 9.704412 -0.06411353
velocity: 20.37136 0.661252 0.2745707
angularVelocity: -0.008042198 -0.01564846 0.1191353
acceleration: 0.06931117 0.4164242 -0.1499454
accel: 0.01666527
brake: 0.0
steer: 0.0929
linkid: A219BS010391
trafficlightid: C119BS010007
turn_signal_lamp: 0.0