position: 107.190349 123.97800000000007 -0.2691714
orientation: 1.488342 0.9807594 149.8639
enu_velocity: -17.91765 9.674851 -0.07208201
velocity: 20.35139 0.6354761 0.259888
angularVelocity: -0.009974007 -0.01391924 0.1138649
acceleration: -0.4057775 0.1912634 -0.113453
accel: 0.02260802
brake: 0.0
steer: 0.0903
linkid: A219BS010391
trafficlightid: C119BS010007
turn_signal_lamp: 0.0