position: 107.09254899999999 124.0340000000001 -0.2700049
orientation: 1.480377 0.96454 149.9899
enu_velocity: -17.90809 9.648943 -0.07185316
velocity: 20.33155 0.6081924 0.2548113
angularVelocity: -0.008309036 -0.01061972 0.1091627
acceleration: -0.1660504 0.2571835 0.009563962
accel: 0.03719253
brake: 0.0
steer: 0.088
linkid: A219BS010391
trafficlightid: C119BS010007
turn_signal_lamp: 0.0