position: 106.994619 124.09000000000015 -0.2707578
orientation: 1.473511 0.9512776 150.1118
enu_velocity: -17.92599 9.633693 -0.07176615
velocity: 20.34077 0.5869207 0.2509617
angularVelocity: -0.007575328 -0.008229474 0.1058431
acceleration: 0.1227772 0.3159282 0.0009560944
accel: 0.02230777
brake: 0.0
steer: 0.0857
linkid: A219BS010391
trafficlightid: C119BS010007
turn_signal_lamp: 0.0