position: 106.896549 124.14700000000016 -0.2714087
orientation: 1.467133 0.9415099 150.2302
enu_velocity: -17.93495 9.612031 -0.0696779
velocity: 20.33895 0.5680714 0.2500989
angularVelocity: -0.007253375 -0.00487562 0.1026814
acceleration: -0.1755578 0.3154138 0.02317893
accel: 0.01655647
brake: 0.0
steer: 0.0788
linkid: A219BS010391
trafficlightid: C119BS010007
turn_signal_lamp: 0.0