position: 106.798449 124.202 -0.2719127
orientation: 1.460632 0.9365851 150.3453
enu_velocity: -17.92807 9.580789 -0.06615905
velocity: 20.31858 0.5509977 0.2520362
angularVelocity: -0.007396201 -0.0005357019 0.09970783
acceleration: -0.4121644 0.33268 0.03736347
accel: 0.02570513
brake: 0.0
steer: 0.0766
linkid: A219BS010391
trafficlightid: C119BS010007
turn_signal_lamp: 0.0