position: 106.700289 124.25800000000004 -0.2722912
orientation: 1.451874 0.935524 150.4544
enu_velocity: -17.93112 9.569942 -0.06193068
velocity: 20.31681 0.5232916 0.2566464
angularVelocity: -0.009586483 0.001957263 0.09405249
acceleration: 0.07228388 0.1949926 0.05806452
accel: 0.03020583
brake: 0.0
steer: 0.0744
linkid: A219BS010391
trafficlightid: C119BS010007
turn_signal_lamp: 0.0