position: 106.50361899999999 124.36900000000014 -0.2727961
orientation: 1.434387 0.9390111 150.6606
enu_velocity: -17.94314 9.535523 -0.0474699
velocity: 20.3119 0.486392 0.2733523
angularVelocity: -0.007982652 0.005040971 0.08767363
acceleration: -0.1973365 0.2563566 0.1134897
accel: 0.02466682
brake: 0.0
steer: 0.0705
linkid: A219BS010391
trafficlightid: C119BS010007
turn_signal_lamp: 0.0