position: 106.306749 124.47900000000004 -0.2729489
orientation: 1.423676 0.9477825 150.8535
enu_velocity: -17.94826 9.508128 -0.0266188
velocity: 20.30415 0.4449654 0.2983148
angularVelocity: -0.005951881 0.005657993 0.08048181
acceleration: 0.07257948 -0.04872423 0.1567639
accel: 0.02091958
brake: 0.0
steer: 0.0618
linkid: A219BS010391
trafficlightid: C119BS010007
turn_signal_lamp: 0.0