position: 106.208179 124.5340000000001 -0.2729453
orientation: 1.418671 0.9516718 150.9425
enu_velocity: -17.94891 9.498554 -0.01524721
velocity: 20.3005 0.4223928 0.3116072
angularVelocity: -0.005577389 0.005357327 0.07664505
acceleration: -0.1863547 0.1327808 0.1479892
accel: 0.01557605
brake: 0.0
steer: 0.06
linkid: A219BS010391
trafficlightid: C119BS010007
turn_signal_lamp: 0.0