position: 106.109609 124.58899999999994 -0.2728698
orientation: 1.414368 0.9559419 151.0279
enu_velocity: -17.93556 9.477417 -0.004128794
velocity: 20.27898 0.4044523 0.3243591
angularVelocity: -0.004760734 0.005779929 0.07370437
acceleration: -0.4197797 0.1810345 0.1419265
accel: 0.02517491
brake: 0.0
steer: 0.0584
linkid: A219BS010391
trafficlightid: C119BS010007
turn_signal_lamp: 0.0