position: 105.81361899999999 124.75199999999995 -0.2724426
orientation: 1.405151 0.9626214 151.2645
enu_velocity: -17.93878 9.451492 0.02772223
velocity: 20.27023 0.3457804 0.3599455
angularVelocity: -0.004881241 0.002501382 0.06311541
acceleration: -0.1814494 0.02727163 0.1312649
accel: 0.02423033
brake: 0.0
steer: 0.0488
linkid: A219BS010391
trafficlightid: C119BS010007
turn_signal_lamp: 0.0