position: 105.61607900000001 124.86000000000013 -0.2720101
orientation: 1.398315 0.9626608 151.4025
enu_velocity: -17.9423 9.428769 0.04501227
velocity: 20.26291 0.3189621 0.3778288
angularVelocity: -0.003259161 0.0004052382 0.0588358
acceleration: 0.07062663 0.1814145 0.1064863
accel: 0.02119217
brake: 0.0
steer: 0.0462
linkid: A219BS010391
trafficlightid: C119BS010007
turn_signal_lamp: 0.0