position: 105.51721900000001 124.91399999999999 -0.271775
orientation: 1.396332 0.9608352 151.4685
enu_velocity: -17.94473 9.415909 0.05311111
velocity: 20.25913 0.3082628 0.3854933
angularVelocity: -0.00250042 -0.0001336155 0.0571414
acceleration: -0.1858961 0.1715067 0.1055972
accel: 0.01677358
brake: 0.0
steer: 0.0399
linkid: A219BS010391
trafficlightid: C119BS010007
turn_signal_lamp: 0.0