position: 105.319489 125.02099999999996 -0.2711778
orientation: 1.389313 0.9578418 151.586
enu_velocity: -17.92776 9.413119 0.06481902
velocity: 20.24326 0.2612877 0.3970579
angularVelocity: -0.0043951 -0.0003872328 0.04806622
acceleration: 0.06655847 0.05629145 0.06787109
accel: 0.02796783
brake: 0.0
steer: 0.0429
linkid: A219BS010391
trafficlightid: C119BS010007
turn_signal_lamp: 0.0