position: 105.220539 125.07400000000007 -0.2708664
orientation: 1.386261 0.9553425 151.6395
enu_velocity: -17.93567 9.409204 0.06904581
velocity: 20.24854 0.2496462 0.400786
angularVelocity: -0.003049932 -0.001247197 0.04637133
acceleration: 0.0717281 0.116083 0.05340263
accel: 0.01816756
brake: 0.0
steer: 0.0364
linkid: A219BS010391
trafficlightid: C119BS010007
turn_signal_lamp: 0.0