position: 104.92374899999999 125.23400000000015 -0.2698188
orientation: 1.389771 0.9494464 151.7958
enu_velocity: -17.92503 9.371771 0.0724678
velocity: 20.22204 0.2224216 0.4023309
angularVelocity: 0.000882348 -0.001249647 0.04254066
acceleration: 0.1194996 0.09674496 -0.00844008
accel: 0.02360637
brake: 0.0
steer: 0.0335
linkid: A219BS010391
trafficlightid: C119BS010007
turn_signal_lamp: 0.0