position: 104.824749 125.28700000000003 -0.2694947
orientation: 1.3927 0.9466015 151.8435
enu_velocity: -17.92627 9.363103 0.07178828
velocity: 20.21924 0.213789 0.4007991
angularVelocity: 0.002165658 -0.001317305 0.04135974
acceleration: -0.1715188 0.1095927 -0.01722669
accel: 0.0181534
brake: 0.0
steer: 0.0326
linkid: A219BS010391
trafficlightid: C119BS010007
turn_signal_lamp: 0.0