position: 20.881599 37.427000000000135 -0.250457
orientation: 1.461792 0.9473246 61.13553
enu_velocity: 19.36203 35.01154 0.01227717
velocity: 40.003 -0.03791618 0.6749328
angularVelocity: -0.005771284 0.003363694 -0.001560547
acceleration: 0.06425556 -0.0121267 -0.02518821
accel: 0.029906
brake: 0.0
steer: -0.0006
linkid: A219BS010380
trafficlightid: null
turn_signal_lamp: 0.0