position: 104.42867899999999 125.49900000000002 -0.2682461
orientation: 1.405792 0.9373131 152.0083
enu_velocity: -17.89718 9.349578 0.06189391
velocity: 20.18794 0.1536713 0.3885371
angularVelocity: 0.00119274 -0.0004129232 0.03028104
acceleration: -0.3882204 0.03709953 -0.067706
accel: 0.02676389
brake: 0.0
steer: 0.0238
linkid: A219BS010391
trafficlightid: C119BS010007
turn_signal_lamp: 0.0