position: 104.23059900000001 125.60500000000002 -0.2679283
orientation: 1.404053 0.928642 152.0747
enu_velocity: -17.91053 9.33926 0.04178836
velocity: 20.19545 0.145092 0.3657021
angularVelocity: -0.002386676 -0.004871702 0.0284511
acceleration: 0.109213 0.1299808 -0.1438868
accel: 0.0196031
brake: 0.0
steer: 0.0172
linkid: A219BS010391
trafficlightid: C119BS010007
turn_signal_lamp: 0.0