position: 104.131509 125.65700000000015 -0.2679271
orientation: 1.398529 0.9216098 152.104
enu_velocity: -17.89603 9.342861 0.03123965
velocity: 20.18459 0.1244383 0.3530113
angularVelocity: -0.007104789 -0.005708432 0.02336161
acceleration: -0.1534412 -0.4090131 -0.1437365
accel: 0.0258181
brake: 0.0
steer: 0.0166
linkid: A219BS010391
trafficlightid: C119BS010007
turn_signal_lamp: 0.0