position: 103.834149 125.81500000000005 -0.268378
orientation: 1.36795 0.8949848 152.172
enu_velocity: -17.8894 9.333858 0.008330483
velocity: 20.17518 0.1043797 0.3211018
angularVelocity: -0.007474035 -0.00678758 0.01908059
acceleration: -0.1814622 0.04632448 -0.0478317
accel: 0.02476854
brake: 0.0
steer: 0.0103
linkid: A219BS010391
trafficlightid: C119BS010007
turn_signal_lamp: 0.0