position: 103.735119 125.86699999999996 -0.2685024
orientation: 1.361053 0.8888154 152.1933
enu_velocity: -17.87234 9.322018 0.006922223
velocity: 20.15466 0.09925079 0.3173344
angularVelocity: -0.005890825 -0.004547439 0.01860214
acceleration: -0.160947 0.03608977 -0.01857902
accel: 0.03769153
brake: 0.0
steer: 0.0098
linkid: A219BS010391
trafficlightid: C119BS010007
turn_signal_lamp: 0.0