position: 103.63605899999999 125.9190000000001 -0.2686087
orientation: 1.352203 0.8835019 152.2086
enu_velocity: -17.86718 9.346067 0.006441029
velocity: 20.16136 0.07008839 0.315789
angularVelocity: -0.008001546 -0.00428572 0.01264201
acceleration: 0.1178029 -0.1905365 0.01018204
accel: 0.02557486
brake: 0.0
steer: 0.0094
linkid: A219BS010391
trafficlightid: C119BS010007
turn_signal_lamp: 0.0