position: 103.43787900000001 126.02400000000011 -0.2687311
orientation: 1.338959 0.8752698 152.2345
enu_velocity: -17.85774 9.347503 0.0105809
velocity: 20.15369 0.0552969 0.3172752
angularVelocity: -0.004488432 -0.002272651 0.01090504
acceleration: -0.1820945 -0.01598691 0.0356327
accel: 0.02775867
brake: 0.0
steer: 0.009
linkid: A219BS010391
trafficlightid: C119BS010007
turn_signal_lamp: 0.0