position: 102.84370899999999 126.33699999999999 -0.2682322
orientation: 1.328064 0.8676769 152.2763
enu_velocity: -17.82543 9.36803 0.02900294
velocity: 20.13444 0.007674217 0.3338536
angularVelocity: 0.001612981 6.65402e-05 0.003986163
acceleration: -0.1677019 -0.008805752 0.03293501
accel: 0.02747657
brake: 0.0
steer: -0.0011
linkid: A219BS010391
trafficlightid: C119BS010007
turn_signal_lamp: 0.0