position: 102.74474900000001 126.38900000000012 -0.2680612
orientation: 1.328064 0.8678805 152.2761
enu_velocity: -17.81129 9.387649 0.03006598
velocity: 20.13103 -0.01615429 0.3354894
angularVelocity: -2.760709e-06 -1.648352e-05 -0.0008419567
acceleration: 0.07863721 -0.2095048 0.02060365
accel: 0.03139406
brake: 0.0
steer: -0.0012
linkid: A219BS010391
trafficlightid: C119BS010007
turn_signal_lamp: 0.0