position: 102.645779 126.44100000000003 -0.2679055
orientation: 1.329163 0.8672769 152.2745
enu_velocity: -17.81414 9.396714 0.03124858
velocity: 20.13775 -0.02226543 0.3367044
angularVelocity: 0.001357918 -0.0007209595 -0.00147795
acceleration: 0.09840581 -0.07957885 0.02141827
accel: 0.02134453
brake: 0.0
steer: -0.0011
linkid: A219BS010391
trafficlightid: C119BS010007
turn_signal_lamp: 0.0