position: 102.447949 126.54600000000005 -0.2675498
orientation: 1.3367 0.8670544 152.271
enu_velocity: -17.79796 9.394999 0.03304872
velocity: 20.12261 -0.02696991 0.3383115
angularVelocity: 0.004306539 -0.0002157277 -0.001458465
acceleration: 0.08051492 -0.03194759 0.008031539
accel: 0.03131384
brake: 0.0
steer: -0.0051
linkid: A219BS010391
trafficlightid: C119BS010007
turn_signal_lamp: 0.0