position: 102.349029 126.59799999999996 -0.2673845
orientation: 1.341125 0.8663127 152.2676
enu_velocity: -17.79645 9.412264 0.03325888
velocity: 20.12931 -0.04172707 0.3387106
angularVelocity: 0.003006932 -0.0008821413 -0.00456856
acceleration: 0.09818876 -0.4251692 0.008249212
accel: 0.02128099
brake: 0.0
steer: -0.0051
linkid: A219BS010391
trafficlightid: C119BS010007
turn_signal_lamp: 0.0