position: 102.250149 126.65000000000009 -0.2672087
orientation: 1.344116 0.8659807 152.261
enu_velocity: -17.78096 9.416356 0.03324724
velocity: 20.11752 -0.05020332 0.3386054
angularVelocity: 0.002772098 -0.0002788132 -0.005990393
acceleration: -0.1651991 -0.1060993 0.000680347
accel: 0.02735684
brake: 0.0
steer: -0.005
linkid: A219BS010391
trafficlightid: C119BS010007
turn_signal_lamp: 0.0