position: 101.75604899999999 126.91100000000006 -0.2662609
orientation: 1.359863 0.8661843 152.2178
enu_velocity: -17.7583 9.446816 0.03425023
velocity: 20.11169 -0.07243252 0.340136
angularVelocity: 0.00158091 -0.0002991414 -0.01010051
acceleration: 0.09986117 -0.06930704 0.002789502
accel: 0.0222739
brake: 0.0
steer: -0.0079
linkid: A219BS010391
trafficlightid: C119BS010007
turn_signal_lamp: 0.0