position: 101.657309 126.96299999999997 -0.2660547
orientation: 1.361755 0.8667722 152.2064
enu_velocity: -17.74621 9.444544 0.03426638
velocity: 20.09995 -0.07204151 0.3401742
angularVelocity: 0.001885613 0.0004595346 -0.009915185
acceleration: -0.164478 -0.0479233 -0.00246113
accel: 0.02849702
brake: 0.0
steer: -0.0077
linkid: A219BS010391
trafficlightid: C119BS010007
turn_signal_lamp: 0.0