position: 21.204269 38.00999999999999 -0.2500227
orientation: 1.445221 0.9581586 61.13013
enu_velocity: 19.37137 35.01691 0.00655595
velocity: 40.01218 -0.03986359 0.6769646
angularVelocity: -0.00531129 0.003160322 -0.001734134
acceleration: 0.03356123 -0.01712233 -0.01590305
accel: 0.02691254
brake: 0.0
steer: -0.0006
linkid: A219BS010380
trafficlightid: null
turn_signal_lamp: 0.0