position: 101.459879 127.06700000000001 -0.2656336
orientation: 1.364319 0.8683077 152.1831
enu_velocity: -17.74178 9.460709 0.03426863
velocity: 20.10359 -0.08020687 0.3409687
angularVelocity: -0.0003928831 0.0001040529 -0.01191666
acceleration: 0.0997512 -0.347121 0.008516907
accel: 0.0228201
brake: 0.0
steer: -0.0105
linkid: A219BS010391
trafficlightid: C119BS010007
turn_signal_lamp: 0.0