position: 101.26255900000001 127.17200000000003 -0.2651709
orientation: 1.360626 0.8711957 152.1539
enu_velocity: -17.72195 9.46594 0.03508598
velocity: 20.08852 -0.08383465 0.3426515
angularVelocity: -0.001549015 0.0009877329 -0.01274626
acceleration: 0.0837588 -0.06066811 0.01131854
accel: 0.03346855
brake: 0.0
steer: -0.0099
linkid: A219BS010391
trafficlightid: C119BS010007
turn_signal_lamp: 0.0