position: 101.16390899999999 127.22400000000016 -0.2649484
orientation: 1.358795 0.8721477 152.1396
enu_velocity: -17.72664 9.47223 0.0356531
velocity: 20.09561 -0.08218193 0.3436186
angularVelocity: -0.001396877 0.0003898544 -0.01241401
acceleration: 0.1042234 -0.04862606 0.01198189
accel: 0.02348002
brake: 0.0
steer: -0.0125
linkid: A219BS010391
trafficlightid: C119BS010007
turn_signal_lamp: 0.0