position: 101.065259 127.27600000000007 -0.264726
orientation: 1.357117 0.8729753 152.1257
enu_velocity: -17.72179 9.473161 0.03619966
velocity: 20.09177 -0.08038712 0.3443521
angularVelocity: -0.001243438 0.0006374112 -0.01204809
acceleration: -0.1673456 -0.0436734 0.006565048
accel: 0.02110708
brake: 0.0
steer: -0.0121
linkid: A219BS010391
trafficlightid: C119BS010007
turn_signal_lamp: 0.0