position: 100.671019 127.4860000000001 -0.263648
orientation: 1.344849 0.8807769 152.0599
enu_velocity: -17.69452 9.495553 0.04203795
velocity: 20.07812 -0.08973312 0.3529204
angularVelocity: -0.001498297 0.001987797 -0.01389034
acceleration: -0.1754246 -0.05416816 0.02209124
accel: 0.02884709
brake: 0.0
steer: -0.0133
linkid: A219BS010391
trafficlightid: C119BS010007
turn_signal_lamp: 0.0