position: 100.47406900000001 127.59000000000015 -0.2630214
orientation: 1.339783 0.8861108 152.0251
enu_velocity: -17.68686 9.517028 0.04424478
velocity: 20.08141 -0.1000175 0.3572812
angularVelocity: -0.001976273 0.001484738 -0.0158864
acceleration: 0.1054114 -0.1071686 0.01058536
accel: 0.02413659
brake: 0.0
steer: -0.0126
linkid: A219BS010391
trafficlightid: C119BS010007
turn_signal_lamp: 0.0