position: 100.178819 127.74800000000005 -0.2621901
orientation: 1.338867 0.8906669 151.9727
enu_velocity: -17.67105 9.527354 0.04093223
velocity: 20.07243 -0.0982399 0.3553821
angularVelocity: 0.000878324 0.0001824795 -0.01476255
acceleration: 0.0959052 -0.06463207 -0.01773168
accel: 0.02548997
brake: 0.0
steer: -0.0137
linkid: A219BS010391
trafficlightid: C119BS010007
turn_signal_lamp: 0.0