position: 99.982089 127.85300000000007 -0.2617657
orientation: 1.337891 0.8904546 151.935
enu_velocity: -17.65608 9.543128 0.03746413
velocity: 20.06676 -0.1061058 0.351932
angularVelocity: -0.0001420841 -0.000312367 -0.01638325
acceleration: -0.1658796 -0.07641912 -0.02402441
accel: 0.02913765
brake: 0.0
steer: -0.0129
linkid: A219BS010391
trafficlightid: C119BS010007
turn_signal_lamp: 0.0