position: 21.419449 38.40000000000009 -0.2497752
orientation: 1.434845 0.9653851 61.12631
enu_velocity: 19.37613 35.01938 0.003134357
velocity: 40.01661 -0.0402565 0.6786652
angularVelocity: -0.003508977 0.002846947 -0.001774787
acceleration: 0.02860701 -0.03329018 -0.03597246
accel: 0.02524477
brake: 0.0
steer: -0.0006
linkid: A219BS010380
trafficlightid: null
turn_signal_lamp: 0.0