position: 99.49073899999999 128.11699999999996 -0.2609838
orientation: 1.33197 0.8865017 151.8421
enu_velocity: -17.63773 9.569148 0.02693639
velocity: 20.06321 -0.1054573 0.3399331
angularVelocity: -0.001266845 -0.001388037 -0.01651792
acceleration: 0.0980899 -0.06917597 -0.02757787
accel: 0.02528115
brake: 0.0
steer: -0.013
linkid: A219BS010391
trafficlightid: C119BS010007
turn_signal_lamp: 0.0