position: 98.999889 128.3800000000001 -0.2604759
orientation: 1.324615 0.8827261 151.7485
enu_velocity: -17.6201 9.595149 0.01728752
velocity: 20.06032 -0.1042185 0.32887
angularVelocity: -0.0008114987 -0.0002923965 -0.01618057
acceleration: -0.151846 -0.05984057 -0.03585465
accel: 0.0205437
brake: 0.0
steer: -0.0128
linkid: A219BS010391
trafficlightid: C119BS010007
turn_signal_lamp: 0.0