position: 98.90182899999999 128.433 -0.2603611
orientation: 1.32373 0.883865 151.7303
enu_velocity: -17.6082 9.59341 0.01453778
velocity: 20.04908 -0.1020536 0.326293
angularVelocity: -0.0004664919 0.000944654 -0.01568122
acceleration: -0.1568746 -0.05673861 -0.03709737
accel: 0.03012748
brake: 0.0
steer: -0.0139
linkid: A219BS010391
trafficlightid: C119BS010007
turn_signal_lamp: 0.0