position: 98.607699 128.5920000000001 -0.2600209
orientation: 1.319794 0.8905636 151.6743
enu_velocity: -17.59287 9.610147 0.006742265
velocity: 20.04371 -0.1045752 0.3208067
angularVelocity: -0.0007421067 0.002896319 -0.01626376
acceleration: -0.1541314 -0.06007862 -0.03371863
accel: 0.0305799
brake: 0.0
steer: -0.0128
linkid: A219BS010391
trafficlightid: C119BS010007
turn_signal_lamp: 0.0