position: 98.50970899999999 128.64499999999998 -0.2598925
orientation: 1.318512 0.8944306 151.6561
enu_velocity: -17.59752 9.617118 0.003805808
velocity: 20.05117 -0.102191 0.3192818
angularVelocity: -0.0009318339 0.003039558 -0.01578651
acceleration: 0.1061293 -0.05043753 -0.03803235
accel: 0.02443115
brake: 0.0
steer: -0.0134
linkid: A219BS010391
trafficlightid: C119BS010007
turn_signal_lamp: 0.0