position: 98.411719 128.6980000000001 -0.259766
orientation: 1.316681 0.8987543 151.6385
enu_velocity: -17.59508 9.619318 0.001451252
velocity: 20.05011 -0.09917164 0.3183506
angularVelocity: -0.001518681 0.003758044 -0.01529848
acceleration: -0.1466075 -0.04061566 -0.03333244
accel: 0.02030254
brake: 0.0
steer: -0.013
linkid: A219BS010391
trafficlightid: C119BS010007
turn_signal_lamp: 0.0