position: 97.74357900000001 129.06100000000015 -0.2543165
orientation: 1.270905 1.123788 151.5321
enu_velocity: -16.33844 8.987415 -0.04293602
velocity: 18.64413 -0.1055121 0.3252049
angularVelocity: -0.005936958 0.05819139 -0.01186473
acceleration: -4.814406 -0.06888616 -0.2789742
accel: 0.0
brake: 0.2596404
steer: -0.0122
linkid: A219BS010391
trafficlightid: C119BS010007
turn_signal_lamp: 0.0