position: 21.634659 38.78899999999999 -0.2495938
orientation: 1.431732 0.9733751 61.1226
enu_velocity: 19.37371 35.00497 -0.008202769
velocity: 40.00294 -0.04270744 0.6727322
angularVelocity: 0.0004791408 0.004834294 -0.001693208
acceleration: -0.2560757 -0.04989537 -0.1119618
accel: 0.03203467
brake: 0.0
steer: -0.0007
linkid: A219BS010380
trafficlightid: null
turn_signal_lamp: 0.0