position: 97.313819 129.29700000000003 -0.2468967
orientation: 1.242798 1.486061 151.4788
enu_velocity: -14.68335 8.108125 -0.1082191
velocity: 16.77006 -0.1059351 0.3291762
angularVelocity: -0.003823198 0.0596424 -0.009623006
acceleration: -5.383789 -0.03175926 -0.2768895
accel: 0.0
brake: 0.2835742
steer: -0.0117
linkid: A219BS010391
trafficlightid: C119BS010007
turn_signal_lamp: 0.0