position: 97.155149 129.38400000000001 -0.2448916
orientation: 1.235291 1.610387 151.4608
enu_velocity: -13.99414 7.737739 -0.1221137
velocity: 15.98762 -0.1046128 0.3296451
angularVelocity: -0.002635971 0.05037288 -0.008659148
acceleration: -5.448367 -0.03117323 -0.2195113
accel: 0.0
brake: 0.2872599
steer: -0.012
linkid: A219BS010391
trafficlightid: C119BS010007
turn_signal_lamp: 0.0