position: 96.931659 129.50700000000006 -0.2432044
orientation: 1.229645 1.751585 151.4352
enu_velocity: -12.94594 7.173823 -0.1227635
velocity: 14.79714 -0.1033754 0.3319772
angularVelocity: -0.0004596859 0.03421603 -0.007934922
acceleration: -5.544145 -0.01484394 -0.1213379
accel: 0.0
brake: 0.2894948
steer: -0.0114
linkid: A219BS010391
trafficlightid: C119BS010007
turn_signal_lamp: 0.0