position: 96.86105900000001 129.54600000000005 -0.2429332
orientation: 1.230042 1.78681 151.4271
enu_velocity: -12.59751 6.985066 -0.1197972
velocity: 14.40078 -0.10217 0.3316584
angularVelocity: 0.001221858 0.02955209 -0.00767704
acceleration: -5.467921 -0.01593018 -0.1510332
accel: 0.0
brake: 0.2899114
steer: -0.0113
linkid: A219BS010391
trafficlightid: C119BS010007
turn_signal_lamp: 0.0