position: 96.79239899999999 129.58400000000006 -0.2427649
orientation: 1.232178 1.818002 151.4196
enu_velocity: -12.2522 6.794057 -0.1190988
velocity: 14.00618 -0.09780741 0.3275872
angularVelocity: 0.00248294 0.02633054 -0.006685982
acceleration: -5.481622 0.08734512 -0.164425
accel: 0.0
brake: 0.2921098
steer: -0.0117
linkid: A219BS010391
trafficlightid: C119BS010007
turn_signal_lamp: 0.0