position: 96.537129 129.72500000000014 -0.2426614
orientation: 1.243469 1.920203 151.4006
enu_velocity: -10.86924 6.034749 -0.1172333
velocity: 12.42873 -0.08900261 0.3013941
angularVelocity: 0.002187764 0.02019363 -0.004156537
acceleration: -5.491123 0.0296464 -0.1806253
accel: 0.0
brake: 0.2980577
steer: -0.0109
linkid: A219BS010391
trafficlightid: C119BS010007
turn_signal_lamp: 0.0