position: 96.42105900000001 129.789 -0.2427599
orientation: 1.247498 1.965621 151.393
enu_velocity: -10.17233 5.650864 -0.1184013
velocity: 11.63338 -0.08440304 0.2826914
angularVelocity: 0.001500228 0.01957564 -0.003534321
acceleration: -5.535838 0.01289988 -0.2023404
accel: 0.0
brake: 0.2988863
steer: -0.0109
linkid: A219BS010391
trafficlightid: C119BS010007
turn_signal_lamp: 0.0