position: 96.365949 129.81999999999994 -0.2428224
orientation: 1.24884 1.988017 151.3898
enu_velocity: -9.821472 5.45822 -0.1185143
velocity: 11.23326 -0.08283138 0.2732061
angularVelocity: 0.001331329 0.01940539 -0.003164767
acceleration: -5.570832 0.00119257 -0.1857253
accel: 0.0
brake: 0.2991659
steer: -0.0117
linkid: A219BS010391
trafficlightid: C119BS010007
turn_signal_lamp: 0.0