position: 21.849849 39.17800000000011 -0.2494268
orientation: 1.440704 0.9875392 61.11877
enu_velocity: 19.37952 34.9986 -0.02514756
velocity: 40.0003 -0.04826355 0.6657782
angularVelocity: 0.005645205 0.005796737 -0.001920262
acceleration: 0.1120081 -0.0629597 -0.1051133
accel: 0.03132298
brake: 0.0
steer: -0.0006
linkid: A219BS010380
trafficlightid: null
turn_signal_lamp: 0.0