position: 96.21234899999999 129.90499999999997 -0.2430279
orientation: 1.256775 2.053294 151.3819
enu_velocity: -8.766183 4.87973 -0.1141223
velocity: 10.03012 -0.07945108 0.2472074
angularVelocity: 0.00351405 0.01837136 -0.00229579
acceleration: -5.573134 0.01710129 -0.1592535
accel: 0.0
brake: 0.298748
steer: -0.0107
linkid: A219BS010391
trafficlightid: C119BS010007
turn_signal_lamp: 0.0