position: 96.034809 130.00300000000016 -0.2432873
orientation: 1.283417 2.130179 151.3644
enu_velocity: -7.366898 4.091138 -0.09395356
velocity: 8.424112 -0.0553143 0.2206171
angularVelocity: 0.005227901 0.01465824 -0.004904898
acceleration: -5.475634 0.03122091 -0.1146434
accel: 0.0
brake: 0.2988004
steer: -0.0101
linkid: A219BS010391
trafficlightid: C119BS010007
turn_signal_lamp: 0.0