position: 95.995239 130.0250000000001 -0.2433619
orientation: 1.288055 2.145909 151.3594
enu_velocity: -7.021152 3.898528 -0.08714164
velocity: 8.02832 -0.05136323 0.2148328
angularVelocity: 0.003848555 0.01331082 -0.004634002
acceleration: -5.514984 0.04396081 -0.1123405
accel: 0.0
brake: 0.3000582
steer: -0.0096
linkid: A219BS010391
trafficlightid: C119BS010007
turn_signal_lamp: 0.0