position: 95.95760899999999 130.04600000000005 -0.2434358
orientation: 1.291046 2.160222 151.3547
enu_velocity: -6.673392 3.704123 -0.08019429
velocity: 7.629902 -0.04693913 0.2086656
angularVelocity: 0.002415886 0.01210018 -0.004242891
acceleration: -5.539076 0.05099082 -0.1134486
accel: 0.0
brake: 0.3001813
steer: -0.009
linkid: A219BS010391
trafficlightid: C119BS010007
turn_signal_lamp: 0.0