position: 95.921919 130.06500000000005 -0.2435047
orientation: 1.292511 2.173224 151.3505
enu_velocity: -6.324952 3.509296 -0.07289697
velocity: 7.230677 -0.04259729 0.2024534
angularVelocity: 0.001090887 0.0109888 -0.00384558
acceleration: -5.546344 0.0515821 -0.1078589
accel: 0.0
brake: 0.3004093
steer: -0.0101
linkid: A219BS010391
trafficlightid: C119BS010007
turn_signal_lamp: 0.0