position: 95.798619 130.13300000000004 -0.2436643
orientation: 1.286407 2.21406 151.3356
enu_velocity: -4.928323 2.73485 -0.043309
velocity: 5.633645 -0.03174281 0.1752228
angularVelocity: -0.002227668 0.007294212 -0.002969053
acceleration: -5.543208 0.02868462 -0.1146781
accel: 0.0
brake: 0.3017307
steer: -0.0087
linkid: A219BS010391
trafficlightid: C119BS010007
turn_signal_lamp: 0.0