position: 95.67202900000001 130.20299999999997 -0.2434943
orientation: 1.262787 2.248915 151.3205
enu_velocity: -2.829162 1.570696 -0.007561303
velocity: 3.233672 -0.01761961 0.1198403
angularVelocity: -0.004525722 0.003167315 -0.001690816
acceleration: -5.550356 0.05420327 -0.152828
accel: 0.0
brake: 0.3028134
steer: -0.007
linkid: A219BS010391
trafficlightid: C119BS010007
turn_signal_lamp: 0.0