position: 95.65773899999999 130.211 -0.2434328
orientation: 1.25769 2.252089 151.3188
enu_velocity: -2.480784 1.374528 -0.003096408
velocity: 2.834017 -0.0128808 0.1086624
angularVelocity: -0.00434213 0.002595893 -0.001464375
acceleration: -5.551386 0.0655632 -0.1607744
accel: 0.0
brake: 0.3030924
steer: -0.0068
linkid: A219BS010391
trafficlightid: C119BS010007
turn_signal_lamp: 0.0