position: 95.645389 130.21800000000007 -0.2433651
orientation: 1.252808 2.254658 151.3174
enu_velocity: -2.1323 1.178458 0.000811153
velocity: 2.434341 -0.008321404 0.09686059
angularVelocity: -0.004173636 0.002083265 -0.001273214
acceleration: -5.550887 0.06018209 -0.1678605
accel: 0.0
brake: 0.3033247
steer: -0.0066
linkid: A219BS010391
trafficlightid: C119BS010007
turn_signal_lamp: 0.0