position: 95.626509 130.22800000000007 -0.2432183
orientation: 1.243622 2.258172 151.3151
enu_velocity: -1.4346 0.7871305 0.007010566
velocity: 1.634805 -0.0003782511 0.07150625
angularVelocity: -0.003879843 0.001208626 -0.0009030919
acceleration: -5.552963 0.04941964 -0.1810943
accel: 0.0
brake: 0.3037744
steer: -0.0066
linkid: A219BS010391
trafficlightid: C119BS010007
turn_signal_lamp: 0.0