position: 95.619979 130.23199999999997 -0.243141
orientation: 1.239136 2.259256 151.3142
enu_velocity: -1.084724 0.5931101 0.009260607
velocity: 1.234961 0.001613796 0.05796804
angularVelocity: -0.003911579 0.0008439072 -0.0007550262
acceleration: -5.553588 0.02188611 -0.1895465
accel: 0.0
brake: 0.303984
steer: -0.0064
linkid: A219BS010391
trafficlightid: C119BS010007
turn_signal_lamp: 0.0