position: 95.610669 130.23700000000008 -0.2434139
orientation: 1.2258 2.241477 151.3119
enu_velocity: -0.2393724 0.1269121 0.01417325
velocity: 0.2701499 0.004104249 0.02467592
angularVelocity: -0.003643646 -0.01204268 -0.0004210601
acceleration: -4.127684 0.008390188 -0.130028
accel: 0.0
brake: 1.0
steer: -0.0063
linkid: A219BS010391
trafficlightid: C119BS010007
turn_signal_lamp: 0.0