position: 95.61017899999999 130.23700000000008 -0.2438572
orientation: 1.221771 2.22149 151.3112
enu_velocity: -0.05755589 0.0270465 0.01660221
velocity: 0.06278283 0.00430881 0.01896259
angularVelocity: -0.003465427 -0.02035972 -0.0001564011
acceleration: -2.062799 5.590916e-05 -0.04899868
accel: 0.0
brake: 1.0
steer: -0.0064
linkid: A219BS010391
trafficlightid: C119BS010007
turn_signal_lamp: 0.0