position: 95.610149 130.23700000000008 -0.2446852
orientation: 1.217896 2.186454 151.3104
enu_velocity: 0.00401007 -0.006487135 0.01990982
velocity: -0.007386772 0.004182274 0.01955783
angularVelocity: -0.003314786 -0.03400146 -9.529653e-05
acceleration: -0.7262326 -0.00190261 0.02421716
accel: 0.0
brake: 1.0
steer: -0.0065
linkid: A219BS010391
trafficlightid: C119BS010007
turn_signal_lamp: 0.0