position: 95.61089899999999 130.2360000000001 -0.2487699
orientation: 1.208588 2.01355 151.3062
enu_velocity: 0.0537019 -0.03207115 0.04129958
velocity: -0.06391798 0.00317269 0.03901966
angularVelocity: -0.002062865 -0.05742102 -0.0001749378
acceleration: -0.1238181 -0.007389732 0.1172355
accel: 0.0
brake: 1.0
steer: -0.0064
linkid: A219BS010391
trafficlightid: C119BS010007
turn_signal_lamp: 0.0