position: 95.611629 130.2360000000001 -0.2517414
orientation: 1.205353 1.880273 151.303
enu_velocity: 0.0604603 -0.03394578 0.0585045
velocity: -0.0712163 0.001926551 0.05616998
angularVelocity: -0.0009795725 -0.05742351 -0.0002033642
acceleration: -0.01418769 -0.009075273 0.1145561
accel: 0.0
brake: 1.0
steer: -0.0065
linkid: A219BS010391
trafficlightid: C119BS010007
turn_signal_lamp: 0.0