position: 95.612649 130.23500000000013 -0.2552373
orientation: 1.204559 1.705428 151.2985
enu_velocity: 0.05258503 -0.02717978 0.07579634
velocity: -0.06140665 0.0001425128 0.07401495
angularVelocity: 0.0002764724 -0.04482748 -0.0002341112
acceleration: 0.07332394 -0.007060893 0.0520152
accel: 0.0
brake: 1.0
steer: -0.0067
linkid: A219BS010391
trafficlightid: C119BS010007
turn_signal_lamp: 0.0