position: 95.61292900000001 130.23400000000015 -0.2560457
orientation: 1.205078 1.658969 151.2973
enu_velocity: 0.04742958 -0.0237872 0.07770746
velocity: -0.0552532 -0.0003127605 0.0761632
angularVelocity: 0.0005466715 -0.03910596 -0.000235655
acceleration: 0.08772643 -0.006048545 0.02258723
accel: 0.0
brake: 1.0
steer: -0.0068
linkid: A219BS010391
trafficlightid: C119BS010007
turn_signal_lamp: 0.0