position: 95.613179 130.23400000000015 -0.2566733
orientation: 1.205811 1.619229 151.2962
enu_velocity: 0.04169229 -0.02021434 0.07746646
velocity: -0.04844798 -0.0006912462 0.07615927
angularVelocity: 0.000687778 -0.03320411 -0.0002330124
acceleration: 0.09515934 -0.005047232 -0.007249615
accel: 0.0
brake: 1.0
steer: -0.0068
linkid: A219BS010391
trafficlightid: C119BS010007
turn_signal_lamp: 0.0