position: 95.613729 130.23400000000015 -0.2576268
orientation: 1.208679 1.539063 151.2937
enu_velocity: 0.02388433 -0.01016841 0.06384087
velocity: -0.02753823 -0.001221378 0.06316382
angularVelocity: 0.0008728728 -0.01668301 -0.0002146841
acceleration: 0.09272403 -0.0007390939 -0.09440584
accel: 0.0
brake: 1.0
steer: -0.0063
linkid: A219BS010391
trafficlightid: C119BS010007
turn_signal_lamp: 0.0