position: 95.61400900000001 130.23400000000015 -0.2572223
orientation: 1.213013 1.513918 151.2917
enu_velocity: -0.003049031 0.002226236 -0.006564104
velocity: 0.003915722 -0.0006246872 -0.006451129
angularVelocity: 0.0002056113 0.004568858 -0.0001457163
acceleration: 0.0335925 0.002073829 -0.1387482
accel: 0.0
brake: 1.0
steer: -0.006
linkid: A219BS010391
trafficlightid: C119BS010007
turn_signal_lamp: 0.0