position: 95.613979 130.23400000000015 -0.2571344
orientation: 1.213196 1.520099 151.2917
enu_velocity: -0.004783408 0.002777236 -0.01617283
velocity: 0.005956543 -0.0004773047 -0.01601394
angularVelocity: 0.0001384933 0.005640251 -0.000127808
acceleration: 0.02645361 0.001880069 -0.1294793
accel: 0.0
brake: 1.0
steer: -0.006
linkid: A219BS010391
trafficlightid: C119BS010007
turn_signal_lamp: 0.0