position: 95.613799 130.23400000000015 -0.2570448
orientation: 1.213074 1.550838 151.2919
enu_velocity: -0.007670176 0.00317159 -0.04271015
velocity: 0.009403693 3.281049e-06 -0.04248079
angularVelocity: -0.0001217183 0.006934858 -0.0001035739
acceleration: 0.002954576 0.001460712 -0.05863588
accel: 0.0
brake: 1.0
steer: -0.0062
linkid: A219BS010391
trafficlightid: C119BS010007
turn_signal_lamp: 0.0