position: 95.613539 130.23400000000015 -0.2575327
orientation: 1.211823 1.589973 151.292
enu_velocity: -0.005475041 0.001597231 -0.04157813
velocity: 0.006720779 0.0003530325 -0.04142432
angularVelocity: -0.0002104058 0.004241305 -0.0001020265
acceleration: -0.01073734 0.0003567496 0.04799717
accel: 0.0
brake: 1.0
steer: -0.0062
linkid: A219BS010391
trafficlightid: C119BS010007
turn_signal_lamp: 0.0