position: 22.496059000000002 40.34500000000003 -0.2499329
orientation: 1.514404 1.029109 61.10802
enu_velocity: 19.3922 34.98033 -0.0608332
velocity: 39.99059 -0.0600071 0.6593345
angularVelocity: 0.01213057 0.0074813 -0.001613356
acceleration: -0.2644213 -0.02864205 -0.05357006
accel: 0.03869627
brake: 0.0
steer: -0.0003
linkid: A219BS010380
trafficlightid: null
turn_signal_lamp: 0.0