position: 95.613439 130.23400000000015 -0.2578673
orientation: 1.210938 1.603325 151.2918
enu_velocity: -0.002867494 0.0006327704 -0.02167847
velocity: 0.003424418 0.0003659296 -0.02160367
angularVelocity: -0.0001662397 0.001912677 -0.0001083121
acceleration: -0.01133821 0.0001369403 0.07862049
accel: 0.0
brake: 1.0
steer: -0.0063
linkid: A219BS010391
trafficlightid: C119BS010007
turn_signal_lamp: 0.0