position: 95.61339899999999 130.23400000000015 -0.2579658
orientation: 1.210327 1.606986 151.2914
enu_velocity: -0.0005629862 1.932674e-06 0.000752794
velocity: 0.0004734034 0.0002848659 0.000760524
angularVelocity: -0.0001159621 2.01323e-05 -0.0001168166
acceleration: -0.008979905 -1.702737e-05 0.07132059
accel: 0.0
brake: 1.0
steer: -0.0063
linkid: A219BS010391
trafficlightid: C119BS010007
turn_signal_lamp: 0.0