position: 95.61339899999999 130.23400000000015 -0.2578725
orientation: 1.210175 1.605047 151.2909
enu_velocity: 0.0007279667 -0.0001864435 0.01366894
velocity: -0.001110616 0.0001020238 0.01364407
angularVelocity: 2.482301e-05 -0.0009216122 -0.0001198384
acceleration: -0.006175695 -0.001180767 0.04929555
accel: 0.0
brake: 1.0
steer: -0.0065
linkid: A219BS010391
trafficlightid: C119BS010007
turn_signal_lamp: 0.0