position: 22.603769 40.53899999999999 -0.2500599
orientation: 1.528778 1.037897 61.10652
enu_velocity: 19.39542 34.98297 -0.06642123
velocity: 39.99445 -0.06031418 0.6599793
angularVelocity: 0.01272842 0.007619287 -0.001484274
acceleration: 0.1034589 -0.02571242 -0.07425153
accel: 0.03536784
brake: 0.0
steer: -0.0002
linkid: A219BS010380
trafficlightid: null
turn_signal_lamp: 0.0