position: 95.61339899999999 130.23400000000015 -0.2578167
orientation: 1.210236 1.603803 151.2908
enu_velocity: 0.001048248 -0.0002143575 0.01673509
velocity: -0.001490336 3.725779e-05 0.01670286
angularVelocity: 6.537035e-05 -0.001140499 -0.0001212965
acceleration: -0.005044905 -0.0009246045 0.03994723
accel: 0.0
brake: 1.0
steer: -0.0065
linkid: A219BS010391
trafficlightid: C119BS010007
turn_signal_lamp: 0.0