position: 95.613449 130.23400000000015 -0.2574618
orientation: 1.210907 1.595401 151.2899
enu_velocity: 0.001839181 -0.0002880253 0.02169953
velocity: -0.002354902 -0.000173385 0.02165085
angularVelocity: 0.0001414227 -0.001580758 -0.0001247335
acceleration: -0.00027731 -0.0002748611 -0.006546871
accel: 0.0
brake: 1.0
steer: -0.0064
linkid: A219BS010391
trafficlightid: C119BS010007
turn_signal_lamp: 0.0