position: 95.61347900000001 130.23400000000015 -0.2573272
orientation: 1.21106 1.591914 151.2898
enu_velocity: 0.001756988 -0.0003405093 0.01947031
velocity: -0.002244798 -0.000134894 0.01942263
angularVelocity: 7.612118e-05 -0.001480081 -3.35916e-06
acceleration: 0.001514849 9.201578e-05 -0.02087798
accel: 0.0
brake: 1.0
steer: -0.0063
linkid: A219BS010391
trafficlightid: C119BS010007
turn_signal_lamp: 0.0