position: 95.613509 130.23400000000015 -0.257219
orientation: 1.211243 1.58882 151.2897
enu_velocity: 0.001497173 -0.0003005243 0.01561527
velocity: -0.001889874 -0.0001264322 0.01557501
angularVelocity: 7.701258e-05 -0.001261128 -2.834178e-06
acceleration: 0.00273992 -0.0005495171 -0.03019871
accel: 0.0
brake: 1.0
steer: -0.0063
linkid: A219BS010391
trafficlightid: C119BS010007
turn_signal_lamp: 0.0