position: 95.613529 130.23400000000015 -0.2571209
orientation: 1.211395 1.585364 151.2897
enu_velocity: 0.0009368532 -0.0002432301 0.008280941
velocity: -0.001167263 -6.221197e-05 0.008254967
angularVelocity: 3.600877e-05 -0.0008052156 -2.408544e-06
acceleration: 0.003641929 0.000410613 -0.03442991
accel: 0.0
brake: 1.0
steer: -0.0063
linkid: A219BS010391
trafficlightid: C119BS010007
turn_signal_lamp: 0.0