position: 95.613529 130.23400000000015 -0.2571003
orientation: 1.211426 1.584017 151.2896
enu_velocity: 0.0005070393 -0.0001918376 0.003234606
velocity: -0.0006260672 -7.256633e-06 0.003219403
angularVelocity: 3.53728e-07 -0.000455017 -2.155827e-06
acceleration: 0.003773924 7.20066e-05 -0.03429874
accel: 0.0
brake: 1.0
steer: -0.0063
linkid: A219BS010391
trafficlightid: C119BS010007
turn_signal_lamp: 0.0