position: 95.613529 130.23400000000015 -0.257112
orientation: 1.211456 1.583444 151.2896
enu_velocity: 0.0001322352 -0.0001015367 -0.00132817
velocity: -0.0001279906 -2.641784e-06 -0.001332458
angularVelocity: 4.634174e-06 -0.0001318078 -1.279735e-06
acceleration: 0.003242959 0.0004015464 -0.02879807
accel: 0.0
brake: 1.0
steer: -0.0063
linkid: A219BS010391
trafficlightid: C119BS010007
turn_signal_lamp: 0.0