position: 95.613529 130.23400000000015 -0.2572074
orientation: 1.211487 1.584247 151.2896
enu_velocity: -0.0004585861 5.717723e-05 -0.007666927
velocity: 0.0006414758 8.322197e-06 -0.007654004
angularVelocity: 8.075731e-06 0.0003817886 4.277263e-08
acceleration: 0.002279793 3.480935e-06 -0.01544032
accel: 0.0
brake: 1.0
steer: -0.0063
linkid: A219BS010391
trafficlightid: C119BS010007
turn_signal_lamp: 0.0