position: 95.613529 130.23400000000015 -0.2572402
orientation: 1.211487 1.584754 151.2896
enu_velocity: -0.0005674835 6.163477e-05 -0.008514299
velocity: 0.0007625917 3.886384e-05 -0.00849918
angularVelocity: -1.624733e-05 0.000465736 -1.454082e-07
acceleration: 0.001768215 0.0004136289 -0.01040017
accel: 0.0
brake: 1.0
steer: -0.0063
linkid: A219BS010391
trafficlightid: C119BS010007
turn_signal_lamp: 0.0