position: 95.613529 130.23400000000015 -0.2572746
orientation: 1.211487 1.585338 151.2896
enu_velocity: -0.0006234511 9.92519e-05 -0.009103901
velocity: 0.000846122 2.033642e-05 -0.00908643
angularVelocity: 8.279458e-07 0.0005229133 2.876277e-07
acceleration: 0.0009998109 6.052628e-05 -0.006485539
accel: 0.0
brake: 1.0
steer: -0.0063
linkid: A219BS010391
trafficlightid: C119BS010007
turn_signal_lamp: 0.0