position: 95.613519 130.23400000000015 -0.2573434
orientation: 1.211456 1.586665 151.2897
enu_velocity: -0.000722124 0.0001146971 -0.009369519
velocity: 0.0009476129 4.862883e-05 -0.009349981
angularVelocity: -2.256886e-05 0.0006021805 1.019598e-07
acceleration: 0.000298026 0.0003871453 0.00162526
accel: 0.0
brake: 1.0
steer: -0.0063
linkid: A219BS010391
trafficlightid: C119BS010007
turn_signal_lamp: 0.0