position: 95.613519 130.23400000000015 -0.2574781
orientation: 1.211334 1.58998 151.2897
enu_velocity: -0.0006031166 0.000116004 -0.00626495
velocity: 0.0007583029 5.589204e-05 -0.006248892
angularVelocity: -3.441283e-05 0.0005064234 -3.081832e-07
acceleration: -0.001083197 0.0004755897 0.01289542
accel: 0.0
brake: 1.0
steer: -0.0063
linkid: A219BS010391
trafficlightid: C119BS010007
turn_signal_lamp: 0.0