position: 95.613519 130.23400000000015 -0.2575195
orientation: 1.211273 1.591684 151.2898
enu_velocity: -0.0002835472 9.231929e-05 -0.002053701
velocity: 0.000349968 1.200402e-05 -0.002045479
angularVelocity: -4.291243e-06 0.0002499455 -4.328726e-07
acceleration: -0.001835405 -0.0006600735 0.01292798
accel: 0.0
brake: 1.0
steer: -0.0063
linkid: A219BS010391
trafficlightid: C119BS010007
turn_signal_lamp: 0.0