position: 95.613519 130.23400000000015 -0.2575172
orientation: 1.211243 1.592071 151.2898
enu_velocity: -0.0001260962 6.291087e-05 1.723564e-05
velocity: 0.0001402819 5.843147e-06 2.102248e-05
angularVelocity: -3.066263e-06 0.0001170927 -7.427329e-07
acceleration: -0.001379997 -0.000698866 0.01305541
accel: 0.0
brake: 1.0
steer: -0.0063
linkid: A219BS010391
trafficlightid: C119BS010007
turn_signal_lamp: 0.0