position: 95.613519 130.23400000000015 -0.2575116
orientation: 1.211243 1.592144 151.2898
enu_velocity: -3.704375e-05 5.846089e-05 0.0008854931
velocity: 3.594661e-05 -1.472478e-05 0.0008873438
angularVelocity: 1.274527e-05 4.734726e-05 -6.507577e-07
acceleration: -0.001384215 -0.0009774489 0.01152881
accel: 0.0
brake: 1.0
steer: -0.0063
linkid: A219BS010391
trafficlightid: C119BS010007
turn_signal_lamp: 0.0