position: 95.613519 130.23400000000015 -0.2574924
orientation: 1.211243 1.592087 151.2898
enu_velocity: 8.492768e-05 1.084499e-05 0.002382051
velocity: -0.0001354322 -5.245965e-09 0.002379739
angularVelocity: -4.248272e-06 -6.492333e-05 -1.203221e-06
acceleration: -0.0007945385 0.0004017173 0.009115206
accel: 0.0
brake: 1.0
steer: -0.0063
linkid: A219BS010391
trafficlightid: C119BS010007
turn_signal_lamp: 0.0