position: 95.613519 130.23400000000015 -0.2574081
orientation: 1.211304 1.590771 151.2897
enu_velocity: 0.0003023788 -5.3515e-05 0.003931392
velocity: -0.0003999377 -1.53945e-05 0.003923003
angularVelocity: 5.999813e-06 -0.0002544111 -1.506504e-06
acceleration: -0.0002387136 0.0001052349 -0.0009785339
accel: 0.0
brake: 1.0
steer: -0.0063
linkid: A219BS010391
trafficlightid: C119BS010007
turn_signal_lamp: 0.0