position: 95.613519 130.23400000000015 -0.2573944
orientation: 1.211273 1.59048 151.2897
enu_velocity: 0.0002955392 -7.134051e-05 0.003826943
velocity: -0.0003995821 1.311855e-06 0.003818148
angularVelocity: -7.734401e-06 -0.0002559995 -1.744951e-06
acceleration: -8.832662e-05 0.0001521909 -0.001429773
accel: 0.0
brake: 1.0
steer: -0.0063
linkid: A219BS010391
trafficlightid: C119BS010007
turn_signal_lamp: 0.0