position: 95.613519 130.23400000000015 -0.2573712
orientation: 1.211273 1.589897 151.2897
enu_velocity: 0.0002953652 -6.455649e-05 0.003264685
velocity: -0.000380533 -1.643249e-05 0.003256455
angularVelocity: 9.081647e-06 -0.0002516544 -1.459513e-06
acceleration: 3.810029e-05 -0.0005254719 -0.005064148
accel: 0.0
brake: 1.0
steer: -0.0063
linkid: A219BS010391
trafficlightid: C119BS010007
turn_signal_lamp: 0.0