position: 95.613519 130.23400000000015 -0.2573618
orientation: 1.211304 1.589623 151.2897
enu_velocity: 0.0002708953 -6.769245e-05 0.00289395
velocity: -0.0003502856 -9.752388e-06 0.002886195
angularVelocity: 3.006746e-06 -0.0002335483 -1.513637e-06
acceleration: 0.0004859421 0.0003235404 -0.006021861
accel: 0.0
brake: 1.0
steer: -0.0063
linkid: A219BS010391
trafficlightid: C119BS010007
turn_signal_lamp: 0.0