position: 95.613519 130.23400000000015 -0.2573539
orientation: 1.211304 1.589375 151.2897
enu_velocity: 0.0002427825 -6.617473e-05 0.002509763
velocity: -0.0003142412 -5.684778e-06 0.002502689
angularVelocity: 6.359187e-07 -0.0002111975 -1.501625e-06
acceleration: 0.0005065484 0.0001144734 -0.005927554
accel: 0.0
brake: 1.0
steer: -0.0063
linkid: A219BS010391
trafficlightid: C119BS010007
turn_signal_lamp: 0.0