position: 23.142649 41.51099999999997 -0.2511698
orientation: 1.596802 1.069726 61.09924
enu_velocity: 19.40937 34.99818 -0.07116017
velocity: 40.01423 -0.05882454 0.6778921
angularVelocity: 0.009520063 -0.0002990346 -0.001216123
acceleration: 0.0275209 0.0001271963 -0.007924541
accel: 0.02571935
brake: 0.0
steer: -0.0001
linkid: A219BS010380
trafficlightid: null
turn_signal_lamp: 0.0