position: 95.613519 130.23400000000015 -0.2573428
orientation: 1.211273 1.588968 151.2897
enu_velocity: 0.000175466 -6.480765e-05 0.00163106
velocity: -0.0002301833 6.9132e-06 0.001625519
angularVelocity: -8.063507e-06 -0.0001587456 -1.519538e-06
acceleration: 0.0004721934 2.69389e-05 -0.006397539
accel: 0.0
brake: 1.0
steer: -0.0063
linkid: A219BS010391
trafficlightid: C119BS010007
turn_signal_lamp: 0.0