position: 95.613519 130.23400000000015 -0.2573387
orientation: 1.211273 1.58869 151.2896
enu_velocity: 0.000115985 -3.695097e-05 0.000679225
velocity: -0.0001382614 -9.0209e-06 0.0006759933
angularVelocity: 7.361057e-06 -0.0001014606 -1.124151e-06
acceleration: 0.0004349297 -0.0002455888 -0.007238816
accel: 0.0
brake: 1.0
steer: -0.0063
linkid: A219BS010391
trafficlightid: C119BS010007
turn_signal_lamp: 0.0