position: 95.613519 130.23400000000015 -0.2573438
orientation: 1.211304 1.588517 151.2896
enu_velocity: 1.308728e-05 -2.668151e-05 -0.0005088487
velocity: -1.018036e-05 6.343598e-06 -0.0005095746
angularVelocity: -3.837533e-06 -1.846004e-05 -1.102467e-06
acceleration: 0.0003742671 0.0002318132 -0.005726298
accel: 0.0
brake: 1.0
steer: -0.0063
linkid: A219BS010391
trafficlightid: C119BS010007
turn_signal_lamp: 0.0