position: 95.613519 130.23400000000015 -0.2573529
orientation: 1.211304 1.588547 151.2896
enu_velocity: -3.898978e-05 -9.956748e-06 -0.001108666
velocity: 6.013627e-05 4.045769e-06 -0.001107758
angularVelocity: -6.4915e-07 2.792868e-05 -9.345464e-07
acceleration: 0.0001144827 0.0001131101 -0.003993263
accel: 0.0
brake: 1.0
steer: -0.0063
linkid: A219BS010391
trafficlightid: C119BS010007
turn_signal_lamp: 0.0