position: 95.613519 130.23400000000015 -0.2573582
orientation: 1.211304 1.588611 151.2896
enu_velocity: -7.436459e-05 4.713241e-06 -0.001324057
velocity: 0.0001041671 3.642454e-06 -0.001322049
angularVelocity: -1.222215e-07 6.052201e-05 -8.493325e-07
acceleration: 0.0003799822 0.0002543001 -0.002944268
accel: 0.0
brake: 1.0
steer: -0.0063
linkid: A219BS010391
trafficlightid: C119BS010007
turn_signal_lamp: 0.0