position: 23.250449 41.705000000000155 -0.2516471
orientation: 1.606079 1.066582 61.09792
enu_velocity: 19.40994 34.99981 -0.07053813
velocity: 40.01597 -0.05752754 0.6763259
angularVelocity: 0.007552614 -0.003319861 -0.001035713
acceleration: 0.0223044 0.005092215 0.01620112
accel: 0.02515628
brake: 0.0
steer: -0.0004
linkid: A219BS010380
trafficlightid: null
turn_signal_lamp: 0.0