position: 95.613519 130.23400000000015 -0.2573643
orientation: 1.211334 1.58869 151.2896
enu_velocity: -8.751604e-05 1.908022e-05 -0.001508229
velocity: 0.0001277042 -6.520437e-06 -0.001505466
angularVelocity: 9.134135e-06 7.646285e-05 -6.577246e-07
acceleration: 0.0005403374 -9.399428e-05 -0.002551821
accel: 0.0
brake: 1.0
steer: -0.0063
linkid: A219BS010391
trafficlightid: C119BS010007
turn_signal_lamp: 0.0