position: 95.613519 130.23400000000015 -0.2573707
orientation: 1.211334 1.588784 151.2896
enu_velocity: -0.0001059118 1.735352e-05 -0.001599359
velocity: 0.0001455321 1.911692e-06 -0.001596334
angularVelocity: 1.620196e-06 8.958495e-05 -7.459165e-07
acceleration: 0.0004723874 0.0003623174 9.188271e-05
accel: 0.0
brake: 1.0
steer: -0.0063
linkid: A219BS010391
trafficlightid: C119BS010007
turn_signal_lamp: 0.0