position: 95.613519 130.23400000000015 -0.2574047
orientation: 1.211334 1.589503 151.2897
enu_velocity: -0.0001229286 1.491852e-05 -0.001338273
velocity: 0.0001520597 1.774475e-05 -0.001335242
angularVelocity: -1.138299e-05 9.995396e-05 -9.323244e-07
acceleration: -0.0003403632 -4.190327e-05 0.001816078
accel: 0.0
brake: 1.0
steer: -0.0063
linkid: A219BS010391
trafficlightid: C119BS010007
turn_signal_lamp: 0.0