position: 95.613519 130.23400000000015 -0.2574086
orientation: 1.211334 1.589609 151.2897
enu_velocity: -0.0001016659 2.630681e-05 -0.001187346
velocity: 0.0001347026 7.285598e-07 -0.001184345
angularVelocity: 2.802873e-06 8.838693e-05 -7.243054e-07
acceleration: -0.000320149 -0.0002502009 0.002050157
accel: 0.0
brake: 1.0
steer: -0.0063
linkid: A219BS010391
trafficlightid: C119BS010007
turn_signal_lamp: 0.0