position: 95.613519 130.23400000000015 -0.2574117
orientation: 1.211334 1.589712 151.2897
enu_velocity: -0.0001095976 1.443686e-05 -0.00101233
velocity: 0.0001311034 1.864584e-05 -0.001009701
angularVelocity: -1.240393e-05 8.921069e-05 -9.83952e-07
acceleration: -0.0001240692 -0.0002913426 0.001886487
accel: 0.0
brake: 1.0
steer: -0.0063
linkid: A219BS010391
trafficlightid: C119BS010007
turn_signal_lamp: 0.0