position: 95.613519 130.23400000000015 -0.2574115
orientation: 1.211273 1.590059 151.2897
enu_velocity: 2.845894e-06 7.424545e-07 0.0004004092
velocity: -1.324917e-05 6.442047e-06 0.0004001489
angularVelocity: -5.492451e-06 -2.771329e-06 -1.088475e-06
acceleration: -0.0001110848 9.808847e-05 0.001697134
accel: 0.0
brake: 1.0
steer: -0.0063
linkid: A219BS010391
trafficlightid: C119BS010007
turn_signal_lamp: 0.0