position: 95.613519 130.23400000000015 -0.2573988
orientation: 1.211304 1.589884 151.2897
enu_velocity: 4.351566e-05 -6.326272e-06 0.0007386068
velocity: -6.168173e-05 2.314064e-07 0.0007373391
angularVelocity: -8.695279e-07 -3.633459e-05 -1.096604e-06
acceleration: 4.443312e-05 5.849191e-06 0.0007654776
accel: 0.0
brake: 1.0
steer: -0.0063
linkid: A219BS010391
trafficlightid: C119BS010007
turn_signal_lamp: 0.0