position: 95.613519 130.23400000000015 -0.2573935
orientation: 1.211304 1.589788 151.2897
enu_velocity: 5.302883e-05 -1.947611e-06 0.0006986527
velocity: -6.680985e-05 -9.024787e-06 0.0006974141
angularVelocity: 7.439554e-06 -4.162967e-05 -9.711204e-07
acceleration: -8.395943e-05 -0.0003635784 -0.0007272901
accel: 0.0
brake: 1.0
steer: -0.0063
linkid: A219BS010391
trafficlightid: C119BS010007
turn_signal_lamp: 0.0