position: 95.613519 130.23400000000015 -0.2573858
orientation: 1.211334 1.589587 151.2897
enu_velocity: 4.361039e-05 -2.260252e-05 0.0004701805
velocity: -6.213065e-05 8.78141e-06 0.0004685564
angularVelocity: -7.932529e-06 -4.216616e-05 -1.221124e-06
acceleration: -4.823069e-05 0.000387575 -0.001070398
accel: 0.0
brake: 1.0
steer: -0.0063
linkid: A219BS010391
trafficlightid: C119BS010007
turn_signal_lamp: 0.0