position: 23.573729 42.28800000000001 -0.2531098
orientation: 1.615112 1.050495 61.09358
enu_velocity: 19.39484 34.97958 -0.05603682
velocity: 39.99089 -0.05088615 0.6789564
angularVelocity: 0.001040794 -0.007074546 -0.000958329
acceleration: -0.0119028 0.04233843 0.0602776
accel: 0.04215797
brake: 0.0
steer: 0.0001
linkid: A219BS010380
trafficlightid: null
turn_signal_lamp: 0.0