position: 95.613519 130.23400000000015 -0.2573833
orientation: 1.211304 1.589477 151.2897
enu_velocity: 2.924923e-05 -1.446593e-05 0.0002086345
velocity: -3.837705e-05 3.026693e-06 0.0002076323
angularVelocity: -2.23843e-06 -2.759557e-05 -1.095537e-06
acceleration: 0.0001025888 9.53417e-05 -0.001438219
accel: 0.0
brake: 1.0
steer: -0.0063
linkid: A219BS010391
trafficlightid: C119BS010007
turn_signal_lamp: 0.0