position: 95.613519 130.23400000000015 -0.2573857
orientation: 1.211304 1.589413 151.2897
enu_velocity: -1.68207e-05 -5.273426e-06 -0.0001758327
velocity: 1.709186e-05 8.994162e-06 -0.0001756555
angularVelocity: -6.038539e-06 1.104691e-05 -1.072687e-06
acceleration: 0.0002104101 -0.0002282707 -0.001131621
accel: 0.0
brake: 1.0
steer: -0.0063
linkid: A219BS010391
trafficlightid: C119BS010007
turn_signal_lamp: 0.0