position: 23.681459 42.48299999999995 -0.2536972
orientation: 1.615753 1.039255 61.09245
enu_velocity: 19.39604 34.98639 -0.05023001
velocity: 39.99745 -0.04790688 0.6769515
angularVelocity: 0.0004454562 -0.010723 -0.0006125478
acceleration: 0.1040894 0.03226329 0.08819029
accel: 0.03249323
brake: 0.0
steer: 0.0003
linkid: A219BS010380
trafficlightid: null
turn_signal_lamp: 0.0