position: 95.613519 130.23400000000015 -0.2573929
orientation: 1.211304 1.589544 151.2897
enu_velocity: -3.316539e-05 -1.584841e-06 -0.0002866389
velocity: 3.626694e-05 1.127767e-05 -0.0002860451
angularVelocity: -8.630721e-06 2.478596e-05 -1.070682e-06
acceleration: 8.451752e-05 0.0003989518 -0.0001079641
accel: 0.0
brake: 1.0
steer: -0.0063
linkid: A219BS010391
trafficlightid: C119BS010007
turn_signal_lamp: 0.0