position: 95.613519 130.23400000000015 -0.2573938
orientation: 1.211304 1.589568 151.2897
enu_velocity: -1.747803e-05 5.621538e-06 -0.0002790624
velocity: 2.576391e-05 -2.421519e-06 -0.0002784659
angularVelocity: 3.64164e-06 1.576089e-05 -8.877229e-07
acceleration: -0.0003204792 -0.0001956549 -0.0006091803
accel: 0.0
brake: 1.0
steer: -0.0063
linkid: A219BS010391
trafficlightid: C119BS010007
turn_signal_lamp: 0.0