position: 95.613519 130.23400000000015 -0.2573945
orientation: 1.211304 1.589593 151.2897
enu_velocity: -2.647787e-05 7.454315e-06 -0.0002512985
velocity: 3.376431e-05 8.856277e-07 -0.000250533
angularVelocity: 7.61891e-07 2.330642e-05 -9.255324e-07
acceleration: 7.673644e-05 -0.0001886685 7.01211e-05
accel: 0.0
brake: 1.0
steer: -0.0063
linkid: A219BS010391
trafficlightid: C119BS010007
turn_signal_lamp: 0.0