position: 95.613519 130.23400000000015 -0.2573965
orientation: 1.211334 1.589646 151.2897
enu_velocity: -1.086694e-05 5.009888e-06 -0.0001808211
velocity: 1.694918e-05 -2.987968e-06 -0.0001803975
angularVelocity: 4.021937e-06 1.046103e-05 -8.986985e-07
acceleration: -0.0001947959 -0.0002963922 -0.0009755594
accel: 0.0
brake: 1.0
steer: -0.0063
linkid: A219BS010391
trafficlightid: C119BS010007
turn_signal_lamp: 0.0