position: 95.613519 130.23400000000015 -0.2573974
orientation: 1.211334 1.589675 151.2897
enu_velocity: -5.009834e-07 1.233173e-05 1.092577e-05
velocity: 6.057787e-06 -1.033803e-05 1.131917e-05
angularVelocity: 9.817246e-06 5.421666e-06 -8.201688e-07
acceleration: 0.0001085656 -0.0003475488 0.0009689491
accel: 0.0
brake: 1.0
steer: -0.0063
linkid: A219BS010391
trafficlightid: C119BS010007
turn_signal_lamp: 0.0