position: 95.613519 130.23400000000015 -0.2573969
orientation: 1.211334 1.589673 151.2897
enu_velocity: -5.402118e-06 -1.286597e-07 7.764451e-05
velocity: 2.520402e-06 4.350838e-06 7.766973e-05
angularVelocity: -3.62175e-06 4.073948e-06 -1.040003e-06
acceleration: 0.0002665587 0.0004690456 0.0007030101
accel: 0.0
brake: 1.0
steer: -0.0063
linkid: A219BS010391
trafficlightid: C119BS010007
turn_signal_lamp: 0.0