position: 95.613519 130.23400000000015 -0.2573946
orientation: 1.211304 1.589644 151.2897
enu_velocity: 5.659429e-06 -8.491244e-06 0.0001244365
velocity: -1.24912e-05 7.351816e-06 0.00012401
angularVelocity: -5.388061e-06 -7.637883e-06 -1.102224e-06
acceleration: 9.242346e-05 -0.0001336575 -0.0001293713
accel: 0.0
brake: 1.0
steer: -0.0063
linkid: A219BS010391
trafficlightid: C119BS010007
turn_signal_lamp: 0.0