position: 95.613519 130.23400000000015 -0.2573942
orientation: 1.211304 1.589631 151.2897
enu_velocity: 1.662831e-05 2.062352e-06 0.0001228978
velocity: -1.699735e-05 -7.205488e-06 0.0001226531
angularVelocity: 6.565001e-06 -1.162511e-05 -9.06786e-07
acceleration: -2.130116e-05 -1.147238e-05 0.0001274042
accel: 0.0
brake: 1.0
steer: -0.0063
linkid: A219BS010391
trafficlightid: C119BS010007
turn_signal_lamp: 0.0