position: 95.613519 130.23400000000015 -0.2573925
orientation: 1.211273 1.589593 151.2897
enu_velocity: 8.849275e-06 -1.23303e-05 9.828931e-05
velocity: -1.640588e-05 8.630851e-06 9.771126e-05
angularVelocity: -6.604945e-06 -1.150946e-05 -1.126134e-06
acceleration: -3.207995e-05 2.51184e-05 -0.0003167583
accel: 0.0
brake: 1.0
steer: -0.0063
linkid: A219BS010391
trafficlightid: C119BS010007
turn_signal_lamp: 0.0