position: 95.613519 130.23400000000015 -0.2573915
orientation: 1.211273 1.589548 151.2897
enu_velocity: -3.066384e-06 -1.647379e-06 -9.516245e-06
velocity: 2.161275e-06 2.717256e-06 -9.519501e-06
angularVelocity: -1.851628e-06 1.942651e-06 -1.01512e-06
acceleration: 0.0002147773 0.0002741015 0.0003194548
accel: 0.0
brake: 1.0
steer: -0.0063
linkid: A219BS010391
trafficlightid: C119BS010007
turn_signal_lamp: 0.0