position: 95.613519 130.23400000000015 -0.2573917
orientation: 1.211273 1.589548 151.2897
enu_velocity: -3.655957e-06 -1.631363e-06 -2.274492e-05
velocity: 3.05281e-06 2.707139e-06 -2.273127e-05
angularVelocity: -1.95378e-06 2.387548e-06 -1.014367e-06
acceleration: 0.0001690179 0.0003625585 0.0001756867
accel: 0.0
brake: 1.0
steer: -0.0063
linkid: A219BS010391
trafficlightid: C119BS010007
turn_signal_lamp: 0.0