position: 95.613519 130.23400000000015 -0.2573926
orientation: 1.211273 1.589554 151.2897
enu_velocity: -1.461532e-05 -7.323123e-06 -2.928044e-05
velocity: 1.010926e-05 1.282747e-05 -2.928888e-05
angularVelocity: -1.102565e-05 8.34579e-06 -1.149042e-06
acceleration: 0.0002947477 0.000829482 0.001067164
accel: 0.0
brake: 1.0
steer: -0.0063
linkid: A219BS010391
trafficlightid: C119BS010007
turn_signal_lamp: 0.0