position: 95.613519 130.23400000000015 -0.2573928
orientation: 1.211273 1.589557 151.2897
enu_velocity: -1.673632e-05 -1.806743e-05 -4.405403e-05
velocity: 7.219211e-06 2.295332e-05 -4.436578e-05
angularVelocity: -1.877972e-05 5.605568e-06 -1.287602e-06
acceleration: 0.0001606574 0.0004068526 0.0002947698
accel: 0.0
brake: 1.0
steer: -0.0063
linkid: A219BS010391
trafficlightid: C119BS010007
turn_signal_lamp: 0.0