position: 95.613519 130.23400000000015 -0.2573931
orientation: 1.211273 1.58957 151.2897
enu_velocity: 1.71283e-07 5.448942e-06 -6.058204e-05
velocity: 4.146924e-06 -6.13896e-06 -6.0374e-05
angularVelocity: 5.333598e-06 2.316156e-06 -8.859883e-07
acceleration: -5.964743e-05 0.0004581874 0.0005837536
accel: 0.0
brake: 1.0
steer: -0.0063
linkid: A219BS010391
trafficlightid: C119BS010007
turn_signal_lamp: 0.0