position: 95.613519 130.23400000000015 -0.2573932
orientation: 1.211273 1.589576 151.2897
enu_velocity: -1.286009e-05 -1.763873e-08 -3.463964e-05
velocity: 1.222715e-05 5.466477e-06 -3.443692e-05
angularVelocity: -3.917959e-06 9.925718e-06 -1.035532e-06
acceleration: 0.0003052168 0.0001180178 0.0008223783
accel: 0.0
brake: 1.0
steer: -0.0063
linkid: A219BS010391
trafficlightid: C119BS010007
turn_signal_lamp: 0.0