position: 95.613519 130.23400000000015 -0.2573931
orientation: 1.211273 1.589588 151.2897
enu_velocity: -1.48918e-05 2.946677e-06 -3.706316e-05
velocity: 1.549909e-05 3.793625e-06 -3.673572e-05
angularVelocity: -2.097802e-06 1.243113e-05 -9.991429e-07
acceleration: 9.646702e-05 -0.00016537 -0.0002304259
accel: 0.0
brake: 1.0
steer: -0.0063
linkid: A219BS010391
trafficlightid: C119BS010007
turn_signal_lamp: 0.0