position: 95.613519 130.23400000000015 -0.2573932
orientation: 1.211273 1.589595 151.2897
enu_velocity: -4.830324e-07 1.505643e-05 -6.223607e-05
velocity: 9.379974e-06 -1.428108e-05 -6.171163e-05
angularVelocity: 1.296273e-05 6.609712e-06 -7.574286e-07
acceleration: 2.47378e-05 -0.0001665115 -0.0001639668
accel: 0.0
brake: 1.0
steer: -0.0063
linkid: A219BS010391
trafficlightid: C119BS010007
turn_signal_lamp: 0.0