position: 95.613519 130.23400000000015 -0.2573933
orientation: 1.211273 1.589612 151.2897
enu_velocity: 3.549409e-06 5.457117e-06 -3.008606e-05
velocity: 3.432451e-07 -7.125878e-06 -2.994417e-05
angularVelocity: 7.430583e-06 -3.405114e-07 -8.700654e-07
acceleration: -0.0001381875 -0.0004950677 -0.0001874746
accel: 0.0
brake: 1.0
steer: -0.0063
linkid: A219BS010391
trafficlightid: C119BS010007
turn_signal_lamp: 0.0