position: 24.220169000000002 43.455000000000155 -0.2562489
orientation: 1.59491 0.9691779 61.09193
enu_velocity: 19.39227 35.00721 -0.008109518
velocity: 40.01394 -0.03460884 0.6700262
angularVelocity: -0.004692329 -0.01515237 0.0009906114
acceleration: 0.02472206 0.02809803 0.1141754
accel: 0.02636615
brake: 0.0
steer: 0.0006
linkid: A219BS010380
trafficlightid: null
turn_signal_lamp: 0.0