position: 95.613519 130.23400000000015 -0.2573932
orientation: 1.211273 1.58962 151.2897
enu_velocity: 5.521549e-06 2.932936e-06 -2.66493e-05
velocity: -2.693212e-06 -5.788783e-06 -2.661788e-05
angularVelocity: 6.44981e-06 -2.762365e-06 -8.94743e-07
acceleration: -5.842e-05 -0.0005951426 -0.001026747
accel: 0.0
brake: 1.0
steer: -0.0063
linkid: A219BS010391
trafficlightid: C119BS010007
turn_signal_lamp: 0.0