position: 95.613519 130.23400000000015 -0.2573931
orientation: 1.211273 1.589619 151.2897
enu_velocity: -2.333553e-06 -1.024092e-07 7.343733e-06
velocity: 1.792982e-06 1.366897e-06 7.369069e-06
angularVelocity: -5.896031e-07 2.021306e-06 -9.976479e-07
acceleration: 0.0003077073 0.0001299149 0.0002196573
accel: 0.0
brake: 1.0
steer: -0.0063
linkid: A219BS010391
trafficlightid: C119BS010007
turn_signal_lamp: 0.0