position: 24.327919 43.649000000000115 -0.256693
orientation: 1.588135 0.9528567 61.09271
enu_velocity: 19.39122 35.01017 0.0004748644
velocity: 40.01607 -0.03295708 0.6671925
angularVelocity: -0.00623502 -0.01389187 0.001115743
acceleration: 0.02756171 0.03995846 0.116255
accel: 0.02566224
brake: 0.0
steer: 0.0006
linkid: A219BS010380
trafficlightid: null
turn_signal_lamp: 0.0