position: 95.613519 130.23400000000015 -0.2573929
orientation: 1.211273 1.589613 151.2897
enu_velocity: -2.098039e-06 -1.66198e-05 3.188441e-05
velocity: -7.025865e-06 1.625108e-05 3.136518e-05
angularVelocity: -1.390842e-05 -4.974344e-06 -1.223162e-06
acceleration: -0.0001181319 0.0008292722 0.0005941741
accel: 0.0
brake: 1.0
steer: -0.0063
linkid: A219BS010391
trafficlightid: C119BS010007
turn_signal_lamp: 0.0