position: 95.613519 130.23400000000015 -0.257393
orientation: 1.211273 1.589594 151.2897
enu_velocity: 1.737998e-05 -1.95269e-06 -2.203703e-05
velocity: -1.556378e-05 -7.11007e-06 -2.233211e-05
angularVelocity: 7.264314e-06 -1.353432e-05 -8.987524e-07
acceleration: -0.0002309046 -0.0003577318 -0.0009771812
accel: 0.0
brake: 1.0
steer: -0.0063
linkid: A219BS010391
trafficlightid: C119BS010007
turn_signal_lamp: 0.0