position: 95.613519 130.23400000000015 -0.2573926
orientation: 1.211304 1.589598 151.2897
enu_velocity: -5.633691e-06 -2.706528e-06 2.598876e-05
velocity: 2.918583e-06 5.630285e-06 2.596654e-05
angularVelocity: -5.22398e-06 3.361133e-06 -1.060988e-06
acceleration: 0.0002272505 0.0008775157 0.001272417
accel: 0.0
brake: 1.0
steer: -0.0063
linkid: A219BS010391
trafficlightid: C119BS010007
turn_signal_lamp: 0.0