position: 95.613519 130.23400000000015 -0.2573926
orientation: 1.211334 1.589592 151.2897
enu_velocity: -4.512768e-06 3.479067e-06 -2.677004e-06
velocity: 5.701341e-06 -9.365706e-07 -2.500578e-06
angularVelocity: 1.19091e-06 5.075491e-06 -9.607181e-07
acceleration: 0.0003166544 0.0002339834 0.0004565001
accel: 0.0
brake: 1.0
steer: -0.0063
linkid: A219BS010391
trafficlightid: C119BS010007
turn_signal_lamp: 0.0