position: 95.613519 130.23400000000015 -0.2573928
orientation: 1.211334 1.589592 151.2897
enu_velocity: -8.408885e-06 -9.739128e-06 4.991336e-06
velocity: 2.557096e-06 1.268552e-05 4.797116e-06
angularVelocity: -9.931837e-06 2.392803e-06 -1.150019e-06
acceleration: -0.0001635211 0.0001285628 0.0002322063
accel: 0.0
brake: 1.0
steer: -0.0063
linkid: A219BS010391
trafficlightid: C119BS010007
turn_signal_lamp: 0.0