position: 24.543389 44.03800000000001 -0.2571992
orientation: 1.569611 0.9289997 61.0946
enu_velocity: 19.3852 35.00819 0.01890535
velocity: 40.01141 -0.03013802 0.6687899
angularVelocity: -0.009479456 -0.007101621 0.0009238397
acceleration: -0.2090597 0.01765983 0.1258318
accel: 0.02439887
brake: 0.0
steer: 0.0003
linkid: A219BS010380
trafficlightid: null
turn_signal_lamp: 0.0