position: 95.613519 130.23400000000015 -0.2573924
orientation: 1.211304 1.589614 151.2897
enu_velocity: -1.224686e-05 -3.703393e-07 -9.896938e-07
velocity: 1.058671e-05 6.191871e-06 -8.273601e-07
angularVelocity: -4.715857e-06 9.183846e-06 -1.04719e-06
acceleration: 0.0002184184 0.0002305405 0.000478192
accel: 0.0
brake: 1.0
steer: -0.0063
linkid: A219BS010391
trafficlightid: C119BS010007
turn_signal_lamp: 0.0