position: 95.613519 130.23400000000015 -0.2573928
orientation: 1.211273 1.589606 151.2897
enu_velocity: -6.996617e-06 -8.983771e-06 1.342558e-05
velocity: 1.44768e-06 1.15226e-05 1.32303e-05
angularVelocity: -9.599988e-06 2.042586e-06 -1.143385e-06
acceleration: 0.0004142222 0.0005391653 0.001296908
accel: 0.0
brake: 1.0
steer: -0.0063
linkid: A219BS010391
trafficlightid: C119BS010007
turn_signal_lamp: 0.0