position: 95.613519 130.23400000000015 -0.2573929
orientation: 1.211273 1.589603 151.2897
enu_velocity: -4.787403e-06 2.621782e-06 4.378734e-06
velocity: 5.334727e-06 9.604992e-08 4.527444e-06
angularVelocity: 1.758904e-07 4.859821e-06 -9.756627e-07
acceleration: 0.0002243891 0.0003559007 0.0002122346
accel: 0.0
brake: 1.0
steer: -0.0063
linkid: A219BS010391
trafficlightid: C119BS010007
turn_signal_lamp: 0.0