position: 95.613519 130.23400000000015 -0.2573929
orientation: 1.211273 1.589603 151.2897
enu_velocity: -5.039743e-06 2.420186e-06 4.351019e-06
velocity: 5.459921e-06 3.935018e-07 4.496899e-06
angularVelocity: 5.08629e-07 5.013086e-06 -9.732347e-07
acceleration: 0.000311225 -8.644497e-05 0.0005072787
accel: 0.0
brake: 1.0
steer: -0.0063
linkid: A219BS010391
trafficlightid: C119BS010007
turn_signal_lamp: 0.0