position: 95.613519 130.23400000000015 -0.2573932
orientation: 1.211273 1.589592 151.2897
enu_velocity: 2.612602e-06 2.603286e-06 -2.380485e-05
velocity: -3.800878e-07 -4.041124e-06 -2.374444e-05
angularVelocity: 4.495118e-06 -8.966404e-07 -9.175617e-07
acceleration: -0.0002774362 -0.0002185052 -0.001226937
accel: 0.0
brake: 1.0
steer: -0.0063
linkid: A219BS010391
trafficlightid: C119BS010007
turn_signal_lamp: 0.0