position: 95.613519 130.23400000000015 -0.2573929
orientation: 1.211273 1.589599 151.2897
enu_velocity: -6.41746e-06 -2.273384e-07 2.875687e-05
velocity: 4.719442e-06 3.892384e-06 2.882307e-05
angularVelocity: -2.508065e-06 4.634837e-06 -1.021429e-06
acceleration: -0.0001228876 -4.842244e-06 0.0004509922
accel: 0.0
brake: 1.0
steer: -0.0063
linkid: A219BS010391
trafficlightid: C119BS010007
turn_signal_lamp: 0.0