position: 95.613519 130.23400000000015 -0.2573932
orientation: 1.211304 1.589594 151.2897
enu_velocity: 4.946736e-06 2.578657e-06 -8.762216e-06
velocity: -2.855585e-06 -4.823896e-06 -8.744812e-06
angularVelocity: 4.304045e-06 -2.344613e-06 -9.18742e-07
acceleration: 0.0001392607 0.0003468167 0.0003123275
accel: 0.0
brake: 1.0
steer: -0.0063
linkid: A219BS010391
trafficlightid: C119BS010007
turn_signal_lamp: 0.0