position: 95.613519 130.23400000000015 -0.2573928
orientation: 1.211273 1.589604 151.2897
enu_velocity: -1.050285e-05 4.251226e-06 1.017167e-05
velocity: 1.096734e-05 1.538044e-06 1.044976e-05
angularVelocity: -2.219313e-07 9.621217e-06 -9.774981e-07
acceleration: 0.0001580663 -0.0002379613 -0.0003810859
accel: 0.0
brake: 1.0
steer: -0.0063
linkid: A219BS010391
trafficlightid: C119BS010007
turn_signal_lamp: 0.0