position: 95.613519 130.23400000000015 -0.2573928
orientation: 1.211273 1.589606 151.2897
enu_velocity: -6.251551e-06 -2.803052e-06 2.117349e-05
velocity: 3.547497e-06 5.910202e-06 2.115988e-05
angularVelocity: -4.578185e-06 3.674944e-06 -1.054795e-06
acceleration: 8.289446e-05 0.0002582134 0.001160125
accel: 0.0
brake: 1.0
steer: -0.0063
linkid: A219BS010391
trafficlightid: C119BS010007
turn_signal_lamp: 0.0