position: 24.866359 44.621000000000095 -0.2568932
orientation: 1.542603 0.9218771 61.09579
enu_velocity: 19.38066 34.99852 0.03386138
velocity: 40.00057 -0.0317173 0.6786219
angularVelocity: -0.005533753 -0.00144208 -4.100479e-05
acceleration: 0.08739391 -0.03184597 0.03032907
accel: 0.03062852
brake: 0.0
steer: -0.0003
linkid: A219BS010380
trafficlightid: null
turn_signal_lamp: 0.0