position: 95.613519 130.23400000000015 -0.2573926
orientation: 1.211273 1.589612 151.2897
enu_velocity: -6.746015e-06 4.042425e-06 1.153007e-05
velocity: 7.535692e-06 -5.646416e-08 1.174745e-05
angularVelocity: 6.891451e-07 6.826936e-06 -9.642777e-07
acceleration: 0.0002078805 4.119357e-05 0.0008028734
accel: 0.0
brake: 1.0
steer: -0.0063
linkid: A219BS010391
trafficlightid: C119BS010007
turn_signal_lamp: 0.0