position: 95.613519 130.23400000000015 -0.2573924
orientation: 1.211273 1.589614 151.2897
enu_velocity: -6.907539e-06 -7.147029e-06 2.859538e-05
velocity: 1.830763e-06 1.019028e-05 2.844814e-05
angularVelocity: -8.146544e-06 2.43034e-06 -1.118434e-06
acceleration: 0.000102554 0.0002831812 0.0005704831
accel: 0.0
brake: 1.0
steer: -0.0063
linkid: A219BS010391
trafficlightid: C119BS010007
turn_signal_lamp: 0.0