position: 95.613519 130.23400000000015 -0.2573924
orientation: 1.211273 1.589613 151.2897
enu_velocity: 2.002416e-06 5.450655e-06 -1.133467e-05
velocity: 1.176255e-06 -5.980201e-06 -1.118247e-05
angularVelocity: 6.052285e-06 8.93644e-07 -8.887409e-07
acceleration: 8.862138e-05 -0.0002075946 -0.0006285041
accel: 0.0
brake: 1.0
steer: -0.0063
linkid: A219BS010391
trafficlightid: C119BS010007
turn_signal_lamp: 0.0