position: 95.613519 130.23400000000015 -0.2573925
orientation: 1.211273 1.58961 151.2897
enu_velocity: 2.717416e-06 -1.792826e-06 -1.613527e-06
velocity: -3.198569e-06 2.3096e-07 -1.708175e-06
angularVelocity: 6.793641e-07 -2.543944e-06 -9.848511e-07
acceleration: 1.436311e-05 -6.499269e-05 -0.0001268567
accel: 0.0
brake: 1.0
steer: -0.0063
linkid: A219BS010391
trafficlightid: C119BS010007
turn_signal_lamp: 0.0