position: 95.613519 130.23400000000015 -0.2573926
orientation: 1.211273 1.589608 151.2897
enu_velocity: -1.019494e-05 -9.940288e-06 1.431433e-05
velocity: 3.767754e-06 1.391757e-05 1.413335e-05
angularVelocity: -1.089894e-05 3.699645e-06 -1.164876e-06
acceleration: -9.519463e-06 6.579354e-05 -0.0001908365
accel: 0.0
brake: 1.0
steer: -0.0063
linkid: A219BS010391
trafficlightid: C119BS010007
turn_signal_lamp: 0.0