position: 25.081729 45.00999999999999 -0.2563241
orientation: 1.529358 0.9271932 61.09483
enu_velocity: 19.38824 35.0029 0.04085038
velocity: 40.00789 -0.03543282 0.6895343
angularVelocity: -0.005906337 0.004742848 -0.0008313858
acceleration: 0.04621583 -0.03287104 0.03740614
accel: 0.02876361
brake: 0.0
steer: -0.0003
linkid: A219BS010380
trafficlightid: null
turn_signal_lamp: 0.0