position: 95.613519 130.23400000000015 -0.2573925
orientation: 1.211304 1.589622 151.2897
enu_velocity: -4.312375e-06 4.710915e-06 6.188704e-06
velocity: 5.871244e-06 -1.925385e-06 6.396152e-06
angularVelocity: 2.11056e-06 5.345167e-06 -9.428765e-07
acceleration: 0.0002426377 0.0001566414 0.0009790923
accel: 0.0
brake: 1.0
steer: -0.0063
linkid: A219BS010391
trafficlightid: C119BS010007
turn_signal_lamp: 0.0