position: 25.189439 45.205000000000155 -0.2558975
orientation: 1.523376 0.9345919 61.09375
enu_velocity: 19.39144 35.00465 0.04069885
velocity: 40.0109 -0.03656578 0.6946255
angularVelocity: -0.004524749 0.006611411 -0.001195729
acceleration: 0.04766614 -0.02268333 -0.03110926
accel: 0.02778673
brake: 0.0
steer: -0.0005
linkid: A219BS010380
trafficlightid: null
turn_signal_lamp: 0.0