position: 95.613519 130.23400000000015 -0.2573924
orientation: 1.211304 1.589622 151.2897
enu_velocity: -5.197608e-06 -1.375549e-05 1.570109e-05
velocity: -2.484043e-06 1.488855e-05 1.532688e-05
angularVelocity: -1.189133e-05 -1.627921e-06 -1.188016e-06
acceleration: -0.0002370273 0.0002132316 0.0001285421
accel: 0.0
brake: 1.0
steer: -0.0063
linkid: A219BS010391
trafficlightid: C119BS010007
turn_signal_lamp: 0.0