position: 95.613519 130.23400000000015 -0.2573924
orientation: 1.211304 1.589622 151.2897
enu_velocity: -2.629256e-06 4.970618e-06 1.680852e-05
velocity: 4.225725e-06 -2.737847e-06 1.699394e-05
angularVelocity: 2.71955e-06 4.113108e-06 -9.345471e-07
acceleration: 0.0001572037 0.0001628599 0.0006866828
accel: 0.0
brake: 1.0
steer: -0.0063
linkid: A219BS010391
trafficlightid: C119BS010007
turn_signal_lamp: 0.0