position: 95.613519 130.23400000000015 -0.257393
orientation: 1.211304 1.589599 151.2897
enu_velocity: 4.848356e-06 -1.717798e-05 -1.366048e-06
velocity: -1.246158e-05 1.2698e-05 -1.981269e-06
angularVelocity: -9.540653e-06 -1.040571e-05 -1.171015e-06
acceleration: -0.0003247534 -9.886413e-05 -0.0008314077
accel: 0.0
brake: 1.0
steer: -0.0063
linkid: A219BS010391
trafficlightid: C119BS010007
turn_signal_lamp: 0.0