position: 95.613519 130.23400000000015 -0.2573929
orientation: 1.211304 1.589602 151.2897
enu_velocity: -8.348577e-06 -1.921936e-06 6.115225e-06
velocity: 6.226837e-06 5.827861e-06 6.168559e-06
angularVelocity: -4.518616e-06 5.661924e-06 -1.053607e-06
acceleration: 0.0001866927 0.0003210524 0.0003335728
accel: 0.0
brake: 1.0
steer: -0.0063
linkid: A219BS010391
trafficlightid: C119BS010007
turn_signal_lamp: 0.0