position: 95.613519 130.23400000000015 -0.257393
orientation: 1.211304 1.589597 151.2897
enu_velocity: 4.704482e-06 -3.397485e-06 -1.403592e-07
velocity: -5.752092e-06 7.133458e-07 -3.151889e-07
angularVelocity: 2.015945e-07 -4.643992e-06 -9.969743e-07
acceleration: 7.049788e-06 3.401761e-06 -9.602696e-05
accel: 0.0
brake: 1.0
steer: -0.0063
linkid: A219BS010391
trafficlightid: C119BS010007
turn_signal_lamp: 0.0