position: 95.613519 130.23400000000015 -0.2573927
orientation: 1.211304 1.589609 151.2897
enu_velocity: 4.866059e-06 7.737487e-07 -3.740014e-06
velocity: -3.790881e-06 -3.096832e-06 -3.782034e-06
angularVelocity: 3.863903e-06 -3.093623e-06 -9.351128e-07
acceleration: 4.275856e-05 -0.0003609878 0.0003439092
accel: 0.0
brake: 1.0
steer: -0.0063
linkid: A219BS010391
trafficlightid: C119BS010007
turn_signal_lamp: 0.0