position: 95.613519 130.23400000000015 -0.2573928
orientation: 1.211273 1.589611 151.2897
enu_velocity: 5.210944e-06 7.797208e-07 -2.818955e-05
velocity: -3.412142e-06 -3.784531e-06 -2.82214e-05
angularVelocity: 4.637336e-06 -3.496806e-06 -9.235465e-07
acceleration: -0.0002367172 -0.0004450172 -0.001364709
accel: 0.0
brake: 1.0
steer: -0.0063
linkid: A219BS010391
trafficlightid: C119BS010007
turn_signal_lamp: 0.0