position: 95.613519 130.23400000000015 -0.2573928
orientation: 1.211273 1.589606 151.2897
enu_velocity: -5.046336e-06 -6.875426e-06 2.125041e-05
velocity: 5.331831e-07 8.90214e-06 2.108992e-05
angularVelocity: -7.447043e-06 1.415899e-06 -1.108829e-06
acceleration: 0.0004152652 0.000540139 0.001296764
accel: 0.0
brake: 1.0
steer: -0.0063
linkid: A219BS010391
trafficlightid: C119BS010007
turn_signal_lamp: 0.0