position: 95.613519 130.23400000000015 -0.2573927
orientation: 1.211273 1.589606 151.2897
enu_velocity: -5.626088e-06 -4.183531e-06 2.48679e-05
velocity: 2.233754e-06 6.897652e-06 2.479919e-05
angularVelocity: -5.124194e-06 2.469286e-06 -1.066838e-06
acceleration: -0.0001774564 8.366923e-05 0.0002851735
accel: 0.0
brake: 1.0
steer: -0.0063
linkid: A219BS010391
trafficlightid: C119BS010007
turn_signal_lamp: 0.0