position: 95.613519 130.23400000000015 -0.2573927
orientation: 1.211273 1.589603 151.2897
enu_velocity: -6.854859e-06 -1.093425e-05 3.34277e-05
velocity: -1.680783e-07 1.358686e-05 3.31561e-05
angularVelocity: -1.062862e-05 7.211147e-07 -1.163892e-06
acceleration: -0.0001340373 5.301309e-05 0.0001653717
accel: 0.0
brake: 1.0
steer: -0.0063
linkid: A219BS010391
trafficlightid: C119BS010007
turn_signal_lamp: 0.0