position: 95.613519 130.23400000000015 -0.2573928
orientation: 1.211273 1.589602 151.2897
enu_velocity: -8.527162e-06 -6.790658e-06 1.478497e-05
velocity: 3.80496e-06 1.036475e-05 1.468043e-05
angularVelocity: -8.929243e-06 3.973662e-06 -1.123895e-06
acceleration: 0.0003288951 0.0007391742 0.0009757662
accel: 0.0
brake: 1.0
steer: -0.0063
linkid: A219BS010391
trafficlightid: C119BS010007
turn_signal_lamp: 0.0