position: 95.613519 130.23400000000015 -0.2573928
orientation: 1.211273 1.589599 151.2897
enu_velocity: 3.760727e-06 -1.11275e-05 -6.928267e-06
velocity: -8.448314e-06 7.79965e-06 -7.331899e-06
angularVelocity: -6.086547e-06 -7.10419e-06 -1.100126e-06
acceleration: -0.0001955436 0.0003106622 -0.0004276548
accel: 0.0
brake: 1.0
steer: -0.0063
linkid: A219BS010391
trafficlightid: C119BS010007
turn_signal_lamp: 0.0