position: 25.728049000000002 46.177000000000135 -0.2536141
orientation: 1.51712 0.9908156 61.08548
enu_velocity: 19.39531 34.98125 0.01670567
velocity: 39.99201 -0.04516983 0.7098035
angularVelocity: 0.0005585477 0.01235837 -0.002096187
acceleration: 0.0962529 -0.03183824 -0.1163639
accel: 0.03687279
brake: 0.0
steer: -0.0001
linkid: A219BS010380
trafficlightid: null
turn_signal_lamp: 0.0