position: 95.613519 130.23400000000015 -0.2573924
orientation: 1.211273 1.589613 151.2897
enu_velocity: -1.042177e-05 -5.380969e-07 2.778505e-06
velocity: 8.801527e-06 5.541067e-06 2.907342e-06
angularVelocity: -4.130529e-06 7.797984e-06 -1.04294e-06
acceleration: 0.0002820412 0.0001925285 3.631455e-05
accel: 0.0
brake: 1.0
steer: -0.0063
linkid: A219BS010391
trafficlightid: C119BS010007
turn_signal_lamp: 0.0