position: 95.613519 130.23400000000015 -0.2573927
orientation: 1.211304 1.589605 151.2897
enu_velocity: 1.893692e-05 9.770491e-06 -2.684452e-05
velocity: -1.116598e-05 -1.823655e-05 -2.67852e-05
angularVelocity: 1.691915e-05 -1.002897e-05 -7.318192e-07
acceleration: -0.000195064 -0.0006565034 -0.0004659824
accel: 0.0
brake: 1.0
steer: -0.0063
linkid: A219BS010391
trafficlightid: C119BS010007
turn_signal_lamp: 0.0