position: 25.835779 46.371000000000095 -0.25322
orientation: 1.51944 1.003483 61.08374
enu_velocity: 19.40002 34.98717 0.007990789
velocity: 39.99946 -0.04518127 0.7100652
angularVelocity: 0.002474549 0.01059047 -0.001730739
acceleration: 0.09335563 -0.02437074 -0.1183475
accel: 0.03061886
brake: 0.0
steer: -0.0001
linkid: A219BS010380
trafficlightid: null
turn_signal_lamp: 0.0