position: 95.613519 130.23400000000015 -0.2573928
orientation: 1.211273 1.589604 151.2897
enu_velocity: -4.625587e-06 4.20808e-06 5.161696e-06
velocity: 5.932875e-06 -1.355724e-06 5.358183e-06
angularVelocity: 1.399167e-06 5.359639e-06 -9.526184e-07
acceleration: 0.0002196606 0.000344912 0.0002115499
accel: 0.0
brake: 1.0
steer: -0.0063
linkid: A219BS010391
trafficlightid: C119BS010007
turn_signal_lamp: 0.0