position: 95.613519 130.23400000000015 -0.2573929
orientation: 1.211273 1.589602 151.2897
enu_velocity: -5.005872e-06 -4.591237e-06 1.670193e-05
velocity: 1.720745e-06 6.784291e-06 1.661641e-05
angularVelocity: -5.070747e-06 2.128827e-06 -1.070117e-06
acceleration: 0.0001919983 0.0001178082 0.0008629675
accel: 0.0
brake: 1.0
steer: -0.0063
linkid: A219BS010391
trafficlightid: C119BS010007
turn_signal_lamp: 0.0