position: 25.943539 46.56600000000003 -0.2529684
orientation: 1.523743 1.012863 61.08234
enu_velocity: 19.4033 34.99053 -0.002467358
velocity: 40.00407 -0.0454998 0.7062488
angularVelocity: 0.004212837 0.007285472 -0.001343954
acceleration: 0.05800201 -0.02190806 -0.1513661
accel: 0.02939417
brake: 0.0
steer: -0.0001
linkid: A219BS010380
trafficlightid: null
turn_signal_lamp: 0.0