position: 95.613519 130.23400000000015 -0.2573929
orientation: 1.211273 1.589602 151.2897
enu_velocity: -6.310077e-06 8.995217e-06 6.537126e-06
velocity: 9.670319e-06 -4.713094e-06 6.909178e-06
angularVelocity: 4.071096e-06 8.6771e-06 -9.03067e-07
acceleration: 0.0004928902 0.0003856985 0.001374907
accel: 0.0
brake: 1.0
steer: -0.0063
linkid: A219BS010391
trafficlightid: C119BS010007
turn_signal_lamp: 0.0