position: 95.613519 130.23400000000015 -0.2573925
orientation: 1.211304 1.589614 151.2897
enu_velocity: -8.884552e-06 -1.503959e-05 9.796929e-06
velocity: 2.955476e-07 1.766205e-05 9.437645e-06
angularVelocity: -1.475561e-05 8.000793e-07 -1.227649e-06
acceleration: 4.128431e-05 0.0006122729 0.0003844466
accel: 0.0
brake: 1.0
steer: -0.0063
linkid: A219BS010391
trafficlightid: C119BS010007
turn_signal_lamp: 0.0