position: 95.613519 130.23400000000015 -0.2573923
orientation: 1.211273 1.589615 151.2897
enu_velocity: -1.023336e-05 -8.759189e-06 1.982051e-05
velocity: 4.215844e-06 1.301706e-05 1.967436e-05
angularVelocity: -1.067711e-05 4.309753e-06 -1.156528e-06
acceleration: 0.0001611888 0.0004101762 0.0003920313
accel: 0.0
brake: 1.0
steer: -0.0063
linkid: A219BS010391
trafficlightid: C119BS010007
turn_signal_lamp: 0.0