position: 26.159119 46.955000000000155 -0.252911
orientation: 1.535492 1.021197 61.08028
enu_velocity: 19.40905 34.99428 -0.02099597
velocity: 40.01035 -0.04747009 0.6937118
angularVelocity: 0.004989159 0.002168631 -0.0008150294
acceleration: 0.03584954 -0.02866352 -0.09268934
accel: 0.02716276
brake: 0.0
steer: -0.0002
linkid: A219BS010380
trafficlightid: null
turn_signal_lamp: 0.0