position: 95.613519 130.23400000000015 -0.2573931
orientation: 1.211273 1.589592 151.2897
enu_velocity: -6.17271e-06 -7.835237e-06 1.600949e-05
velocity: 1.205191e-06 1.01743e-05 1.583756e-05
angularVelocity: -8.954941e-06 1.899371e-06 -1.131114e-06
acceleration: 0.0004382585 0.0008798831 0.0006775922
accel: 0.0
brake: 1.0
steer: -0.0063
linkid: A219BS010391
trafficlightid: C119BS010007
turn_signal_lamp: 0.0