position: 95.613519 130.23400000000015 -0.2573929
orientation: 1.211273 1.589595 151.2897
enu_velocity: -9.448977e-06 -7.642526e-06 1.074854e-06
velocity: 4.584393e-06 1.126497e-05 9.645723e-07
angularVelocity: -8.255485e-06 4.182924e-06 -1.123573e-06
acceleration: 0.0001492244 -0.0002360426 -0.0004216176
accel: 0.0
brake: 1.0
steer: -0.0063
linkid: A219BS010391
trafficlightid: C119BS010007
turn_signal_lamp: 0.0