position: 95.613519 130.23400000000015 -0.2573934
orientation: 1.211273 1.589586 151.2897
enu_velocity: 3.929335e-06 1.635417e-06 -2.881453e-05
velocity: -1.8603e-06 -3.931637e-06 -2.880057e-05
angularVelocity: 4.852796e-06 -2.110898e-06 -9.192431e-07
acceleration: -8.495449e-05 -0.0005195797 -0.001230572
accel: 0.0
brake: 1.0
steer: -0.0063
linkid: A219BS010391
trafficlightid: C119BS010007
turn_signal_lamp: 0.0