position: 95.613519 130.23400000000015 -0.2573935
orientation: 1.211273 1.589584 151.2897
enu_velocity: -7.443362e-06 -3.589237e-06 1.341107e-05
velocity: 4.430198e-06 7.008336e-06 1.339402e-05
angularVelocity: -5.622115e-06 4.313767e-06 -1.073047e-06
acceleration: 0.0001696692 0.0003910466 0.0004132639
accel: 0.0
brake: 1.0
steer: -0.0063
linkid: A219BS010391
trafficlightid: C119BS010007
turn_signal_lamp: 0.0