position: 95.613519 130.23400000000015 -0.2573935
orientation: 1.211273 1.589588 151.2897
enu_velocity: 3.750395e-06 1.24739e-05 -2.04401e-05
velocity: 3.26888e-06 -1.316946e-05 -2.008335e-05
angularVelocity: 1.257561e-05 2.264952e-06 -7.796985e-07
acceleration: -9.335583e-05 -0.0005930356 -0.0006019894
accel: 0.0
brake: 1.0
steer: -0.0063
linkid: A219BS010391
trafficlightid: C119BS010007
turn_signal_lamp: 0.0