position: 26.266939 47.149000000000115 -0.2529896
orientation: 1.539734 1.023396 61.07947
enu_velocity: 19.41112 34.99596 -0.02583841
velocity: 40.01289 -0.0479393 0.6904665
angularVelocity: 0.003280844 0.001837523 -0.0007962389
acceleration: 0.03451442 -0.02010717 -0.06204949
accel: 0.02643642
brake: 0.0
steer: -0.0002
linkid: A219BS010380
trafficlightid: null
turn_signal_lamp: 0.0