position: 95.613519 130.23400000000015 -0.2573931
orientation: 1.211273 1.589589 151.2897
enu_velocity: 1.282823e-05 1.610189e-05 1.338677e-05
velocity: -3.886069e-06 -1.999942e-05 1.370992e-05
angularVelocity: 1.845136e-05 -2.977855e-06 -6.955233e-07
acceleration: 5.477946e-05 -0.0007980886 0.0003633684
accel: 0.0
brake: 1.0
steer: -0.0063
linkid: A219BS010391
trafficlightid: C119BS010007
turn_signal_lamp: 0.0