position: 95.613519 130.23400000000015 -0.2573931
orientation: 1.211273 1.589587 151.2897
enu_velocity: -6.869174e-06 -9.424853e-06 1.624633e-05
velocity: 1.0459e-06 1.190758e-05 1.603348e-05
angularVelocity: -1.029024e-05 1.709413e-06 -1.150655e-06
acceleration: 0.0003297121 0.0007905108 0.0006596262
accel: 0.0
brake: 1.0
steer: -0.0063
linkid: A219BS010391
trafficlightid: C119BS010007
turn_signal_lamp: 0.0