position: 95.613519 130.23400000000015 -0.2573928
orientation: 1.211273 1.589596 151.2897
enu_velocity: -9.351256e-06 -1.284255e-05 6.795489e-06
velocity: 1.842995e-06 1.589712e-05 6.514656e-06
angularVelocity: -1.278053e-05 1.889784e-06 -1.196531e-06
acceleration: -0.0001119643 0.0002594908 -0.0005236494
accel: 0.0
brake: 1.0
steer: -0.0063
linkid: A219BS010391
trafficlightid: C119BS010007
turn_signal_lamp: 0.0