position: 95.613519 130.23400000000015 -0.2573931
orientation: 1.211273 1.58959 151.2897
enu_velocity: -5.52638e-06 2.413688e-06 1.612796e-05
velocity: 5.556755e-06 8.820285e-07 1.627337e-05
angularVelocity: -9.257478e-07 5.418041e-06 -9.915725e-07
acceleration: 0.0003753455 0.0006120845 0.001731675
accel: 0.0
brake: 1.0
steer: -0.0063
linkid: A219BS010391
trafficlightid: C119BS010007
turn_signal_lamp: 0.0