position: 95.613519 130.23400000000015 -0.2573931
orientation: 1.211273 1.589594 151.2897
enu_velocity: -8.722503e-06 -2.559651e-06 1.589539e-05
velocity: 5.977136e-06 6.773311e-06 1.592776e-05
angularVelocity: -5.337344e-06 5.682262e-06 -1.06602e-06
acceleration: 0.0002109434 0.0003095799 0.0005581567
accel: 0.0
brake: 1.0
steer: -0.0063
linkid: A219BS010391
trafficlightid: C119BS010007
turn_signal_lamp: 0.0