position: 95.613519 130.23400000000015 -0.2573929
orientation: 1.211273 1.589601 151.2897
enu_velocity: -6.872452e-06 -8.9477e-06 1.950452e-06
velocity: 1.674466e-06 1.118881e-05 1.761542e-06
angularVelocity: -1.006261e-05 1.813183e-06 -1.141764e-06
acceleration: 0.0001257656 0.001069921 0.0009393354
accel: 0.0
brake: 1.0
steer: -0.0063
linkid: A219BS010391
trafficlightid: C119BS010007
turn_signal_lamp: 0.0