position: 95.613519 130.23400000000015 -0.257393
orientation: 1.211304 1.589603 151.2897
enu_velocity: -6.721828e-07 1.079752e-05 7.599943e-06
velocity: 5.563428e-06 -8.981134e-06 7.948893e-06
angularVelocity: 8.696167e-06 4.85453e-06 -8.38504e-07
acceleration: -1.999704e-05 -0.0003797889 0.0003992865
accel: 0.0
brake: 1.0
steer: -0.0063
linkid: A219BS010391
trafficlightid: C119BS010007
turn_signal_lamp: 0.0