position: 95.613519 130.23400000000015 -0.2573927
orientation: 1.211273 1.589609 151.2897
enu_velocity: -6.869604e-06 -4.195626e-06 2.06709e-05
velocity: 3.434589e-06 7.417437e-06 2.062198e-05
angularVelocity: -5.089595e-06 3.511992e-06 -1.070226e-06
acceleration: 1.81245e-05 -0.0002287873 0.0002791037
accel: 0.0
brake: 1.0
steer: -0.0063
linkid: A219BS010391
trafficlightid: C119BS010007
turn_signal_lamp: 0.0