position: 95.613519 130.23400000000015 -0.2573929
orientation: 1.211273 1.589603 151.2897
enu_velocity: -6.602611e-06 -6.991062e-06 2.197348e-05
velocity: 1.822019e-06 9.767022e-06 2.183092e-05
angularVelocity: -7.763447e-06 2.286213e-06 -1.112629e-06
acceleration: 0.0001034943 0.0002816448 0.0005711774
accel: 0.0
brake: 1.0
steer: -0.0063
linkid: A219BS010391
trafficlightid: C119BS010007
turn_signal_lamp: 0.0