position: 95.613519 130.23400000000015 -0.2573931
orientation: 1.211273 1.589592 151.2897
enu_velocity: -5.802786e-06 -1.057457e-06 2.213649e-05
velocity: 3.965576e-06 4.184632e-06 2.217155e-05
angularVelocity: -3.410265e-06 4.175909e-06 -1.036674e-06
acceleration: 0.0003118845 0.0004540082 0.0002594421
accel: 0.0
brake: 1.0
steer: -0.0063
linkid: A219BS010391
trafficlightid: C119BS010007
turn_signal_lamp: 0.0