position: 95.613519 130.23400000000015 -0.2573931
orientation: 1.211273 1.589587 151.2897
enu_velocity: -7.691951e-06 -3.293233e-06 2.397118e-05
velocity: 4.497344e-06 7.091532e-06 2.396066e-05
angularVelocity: -6.282137e-06 4.683827e-06 -1.078101e-06
acceleration: 0.0002784659 0.0007697695 0.00143826
accel: 0.0
brake: 1.0
steer: -0.0063
linkid: A219BS010391
trafficlightid: C119BS010007
turn_signal_lamp: 0.0