position: 95.613519 130.23400000000015 -0.2573927
orientation: 1.211273 1.589596 151.2897
enu_velocity: -8.46926e-06 2.27468e-06 6.338397e-06
velocity: 8.341654e-06 2.211919e-06 6.527025e-06
angularVelocity: -1.858701e-06 7.588272e-06 -1.0006e-06
acceleration: 0.0004484597 0.0005263475 0.0006188575
accel: 0.0
brake: 1.0
steer: -0.0063
linkid: A219BS010391
trafficlightid: C119BS010007
turn_signal_lamp: 0.0