position: 95.613519 130.23400000000015 -0.2573925
orientation: 1.211334 1.58961 151.2897
enu_velocity: 4.89328e-06 1.157425e-05 -3.01344e-05
velocity: 2.103812e-06 -1.313521e-05 -2.981661e-05
angularVelocity: 1.176702e-05 1.163468e-06 -7.899225e-07
acceleration: -2.225712e-05 -3.312148e-05 -0.0003448393
accel: 0.0
brake: 1.0
steer: -0.0063
linkid: A219BS010391
trafficlightid: C119BS010007
turn_signal_lamp: 0.0