position: 26.805929 48.121000000000095 -0.2544871
orientation: 1.545013 1.012147 61.07455
enu_velocity: 19.40457 34.98312 -0.05533997
velocity: 39.99914 -0.04592705 0.6527968
angularVelocity: -0.0009692977 -0.003652534 -0.0007726719
acceleration: 0.1103625 -0.0002731644 -0.05234018
accel: 0.03164688
brake: 0.0
steer: -0.0004
linkid: A219BS010380
trafficlightid: null
turn_signal_lamp: 0.0