position: 95.613519 130.23400000000015 -0.2573928
orientation: 1.211273 1.589611 151.2897
enu_velocity: 4.296615e-06 4.529011e-07 -1.937539e-05
velocity: -3.011975e-06 -2.872194e-06 -1.941005e-05
angularVelocity: 4.02695e-06 -2.812822e-06 -9.36896e-07
acceleration: 9.316136e-07 -0.0006019321 -0.0008410353
accel: 0.0
brake: 1.0
steer: -0.0063
linkid: A219BS010391
trafficlightid: C119BS010007
turn_signal_lamp: 0.0