position: 95.613519 130.23400000000015 -0.2573928
orientation: 1.211273 1.589611 151.2897
enu_velocity: -6.757428e-06 -5.552783e-06 2.694399e-06
velocity: 3.183213e-06 8.1733e-06 2.61158e-06
angularVelocity: -6.538914e-06 3.095205e-06 -1.091072e-06
acceleration: 0.000221994 0.0003640419 0.0002644938
accel: 0.0
brake: 1.0
steer: -0.0063
linkid: A219BS010391
trafficlightid: C119BS010007
turn_signal_lamp: 0.0