position: 26.913719 48.315000000000055 -0.254969
orientation: 1.54425 1.006139 61.07349
enu_velocity: 19.40707 34.98786 -0.05864457
velocity: 40.00462 -0.04528999 0.6453723
angularVelocity: -0.0005873442 -0.00576683 -0.0007682304
acceleration: 0.06510119 0.0003123041 -0.03944328
accel: 0.0289926
brake: 0.0
steer: -0.0003
linkid: A219BS010380
trafficlightid: null
turn_signal_lamp: 0.0