position: 95.613519 130.23400000000015 -0.2573927
orientation: 1.211273 1.589611 151.2897
enu_velocity: 6.270825e-06 4.264254e-06 -1.052507e-05
velocity: -3.15812e-06 -6.975317e-06 -1.047165e-05
angularVelocity: 6.953499e-06 -2.943571e-06 -8.793554e-07
acceleration: -0.0002500707 -0.0002416773 -0.0006872233
accel: 0.0
brake: 1.0
steer: -0.0063
linkid: A219BS010391
trafficlightid: C119BS010007
turn_signal_lamp: 0.0