position: 95.613519 130.23400000000015 -0.2573926
orientation: 1.211304 1.589612 151.2897
enu_velocity: -8.503367e-06 3.22648e-06 1.687399e-05
velocity: 8.536345e-06 1.616618e-06 1.708702e-05
angularVelocity: -1.037121e-06 7.902814e-06 -9.910642e-07
acceleration: 0.0003793057 0.000281147 0.0004183475
accel: 0.0
brake: 1.0
steer: -0.0063
linkid: A219BS010391
trafficlightid: C119BS010007
turn_signal_lamp: 0.0