position: 95.613519 130.23400000000015 -0.2573926
orientation: 1.211304 1.58961 151.2897
enu_velocity: 2.076313e-06 8.7466e-06 -6.484258e-06
velocity: 2.559616e-06 -8.802401e-06 -6.231037e-06
angularVelocity: 8.165368e-06 2.103927e-06 -8.498616e-07
acceleration: 3.403876e-05 -6.772805e-05 0.0002003886
accel: 0.0
brake: 1.0
steer: -0.0063
linkid: A219BS010391
trafficlightid: C119BS010007
turn_signal_lamp: 0.0