position: 95.613519 130.23400000000015 -0.2573926
orientation: 1.211304 1.58961 151.2897
enu_velocity: 2.738343e-06 9.589745e-06 -9.870806e-06
velocity: 2.47802e-06 -9.931347e-06 -9.598039e-06
angularVelocity: 9.095813e-06 2.024049e-06 -8.351669e-07
acceleration: 0.000142783 -2.930243e-05 -0.0003923813
accel: 0.0
brake: 1.0
steer: -0.0063
linkid: A219BS010391
trafficlightid: C119BS010007
turn_signal_lamp: 0.0