position: 95.613519 130.23400000000015 -0.2573928
orientation: 1.211304 1.589612 151.2897
enu_velocity: -9.199525e-06 2.782044e-06 8.502373e-06
velocity: 9.165497e-06 2.164008e-06 8.716201e-06
angularVelocity: -1.47671e-06 8.230827e-06 -9.965969e-07
acceleration: 0.0003268958 0.0003038831 0.0005657939
accel: 0.0
brake: 1.0
steer: -0.0063
linkid: A219BS010391
trafficlightid: C119BS010007
turn_signal_lamp: 0.0