position: 95.613519 130.23400000000015 -0.2573924
orientation: 1.211304 1.589617 151.2897
enu_velocity: -8.891145e-06 -1.620548e-07 1.24548e-05
velocity: 7.371743e-06 4.680006e-06 1.256805e-05
angularVelocity: -3.823575e-06 6.900031e-06 -1.0366e-06
acceleration: 0.0004305861 0.0004972913 -0.0003432365
accel: 0.0
brake: 1.0
steer: -0.0063
linkid: A219BS010391
trafficlightid: C119BS010007
turn_signal_lamp: 0.0