position: 95.613519 130.23400000000015 -0.2573925
orientation: 1.211304 1.589612 151.2897
enu_velocity: 1.837635e-06 -4.604423e-06 1.926835e-06
velocity: -3.875577e-06 3.193357e-06 1.752912e-06
angularVelocity: -1.191187e-06 -3.081609e-06 -1.021895e-06
acceleration: -6.504648e-05 -0.0004858176 -0.0003465901
accel: 0.0
brake: 1.0
steer: -0.0063
linkid: A219BS010391
trafficlightid: C119BS010007
turn_signal_lamp: 0.0