position: 95.604299 130.23900000000003 -0.2602214
orientation: 1.207306 1.481688 151.2846
enu_velocity: -0.9399362 0.5165949 0.008509717
velocity: 1.071964 -0.0006979704 0.03626285
angularVelocity: -0.00181536 -0.04714341 -0.0009929921
acceleration: 5.39237 -0.002297878 0.2283843
accel: 1.0
brake: 0.0
steer: -0.0059
linkid: A219BS010391
trafficlightid: C119BS010007
turn_signal_lamp: 0.0