position: 27.237139 48.89800000000014 -0.256637
orientation: 1.539246 0.9808928 61.07043
enu_velocity: 19.41112 34.99627 -0.05788762
velocity: 40.01422 -0.04315376 0.6285924
angularVelocity: -0.002596987 -0.006918171 -0.0005723216
acceleration: 0.0387085 0.01795277 0.03403194
accel: 0.0260668
brake: 0.0
steer: -0.0001
linkid: A219BS010380
trafficlightid: null
turn_signal_lamp: 0.0