position: 95.597669 130.24299999999994 -0.2617716
orientation: 1.204803 1.420583 151.282
enu_velocity: -1.280308 0.7037154 0.0161179
velocity: 1.46011 -0.0008679628 0.05236184
angularVelocity: -0.002230629 -0.05505389 -0.001190093
acceleration: 5.390342 -0.003817797 0.2457522
accel: 1.0
brake: 0.0
steer: -0.0057
linkid: A219BS010391
trafficlightid: C119BS010007
turn_signal_lamp: 0.0