position: 95.58913899999999 130.24700000000007 -0.2634172
orientation: 1.201843 1.354059 151.2791
enu_velocity: -1.620684 0.8908648 0.02518219
velocity: 1.848281 -0.001007974 0.06891369
angularVelocity: -0.002623372 -0.05880979 -0.001353369
acceleration: 5.390463 -0.001784086 0.2530032
accel: 1.0
brake: 0.0
steer: -0.0057
linkid: A219BS010391
trafficlightid: C119BS010007
turn_signal_lamp: 0.0