position: 95.578709 130.25300000000016 -0.2650494
orientation: 1.198242 1.286117 151.276
enu_velocity: -1.960438 1.079127 0.03446519
velocity: 2.236478 -0.002394676 0.08475308
angularVelocity: -0.003247745 -0.05926739 -0.001489534
acceleration: 5.390445 -0.02617502 0.2497999
accel: 1.0
brake: 0.0
steer: -0.0058
linkid: A219BS010391
trafficlightid: C119BS010007
turn_signal_lamp: 0.0