position: 95.56639899999999 130.26 -0.2665865
orientation: 1.193817 1.219903 151.2728
enu_velocity: -2.299645 1.26832 0.04309651
velocity: 2.624692 -0.00484705 0.0991204
angularVelocity: -0.003979281 -0.05715903 -0.001640724
acceleration: 5.390467 -0.03815532 0.2320316
accel: 1.0
brake: 0.0
steer: -0.0056
linkid: A219BS010391
trafficlightid: C119BS010007
turn_signal_lamp: 0.0