position: 95.51813899999999 130.28600000000006 -0.2701762
orientation: 1.176239 1.051559 151.2631
enu_velocity: -3.315918 1.837599 0.05905199
velocity: 3.789294 -0.01437402 0.1289375
angularVelocity: -0.005733415 -0.04189187 -0.001912092
acceleration: 5.389715 -0.04808736 0.1370765
accel: 1.0
brake: 0.0
steer: -0.0101
linkid: A219BS010391
trafficlightid: C119BS010007
turn_signal_lamp: 0.0