position: 95.452889 130.32200000000012 -0.2720223
orientation: 1.154846 0.9462601 151.2509
enu_velocity: -4.331284 2.406927 0.05350922
velocity: 4.953497 -0.02425957 0.1358493
angularVelocity: -0.00643944 -0.02280443 -0.003694514
acceleration: 5.387952 -0.0309 0.02020829
accel: 1.0
brake: 0.0
steer: -0.0093
linkid: A219BS010391
trafficlightid: C119BS010007
turn_signal_lamp: 0.0