position: 95.15501900000001 130.4860000000001 -0.2731915
orientation: 1.080658 0.909493 151.2075
enu_velocity: -7.394532 4.094496 -0.06775615
velocity: 8.452425 -0.0255394 0.06691097
angularVelocity: -0.009528186 0.006406505 -0.004307078
acceleration: 5.396343 0.009568691 -0.1187365
accel: 1.0
brake: 0.0
steer: -0.0066
linkid: A219BS010391
trafficlightid: C119BS010007
turn_signal_lamp: 0.0