position: 95.06800899999999 130.5340000000001 -0.2736667
orientation: 1.058014 0.926611 151.1985
enu_velocity: -8.074044 4.466025 -0.09154093
velocity: 9.227139 -0.02258658 0.05811217
angularVelocity: -0.009034752 0.007518792 -0.003846325
acceleration: 5.364672 0.001847982 -0.03630065
accel: 1.0
brake: 0.0
steer: -0.01
linkid: A219BS010391
trafficlightid: C119BS010007
turn_signal_lamp: 0.0