position: 94.87153900000001 130.64200000000005 -0.2751604
orientation: 1.026855 0.9569086 151.175
enu_velocity: -9.41258 5.22499 -0.1083139
velocity: 10.76579 -0.03817081 0.0721851
angularVelocity: -0.004270333 0.005508495 -0.005795395
acceleration: 5.314025 -0.0398736 0.07916829
accel: 1.0
brake: 0.0
steer: -0.0102
linkid: A219BS010391
trafficlightid: C119BS010007
turn_signal_lamp: 0.0