position: 94.70470900000001 130.73400000000015 -0.2765215
orientation: 1.017944 0.972277 151.1516
enu_velocity: -10.40281 5.789069 -0.1025443
velocity: 11.90503 -0.04958344 0.1003787
angularVelocity: -0.00080693 0.003652088 -0.006673427
acceleration: 5.234754 -0.05964208 0.1490224
accel: 1.0
brake: 0.0
steer: -0.0081
linkid: A219BS010391
trafficlightid: C119BS010007
turn_signal_lamp: 0.0