position: 27.560579 49.480999999999995 -0.2577587
orientation: 1.518219 0.9678603 61.06847
enu_velocity: 19.40445 34.99682 -0.03578023
velocity: 40.01123 -0.03555679 0.6413299
angularVelocity: -0.008583054 -0.0009582678 -0.000317776
acceleration: -0.2024999 0.04269107 0.118942
accel: 0.02441511
brake: 0.0
steer: 0.0003
linkid: A219BS010380
trafficlightid: null
turn_signal_lamp: 0.0