position: 94.32184900000001 130.94600000000014 -0.2790159
orientation: 1.020996 0.9840417 151.1171
enu_velocity: -12.37867 6.912259 -0.06721981
velocity: 14.17671 -0.07011318 0.1775534
angularVelocity: 0.001452728 -0.0002281006 -0.00478154
acceleration: 5.253704 -0.0166955 0.1779637
accel: 1.0
brake: 0.0
steer: -0.0078
linkid: A219BS010391
trafficlightid: C119BS010007
turn_signal_lamp: 0.0