position: 94.17956899999999 131.0250000000001 -0.2799869
orientation: 1.028503 0.9761253 151.1084
enu_velocity: -13.04548 7.280232 -0.07773881
velocity: 14.93841 -0.06793261 0.1780223
angularVelocity: 0.003842653 -0.007897081 -0.00378808
acceleration: 5.306771 -0.05927348 -0.1472301
accel: 1.0
brake: 0.0
steer: -0.0079
linkid: A219BS010391
trafficlightid: C119BS010007
turn_signal_lamp: 0.0