position: 94.105659 131.067 -0.2808818
orientation: 1.031647 0.961739 151.1035
enu_velocity: -13.37851 7.467295 -0.09729952
velocity: 15.3207 -0.06980324 0.1611596
angularVelocity: 0.002288325 -0.01406683 -0.003961217
acceleration: 5.323759 -0.02899218 -0.2021414
accel: 1.0
brake: 0.0
steer: -0.0081
linkid: A219BS010391
trafficlightid: C119BS010007
turn_signal_lamp: 0.0