position: 93.44623899999999 131.433 -0.2955701
orientation: 0.9345703 0.7182341 151.0452
enu_velocity: -16.09423 8.970579 -0.2285026
velocity: 18.42673 -0.05769587 0.00342235
angularVelocity: -0.01762166 -0.02552151 -0.0057762
acceleration: 5.330493 0.02181935 0.07628267
accel: 1.0
brake: 0.0
steer: -0.0058
linkid: A219BS010391
trafficlightid: C119BS010007
turn_signal_lamp: 0.0