position: 93.35533899999999 131.48299999999995 -0.2975718
orientation: 0.9151611 0.6901179 151.0383
enu_velocity: -16.43045 9.155993 -0.2241611
velocity: 18.81061 -0.05489159 0.003281325
angularVelocity: -0.0165889 -0.02435093 -0.005649904
acceleration: 5.327516 -0.001646519 0.1327094
accel: 0.0
brake: 0.1534454
steer: -0.0059
linkid: A219BS010391
trafficlightid: C119BS010007
turn_signal_lamp: 0.0