position: 93.264409 131.5340000000001 -0.2987364
orientation: 0.8989258 0.6917066 151.0309
enu_velocity: -16.3078 9.082889 -0.2151548
velocity: 18.66781 -0.04777479 0.01095961
angularVelocity: -0.01373247 0.01052147 -0.006267023
acceleration: -2.848557 0.01803541 0.08143125
accel: 0.0
brake: 0.0817716
steer: -0.0057
linkid: A219BS010391
trafficlightid: C119BS010007
turn_signal_lamp: 0.0