position: 92.815339 131.78200000000015 -0.2975091
orientation: 0.8122253 0.9500259 151.0009
enu_velocity: -16.20141 9.009104 -0.1948426
velocity: 18.53846 -0.02363873 0.1128928
angularVelocity: -0.02019314 0.04379549 -0.005999848
acceleration: 0.6950515 0.00202024 0.0711648
accel: 0.1481456
brake: 0.0
steer: -0.0054
linkid: A219BS010653
trafficlightid: C119BS010007
turn_signal_lamp: 0.0