position: 92.725029 131.8320000000001 -0.2973737
orientation: 0.7879944 0.9950024 150.9949
enu_velocity: -16.25045 9.03466 -0.19021
velocity: 18.59355 -0.02003336 0.1329788
angularVelocity: -0.02126839 0.03749774 -0.005692093
acceleration: 0.7995034 0.02958235 0.08083866
accel: 0.1657995
brake: 0.0
steer: -0.0053
linkid: A219BS010653
trafficlightid: C119BS010007
turn_signal_lamp: 0.0