position: 92.45223899999999 131.98400000000015 -0.2980981
orientation: 0.7123413 1.079241 150.9765
enu_velocity: -16.42725 9.134893 -0.1663781
velocity: 18.79609 -0.01541901 0.1878894
angularVelocity: -0.02085759 0.01536843 -0.005715611
acceleration: 0.9982053 0.000892967 0.197106
accel: 0.2037932
brake: 0.0
steer: -0.0051
linkid: A219BS010653
trafficlightid: C119BS010007
turn_signal_lamp: 0.0