position: 92.36062899999999 132.0340000000001 -0.2985714
orientation: 0.6932983 1.093091 150.9701
enu_velocity: -16.49061 9.17526 -0.1466097
velocity: 18.87064 -0.01762772 0.2136512
angularVelocity: -0.01523347 0.01092656 -0.005717854
acceleration: 1.044188 -0.08397734 0.3014745
accel: 0.2149601
brake: 0.0
steer: -0.005
linkid: A219BS010653
trafficlightid: C119BS010007
turn_signal_lamp: 0.0