position: 92.26865900000001 132.08500000000004 -0.2990643
orientation: 0.6796875 1.101375 150.9638
enu_velocity: -16.55531 9.219691 -0.1221798
velocity: 18.94826 -0.02271557 0.2423641
angularVelocity: -0.01063548 0.005919092 -0.005549227
acceleration: 1.091464 -0.1043124 0.3715965
accel: 0.224685
brake: 0.0
steer: -0.0049
linkid: A219BS010653
trafficlightid: C119BS010007
turn_signal_lamp: 0.0