position: 92.176319 132.13699999999994 -0.2995621
orientation: 0.6710815 1.104108 150.9576
enu_velocity: -16.6232 9.266154 -0.09610367
velocity: 19.02965 -0.02801228 0.2709779
angularVelocity: -0.006384552 0.001157171 -0.005464866
acceleration: 1.142622 -0.1029062 0.3906344
accel: 0.2322069
brake: 0.0
steer: -0.0049
linkid: A219BS010653
trafficlightid: C119BS010007
turn_signal_lamp: 0.0