position: 92.08359899999999 132.1880000000001 -0.3000473
orientation: 0.6668701 1.10175 150.9514
enu_velocity: -16.69416 9.313588 -0.06927335
velocity: 19.11419 -0.03266716 0.2987097
angularVelocity: -0.002692486 -0.003166346 -0.005334981
acceleration: 1.183102 -0.09019291 0.399016
accel: 0.2386027
brake: 0.0
steer: -0.0047
linkid: A219BS010653
trafficlightid: C119BS010007
turn_signal_lamp: 0.0