position: 27.883819 50.06400000000008 -0.2581294
orientation: 1.495514 0.9706039 61.06866
enu_velocity: 19.3957 34.98991 -0.01845317
velocity: 40.00063 -0.03113556 0.6602666
angularVelocity: -0.006319128 0.001603559 0.0001307223
acceleration: 0.07915208 0.009882882 0.1112259
accel: 0.03037179
brake: 0.0
steer: 0.0004
linkid: A219BS010380
trafficlightid: null
turn_signal_lamp: 0.0