position: 91.896919 132.29200000000014 -0.3009292
orientation: 0.6685791 1.08382 150.9391
enu_velocity: -16.84342 9.410676 -0.0173008
velocity: 19.29091 -0.04034042 0.3481451
angularVelocity: 0.002615645 -0.01054354 -0.005226356
acceleration: 1.250027 -0.07309508 0.3701074
accel: 0.2487822
brake: 0.0
steer: -0.0044
linkid: A219BS010653
trafficlightid: C119BS010007
turn_signal_lamp: 0.0