position: 91.708529 132.39700000000016 -0.3016567
orientation: 0.6777954 1.052011 150.9277
enu_velocity: -17.00336 9.505918 0.0265658
velocity: 19.47634 -0.04153156 0.3847349
angularVelocity: 0.004547471 -0.01566977 -0.004595136
acceleration: 1.305682 -0.0325793 0.3054234
accel: 0.255787
brake: 0.0
steer: -0.0041
linkid: A219BS010653
trafficlightid: C119BS010007
turn_signal_lamp: 0.0