position: 91.422519 132.55600000000004 -0.3024533
orientation: 0.6907654 0.9893202 150.9114
enu_velocity: -17.25587 9.649409 0.06356151
velocity: 19.7665 -0.03828335 0.4054019
angularVelocity: 0.001108173 -0.02058583 -0.004644884
acceleration: 1.372025 0.02810425 0.06671311
accel: 0.2607322
brake: 0.0
steer: -0.0036
linkid: A219BS010653
trafficlightid: C119BS010007
turn_signal_lamp: 0.0