position: 91.32621900000001 132.61000000000013 -0.3027673
orientation: 0.6882019 0.9641024 150.9057
enu_velocity: -17.34384 9.694381 0.06476291
velocity: 19.86538 -0.0329504 0.3994982
angularVelocity: -0.003360949 -0.02241294 -0.004703095
acceleration: 1.36548 0.05328548 0.03823435
accel: 0.2615234
brake: 0.0
steer: -0.0034
linkid: A219BS010653
trafficlightid: C119BS010007
turn_signal_lamp: 0.0