position: 91.22941900000001 132.664 -0.3031064
orientation: 0.6798706 0.9378741 150.9001
enu_velocity: -17.43234 9.737717 0.0645434
velocity: 19.96396 -0.02596951 0.3917068
angularVelocity: -0.0084171 -0.02308349 -0.004622065
acceleration: 1.366863 0.07374096 0.006556772
accel: 0.2630158
brake: 0.0
steer: -0.0033
linkid: A219BS010653
trafficlightid: C119BS010007
turn_signal_lamp: 0.0