position: 91.132149 132.71800000000007 -0.30347
orientation: 0.6669922 0.911104 150.8946
enu_velocity: -17.51995 9.781527 0.06226908
velocity: 20.06202 -0.01990986 0.381583
angularVelocity: -0.01199621 -0.02350869 -0.004551352
acceleration: 1.359097 0.05217338 -0.01989884
accel: 0.2645031
brake: 0.0
steer: -0.0031
linkid: A219BS010653
trafficlightid: C119BS010007
turn_signal_lamp: 0.0