position: 2.6873450000000005 4.816000000000031 -0.2996325
orientation: 0.9719543 0.9281914 60.70435
enu_velocity: 19.62924 34.81677 0.3285673
velocity: 39.95827 -0.06579781 0.9772476
angularVelocity: -0.008803049 0.009622984 -0.01246632
acceleration: 0.07891515 -0.07594973 0.2007357
accel: 0.04787093
brake: 0.0
steer: -0.0045
linkid: A219BS010380
trafficlightid: null
turn_signal_lamp: 0.0