position: 90.337099 133.16100000000006 -0.3055368
orientation: 0.5762024 0.7579536 150.8605
enu_velocity: -18.19036 10.18022 0.03577135
velocity: 20.84296 -0.03107071 0.3118459
angularVelocity: 0.001945658 -0.006392088 -0.003568507
acceleration: 1.367173 -0.08688152 -0.06687667
accel: 0.2745466
brake: 0.0
steer: -0.0023
linkid: A219BS010653
trafficlightid: C119BS010007
turn_signal_lamp: 0.0