position: 89.72137900000001 133.50600000000009 -0.3060884
orientation: 0.6371765 0.7378285 150.8374
enu_velocity: -18.69868 10.48985 -0.03800822
velocity: 21.43875 -0.04584217 0.2386067
angularVelocity: 0.01029971 -9.693764e-05 -0.002629971
acceleration: 1.36763 -0.0153935 -0.1738689
accel: 0.2741879
brake: 0.0
steer: -0.0015
linkid: A219BS010653
trafficlightid: C119BS010007
turn_signal_lamp: 0.0