position: 89.617109 133.56400000000008 -0.3062595
orientation: 0.6484375 0.7405428 150.8346
enu_velocity: -18.78398 10.53812 -0.0456852
velocity: 21.53685 -0.04538822 0.2332169
angularVelocity: 0.009666616 0.00313034 -0.00243401
acceleration: 1.362335 -0.00837642 -0.08519313
accel: 0.275421
brake: 0.0
steer: -0.0013
linkid: A219BS010653
trafficlightid: C119BS010007
turn_signal_lamp: 0.0