position: 89.512349 133.62300000000005 -0.3063783
orientation: 0.6580811 0.7464276 150.8321
enu_velocity: -18.86916 10.58488 -0.05076433
velocity: 21.63405 -0.04373837 0.2316051
angularVelocity: 0.007980974 0.005729963 -0.00219729
acceleration: 1.351184 0.01237851 -0.04657978
accel: 0.2760431
brake: 0.0
steer: -0.0012
linkid: A219BS010653
trafficlightid: C119BS010007
turn_signal_lamp: 0.0