position: 89.407139 133.68200000000002 -0.3064488
orientation: 0.6653137 0.7549564 150.8298
enu_velocity: -18.95485 10.63112 -0.05449089
velocity: 21.73141 -0.0414505 0.2323613
angularVelocity: 0.00576151 0.007962535 -0.002023996
acceleration: 1.352856 0.02011991 -0.03114609
accel: 0.2764884
brake: 0.0
steer: -0.0011
linkid: A219BS010653
trafficlightid: C119BS010007
turn_signal_lamp: 0.0