position: 89.30143899999999 133.74099999999999 -0.3064736
orientation: 0.6697693 0.7657737 150.8277
enu_velocity: -19.04083 10.67694 -0.0568982
velocity: 21.8288 -0.03871059 0.2353306
angularVelocity: 0.003288412 0.009869535 -0.001900596
acceleration: 1.353469 0.02656615 -0.0112128
accel: 0.2769533
brake: 0.0
steer: -0.001
linkid: A219BS010653
trafficlightid: C119BS010007
turn_signal_lamp: 0.0