position: 28.207149 50.64700000000016 -0.2580609
orientation: 1.477631 0.9784594 61.06964
enu_velocity: 19.3999 35.00045 -0.00497492
velocity: 40.01157 -0.03011322 0.6793842
angularVelocity: -0.002963744 0.001426474 0.0003145755
acceleration: 0.04163846 -0.005835446 0.02103602
accel: 0.02700679
brake: 0.0
steer: 0.0005
linkid: A219BS010380
trafficlightid: null
turn_signal_lamp: 0.0