position: 88.98147900000001 133.92000000000007 -0.3064208
orientation: 0.664032 0.805259 150.822
enu_velocity: -19.30136 10.81263 -0.06189152
velocity: 22.12231 -0.02783775 0.2493783
angularVelocity: -0.004580301 0.01179267 -0.001630303
acceleration: 1.358472 0.0424279 0.002628865
accel: 0.2770426
brake: 0.0
steer: -0.0008
linkid: A219BS010653
trafficlightid: C119BS010007
turn_signal_lamp: 0.0