position: 88.87385900000001 133.98000000000002 -0.3064126
orientation: 0.6572876 0.818538 150.8204
enu_velocity: -19.38815 10.85772 -0.06226343
velocity: 22.22001 -0.02425003 0.2554858
angularVelocity: -0.006287094 0.01148125 -0.001467651
acceleration: 1.357288 0.03939015 0.01762833
accel: 0.2771547
brake: 0.0
steer: -0.0007
linkid: A219BS010653
trafficlightid: C119BS010007
turn_signal_lamp: 0.0