position: 88.65719899999999 134.1020000000001 -0.3062133
orientation: 0.6559448 0.867232 150.8177
enu_velocity: -19.55513 10.95403 -0.1633362
velocity: 22.41403 -0.02678394 0.1762491
angularVelocity: -0.0102177 0.0384786 -0.001711929
acceleration: 1.321559 -0.2198371 -1.499917
accel: 0.2768293
brake: 0.0
steer: -0.0005
linkid: A219BS010653
trafficlightid: C119BS010007
turn_signal_lamp: 0.0