position: 88.548169 134.163 -0.3060207
orientation: 0.6411743 0.9100473 150.817
enu_velocity: -19.63973 10.99397 -0.1722416
velocity: 22.50736 -0.02002811 0.185494
angularVelocity: -0.01337071 0.03689149 -0.001024926
acceleration: 1.313183 0.07930723 -0.06190547
accel: 0.2801197
brake: 0.0
steer: -0.0005
linkid: A219BS010653
trafficlightid: C119BS010007
turn_signal_lamp: 0.0