position: 88.32872900000001 134.28500000000008 -0.3058925
orientation: 0.6079407 0.985418 150.8154
enu_velocity: -19.80849 11.07885 -0.1635967
velocity: 22.69564 -0.01088524 0.2268835
angularVelocity: -0.01485046 0.02993091 -0.0009931261
acceleration: 1.298268 0.04591727 0.1624433
accel: 0.2816837
brake: 0.0
steer: -0.0004
linkid: A219BS010653
trafficlightid: C119BS010007
turn_signal_lamp: 0.0