position: 88.107449 134.4090000000001 -0.3060195
orientation: 0.5744629 1.040002 150.8139
enu_velocity: -19.97387 11.1665 -0.126737
velocity: 22.88185 -0.005717278 0.2886985
angularVelocity: -0.01437075 0.01993785 -0.0008268585
acceleration: 1.299102 0.02294362 0.3349785
accel: 0.2844842
brake: 0.0
steer: -0.0003
linkid: A219BS010653
trafficlightid: C119BS010007
turn_signal_lamp: 0.0