position: 87.772129 134.59699999999998 -0.3063219
orientation: 0.5197754 1.075743 150.8119
enu_velocity: -20.21827 11.29754 -0.0347332
velocity: 23.15716 0.0006189346 0.4001042
angularVelocity: -0.01459159 0.003694808 -0.0005923015
acceleration: 1.274762 0.01375532 0.5031181
accel: 0.2896819
brake: 0.0
steer: -0.0002
linkid: A219BS010653
trafficlightid: C119BS010007
turn_signal_lamp: 0.0