position: 87.54634899999999 134.72299999999996 -0.3064453
orientation: 0.4899292 1.067788 150.8107
enu_velocity: -20.37956 11.38899 0.03353113
velocity: 23.34131 0.0003061295 0.4686002
angularVelocity: -0.0121711 -0.007730977 -0.0004663535
acceleration: 1.278761 -0.007879317 0.4989167
accel: 0.2925818
brake: 0.0
steer: -0.0002
linkid: A219BS010653
trafficlightid: C119BS010007
turn_signal_lamp: 0.0