position: 87.43278900000001 134.78600000000006 -0.3064736
orientation: 0.4770813 1.054425 150.81
enu_velocity: -20.46011 11.43523 0.06747264
velocity: 23.43366 -0.0003509521 0.4988072
angularVelocity: -0.01088391 -0.01293927 -0.00048006
acceleration: 1.281996 -0.01194614 0.4927191
accel: 0.2939418
brake: 0.0
steer: -0.0002
linkid: A219BS010653
trafficlightid: C119BS010007
turn_signal_lamp: 0.0