position: 87.08939900000001 134.97800000000007 -0.3065768
orientation: 0.4460144 0.9786981 150.8079
enu_velocity: -20.70833 11.57779 0.1391269
velocity: 23.71926 -0.002794266 0.5443855
angularVelocity: -0.00749016 -0.02766693 -0.0002460771
acceleration: 1.363546 -0.012106 0.2008778
accel: 0.29371
brake: 0.0
steer: -0.0001
linkid: A219BS010653
trafficlightid: C119BS010007
turn_signal_lamp: 0.0