position: 86.74179900000001 135.173 -0.3067925
orientation: 0.4510803 0.8736683 150.8081
enu_velocity: -20.96566 11.73169 0.1620521
velocity: 24.01954 -0.0117836 0.5284677
angularVelocity: 0.007345144 -0.03124087 0.0006154316
acceleration: 1.389348 -0.05633307 0.0561838
accel: 0.2859626
brake: 0.0
steer: -0.0001
linkid: A219BS010653
trafficlightid: C119BS010007
turn_signal_lamp: 0.0