position: 86.507709 135.3040000000001 -0.3068888
orientation: 0.4805298 0.8033692 150.8094
enu_velocity: -21.13499 11.83688 0.1567796
velocity: 24.21935 -0.02157307 0.4966058
angularVelocity: 0.01592904 -0.03006666 0.0009017909
acceleration: 1.378084 -0.06765032 -0.05661885
accel: 0.2812047
brake: 0.0
steer: -0.0001
linkid: A219BS010653
trafficlightid: C119BS010007
turn_signal_lamp: 0.0