position: 86.389959 135.37000000000012 -0.3069392
orientation: 0.50177 0.7700042 150.8102
enu_velocity: -21.21886 11.88894 0.1489679
velocity: 24.31834 -0.02643871 0.4760676
angularVelocity: 0.01928124 -0.02871899 0.0009113887
acceleration: 1.36774 -0.06069016 -0.09528813
accel: 0.2792531
brake: 0.0
steer: -0.0001
linkid: A219BS010653
trafficlightid: C119BS010007
turn_signal_lamp: 0.0