position: 85.914409 135.63599999999997 -0.3113998
orientation: 0.5879822 0.572739 150.8106
enu_velocity: -21.54673 12.07784 -0.09264372
velocity: 24.7006 -0.0342226 0.1546308
angularVelocity: -0.0006744638 -0.05836118 -2.152694e-05
acceleration: 1.658934 0.1346797 -0.1097763
accel: 0.28481
brake: 0.0
steer: 0.0
linkid: A219BS010653
trafficlightid: C119BS010007
turn_signal_lamp: 0.0