position: 85.673779 135.77099999999996 -0.3149367
orientation: 0.5819397 0.479866 150.8091
enu_velocity: -21.72022 12.16007 -0.09415168
velocity: 24.89239 -0.02115726 0.1145505
angularVelocity: -0.003775667 -0.02960925 -0.0003490954
acceleration: 1.287774 0.07195872 0.06106569
accel: 0.2730198
brake: 0.0
steer: 0.0001
linkid: A219BS010653
trafficlightid: C119BS010007
turn_signal_lamp: 0.0