position: 28.530559 51.230999999999995 -0.2578058
orientation: 1.467194 0.9864892 61.07104
enu_velocity: 19.40343 35.00586 0.008833294
velocity: 40.01768 -0.03118134 0.6989338
angularVelocity: -0.003954733 0.003414104 0.0003283955
acceleration: 0.03026774 0.009551208 0.06392787
accel: 0.02487681
brake: 0.0
steer: 0.0005
linkid: A219BS010380
trafficlightid: null
turn_signal_lamp: 0.0