position: 85.309339 135.97500000000014 -0.3168067
orientation: 0.5534668 0.4576593 150.8062
enu_velocity: -21.96648 12.28308 -0.06051416
velocity: 25.16712 -0.006996155 0.1405888
angularVelocity: -0.01222408 0.007829646 -0.001118552
acceleration: 1.250005 0.06347969 0.1835332
accel: 0.2724018
brake: 0.0
steer: 0.0002
linkid: A219BS010653
trafficlightid: C119BS010007
turn_signal_lamp: 0.0