position: 85.064109 136.11200000000008 -0.3160563
orientation: 0.5282898 0.5017903 150.8041
enu_velocity: -22.12724 12.36724 -0.02412151
velocity: 25.34807 -0.000626564 0.1978931
angularVelocity: -0.01027013 0.02525137 -0.001053407
acceleration: 1.254053 0.02023894 0.2813298
accel: 0.2734585
brake: 0.0
steer: 0.0002
linkid: A219BS010653
trafficlightid: C119BS010007
turn_signal_lamp: 0.0