position: 84.81711899999999 136.25 -0.3140633
orientation: 0.5041199 0.5749496 150.8026
enu_velocity: -22.2844 12.4533 0.02115196
velocity: 25.52651 0.002180099 0.2773057
angularVelocity: -0.01085042 0.03508165 -0.0008752265
acceleration: 1.240104 0.009877086 0.3365919
accel: 0.274368
brake: 0.0
steer: 0.0003
linkid: A219BS010653
trafficlightid: C119BS010007
turn_signal_lamp: 0.0