position: 84.692959 136.31899999999996 -0.3127125
orientation: 0.4906006 0.6176276 150.8017
enu_velocity: -22.36259 12.49787 0.04391512
velocity: 25.61604 0.002112389 0.3200536
angularVelocity: -0.01219328 0.03789206 -0.001147299
acceleration: 1.246004 -0.004632413 0.3222882
accel: 0.2743681
brake: 0.0
steer: 0.0003
linkid: A219BS010653
trafficlightid: C119BS010007
turn_signal_lamp: 0.0