position: 84.56836899999999 136.38900000000012 -0.3111987
orientation: 0.4749146 0.6623287 150.8005
enu_velocity: -22.44229 12.54234 0.06180977
velocity: 25.70683 0.002938271 0.3589814
angularVelocity: -0.01447559 0.03910609 -0.001426307
acceleration: 1.262065 0.003285527 0.2271419
accel: 0.2736744
brake: 0.0
steer: 0.0003
linkid: A219BS010653
trafficlightid: C119BS010007
turn_signal_lamp: 0.0