position: 84.443319 136.45800000000008 -0.3096732
orientation: 0.4605408 0.7052764 150.7996
enu_velocity: -22.52433 12.58708 0.06918911
velocity: 25.79992 0.004481316 0.3867682
angularVelocity: -0.01054243 0.03651766 -0.001045659
acceleration: 1.292388 0.009780347 0.05393908
accel: 0.2715538
brake: 0.0
steer: 0.0003
linkid: A219BS010653
trafficlightid: C119BS010007
turn_signal_lamp: 0.0