position: 28.638359 51.424999999999955 -0.257662
orientation: 1.46405 0.9899557 61.07153
enu_velocity: 19.40003 35.00069 0.009353161
velocity: 40.01147 -0.03102684 0.7017624
angularVelocity: -0.002428845 0.003086734 0.0003755896
acceleration: -0.1999917 0.002772391 0.002060763
accel: 0.02401455
brake: 0.0
steer: 0.0005
linkid: A219BS010380
trafficlightid: null
turn_signal_lamp: 0.0