position: 84.31782899999999 136.529 -0.3082394
orientation: 0.455719 0.7441369 150.7991
enu_velocity: -22.60459 12.63465 0.07224928
velocity: 25.89287 0.002469063 0.4085548
angularVelocity: -0.002228267 0.03300399 -0.0005688255
acceleration: 1.297763 -0.04489064 0.05174211
accel: 0.270298
brake: 0.0
steer: 0.0003
linkid: A219BS010653
trafficlightid: C119BS010007
turn_signal_lamp: 0.0