position: 84.19190900000001 136.59900000000016 -0.30691
orientation: 0.4591675 0.7787635 150.7991
enu_velocity: -22.6834 12.68429 0.07326137
velocity: 25.9856 -0.002244949 0.4265175
angularVelocity: 0.004626531 0.029282 -0.0001152866
acceleration: 1.289814 -0.07297856 0.02521222
accel: 0.2686917
brake: 0.0
steer: 0.0003
linkid: A219BS010653
trafficlightid: C119BS010007
turn_signal_lamp: 0.0