position: 84.06555900000001 136.67000000000007 -0.305696
orientation: 0.4691772 0.8090734 150.7995
enu_velocity: -22.76113 12.73431 0.07306081
velocity: 26.07762 -0.007974625 0.4414146
angularVelocity: 0.009898225 0.02547531 0.0001816235
acceleration: 1.276426 -0.0801791 0.01742737
accel: 0.2669718
brake: 0.0
steer: 0.0003
linkid: A219BS010653
trafficlightid: C119BS010007
turn_signal_lamp: 0.0