position: 83.93878900000001 136.74099999999999 -0.304603
orientation: 0.483551 0.8349348 150.8001
enu_velocity: -22.83828 12.78379 0.07244254
velocity: 26.16891 -0.01357746 0.4539507
angularVelocity: 0.01329321 0.02162387 0.000363628
acceleration: 1.26843 -0.07499105 0.007280097
accel: 0.266038
brake: 0.0
steer: 0.0003
linkid: A219BS010653
trafficlightid: C119BS010007
turn_signal_lamp: 0.0