position: 83.427359 137.02700000000004 -0.3016394
orientation: 0.5455627 0.8957437 150.8019
enu_velocity: -23.15289 12.97109 0.04375667
velocity: 26.53481 -0.02390194 0.4588808
angularVelocity: 0.009171107 0.006534476 -2.162245e-06
acceleration: 1.266717 0.006434798 -0.135676
accel: 0.2598509
brake: 0.0
steer: 0.0004
linkid: A219BS010653
trafficlightid: C119BS010007
turn_signal_lamp: 0.0