position: 83.29839899999999 137.09900000000016 -0.301329
orientation: 0.5543823 0.9002195 150.802
enu_velocity: -23.23291 13.0142 0.03114736
velocity: 26.62585 -0.02254486 0.4497647
angularVelocity: 0.007271413 0.003055861 7.9643e-06
acceleration: 1.262522 0.01978654 -0.1613098
accel: 0.2582421
brake: 0.0
steer: 0.0004
linkid: A219BS010653
trafficlightid: C119BS010007
turn_signal_lamp: 0.0