position: 83.03915900000001 137.24500000000012 -0.3011843
orientation: 0.5668335 0.8992834 150.802
enu_velocity: -23.39176 13.09893 0.006005751
velocity: 26.80623 -0.01914883 0.4269874
angularVelocity: 0.00437121 -0.002190658 1.98013e-05
acceleration: 1.247366 0.02436525 -0.1497077
accel: 0.2554912
brake: 0.0
steer: 0.0005
linkid: A219BS010653
trafficlightid: C119BS010007
turn_signal_lamp: 0.0