position: 82.64706899999999 137.46399999999994 -0.3018508
orientation: 0.5323792 0.8689164 150.8004
enu_velocity: -23.62057 13.20653 0.01734824
velocity: 27.05848 -0.0009374619 0.4277629
angularVelocity: -0.02295128 -0.01349074 -0.0007483652
acceleration: 1.145583 0.126103 0.1385694
accel: 0.2585104
brake: 0.0
steer: 0.0005
linkid: A219BS010653
trafficlightid: C119BS010007
turn_signal_lamp: 0.0