position: 82.383519 137.6110000000001 -0.3025624
orientation: 0.4495544 0.8288956 150.7969
enu_velocity: -23.77225 13.26591 0.04250871
velocity: 27.21976 0.02228737 0.4361663
angularVelocity: -0.04424926 -0.01931102 -0.001818687
acceleration: 1.091085 0.1678067 0.2352404
accel: 0.2623287
brake: 0.0
steer: 0.0006
linkid: A219BS010653
trafficlightid: C119BS010007
turn_signal_lamp: 0.0