position: 82.25110900000001 137.68499999999995 -0.3028746
orientation: 0.3893433 0.8055441 150.7942
enu_velocity: -23.84758 13.29363 0.06045756
velocity: 27.29895 0.03573513 0.4440631
angularVelocity: -0.0551027 -0.02073522 -0.002344738
acceleration: 1.093244 0.1781228 0.2695682
accel: 0.2650851
brake: 0.0
steer: 0.0006
linkid: A219BS010653
trafficlightid: C119BS010007
turn_signal_lamp: 0.0