position: 82.118269 137.75900000000001 -0.3031265
orientation: 0.3178711 0.7805258 150.7915
enu_velocity: -23.92484 13.32305 0.07940573
velocity: 27.38068 0.04855442 0.4521739
angularVelocity: -0.0647593 -0.02224302 -0.002139161
acceleration: 1.139471 0.1530689 0.2765544
accel: 0.266133
brake: 0.0
steer: 0.0006
linkid: A219BS010653
trafficlightid: C119BS010007
turn_signal_lamp: 0.0