position: 81.98500899999999 137.83300000000008 -0.3033467
orientation: 0.2363586 0.7531691 150.7889
enu_velocity: -24.00138 13.353 0.09526093
velocity: 27.4621 0.06035805 0.4560418
angularVelocity: -0.07271247 -0.02456704 -0.002045375
acceleration: 1.13766 0.1568908 0.2147803
accel: 0.267493
brake: 0.0
steer: 0.0006
linkid: A219BS010653
trafficlightid: C119BS010007
turn_signal_lamp: 0.0