position: 28.853859 51.81400000000008 -0.2573867
orientation: 1.460663 0.9966068 61.07269
enu_velocity: 19.39199 34.98545 0.008414777
velocity: 39.99417 -0.03211784 0.7051954
angularVelocity: -0.001354323 0.002134154 0.0004574398
acceleration: 0.08205158 -0.001321416 -0.006890745
accel: 0.03581474
brake: 0.0
steer: 0.0004
linkid: A219BS010380
trafficlightid: null
turn_signal_lamp: 0.0