position: 81.71724900000001 137.98199999999997 -0.3037794
orientation: 0.0642395 0.6882691 150.7848
enu_velocity: -24.15173 13.41726 0.1300154
velocity: 27.62475 0.0782795 0.4617973
angularVelocity: -0.0752576 -0.03076439 -0.001517282
acceleration: 1.138763 0.09164932 0.2575875
accel: 0.2692294
brake: 0.0
steer: 0.0006
linkid: A219BS010653
trafficlightid: C119BS010007
turn_signal_lamp: 0.0