position: 81.312509 138.2070000000001 -0.304241
orientation: -0.1414696 0.5837831 150.7897
enu_velocity: -24.38517 13.53552 0.1369259
velocity: 27.88694 0.08507156 0.4212924
angularVelocity: -0.04675269 -0.02721715 0.002518077
acceleration: 1.223886 -0.05540079 -0.05519975
accel: 0.2633382
brake: 0.0
steer: 0.0002
linkid: A219BS010653
trafficlightid: C119BS010007
turn_signal_lamp: 0.0