position: 81.17676900000001 138.28200000000015 -0.3042684
orientation: -0.1862361 0.5554602 150.7932
enu_velocity: -24.45985 13.58435 0.1285165
velocity: 27.97624 0.07692719 0.4000018
angularVelocity: -0.0364735 -0.02392714 0.003147937
acceleration: 1.242998 -0.09694111 -0.1252876
accel: 0.2607135
brake: 0.0
steer: 0.0001
linkid: A219BS010653
trafficlightid: C119BS010007
turn_signal_lamp: 0.0