position: 81.04066900000001 138.35799999999995 -0.3043242
orientation: -0.2244517 0.5241189 150.7957
enu_velocity: -24.52164 13.6349 0.1455369
velocity: 28.05489 0.06146049 0.402429
angularVelocity: -0.03238631 -0.02873455 0.001770321
acceleration: 1.089336 -0.1858013 0.2979061
accel: 0.2632515
brake: 0.0
steer: 0.0
linkid: A219BS010653
trafficlightid: C119BS010007
turn_signal_lamp: 0.0