position: 80.90420900000001 138.43399999999997 -0.3044208
orientation: -0.2587711 0.486401 150.7969
enu_velocity: -24.58145 13.68067 0.1699741
velocity: 28.12948 0.04980183 0.4090146
angularVelocity: -0.02926718 -0.03433511 0.0006535903
acceleration: 1.018626 -0.1432103 0.3619843
accel: 0.2663961
brake: 0.0
steer: -0.0001
linkid: A219BS010653
trafficlightid: C119BS010007
turn_signal_lamp: 0.0