position: 28.961619 52.00800000000004 -0.2573091
orientation: 1.458923 0.9978696 61.07317
enu_velocity: 19.39577 34.99133 0.007756038
velocity: 40.00113 -0.03292847 0.7055588
angularVelocity: -0.001560118 0.0008349147 0.0003634537
acceleration: 0.08527705 -0.005379394 -0.00711627
accel: 0.03008885
brake: 0.0
steer: 0.0005
linkid: A219BS010380
trafficlightid: null
turn_signal_lamp: 0.0