position: 79.940179 138.97299999999996 -0.3030112
orientation: -0.1871581 0.04415926 150.8177
enu_velocity: -25.02821 14.01441 0.4185188
velocity: 28.68441 -0.03352737 0.4405195
angularVelocity: 0.003713198 -0.03217319 0.0002320746
acceleration: 1.512194 0.02609223 -0.62185
accel: 0.2654445
brake: 0.0
steer: -0.0006
linkid: A219BS010653
trafficlightid: C119BS010007
turn_signal_lamp: 0.0