position: 79.80072899999999 139.05100000000016 -0.3013396
orientation: -0.2077557 0.02807236 150.8174
enu_velocity: -25.1236 14.05307 0.3627389
velocity: 28.78669 -0.02055931 0.376771
angularVelocity: -0.02548189 -0.008031924 -0.0003939304
acceleration: 1.400136 0.227205 -0.85193
accel: 0.257715
brake: 0.0
steer: -0.0006
linkid: A219BS010653
trafficlightid: C119BS010007
turn_signal_lamp: 0.0