position: 79.66077899999999 139.12900000000013 -0.2993825
orientation: -0.2476018 0.03276245 150.8162
enu_velocity: -25.20988 14.08548 0.3193665
velocity: 28.87781 -0.006277084 0.3358552
angularVelocity: -0.03648536 0.007631347 -0.001263073
acceleration: 1.256115 0.1880283 -0.5754081
accel: 0.2549971
brake: 0.0
steer: -0.0006
linkid: A219BS010653
trafficlightid: C119BS010007
turn_signal_lamp: 0.0