position: 79.09628900000001 139.44299999999998 -0.2904295
orientation: -0.4359315 0.2051664 150.8066
enu_velocity: -25.53957 14.22843 0.07757288
velocity: 29.23507 0.03465557 0.1825286
angularVelocity: -0.04686128 0.06390837 -0.001296713
acceleration: 1.230532 0.11896 -1.044739
accel: 0.2370072
brake: 0.0
steer: -0.0005
linkid: A219BS010653
trafficlightid: C119BS010007
turn_signal_lamp: 0.0