position: 78.236459 139.92100000000005 -0.2813182
orientation: -0.7601791 0.776172 150.792
enu_velocity: -25.95757 14.43203 -0.2380946
velocity: 29.70023 0.06759071 0.1651612
angularVelocity: -0.05254216 0.09359384 -0.0002260092
acceleration: 0.8261329 0.03706783 0.7108821
accel: 0.2371558
brake: 0.0
steer: -0.0005
linkid: A219BS010653
trafficlightid: C119BS010007
turn_signal_lamp: 0.0