position: 78.09197900000001 140.00099999999998 -0.2795056
orientation: -0.8064463 0.8838742 150.791
enu_velocity: -26.00919 14.46464 -0.1731503
velocity: 29.75983 0.06296444 0.2868705
angularVelocity: -0.03595047 0.09390675 0.0007353858
acceleration: 0.8407781 -0.08937231 0.9772155
accel: 0.2438633
brake: 0.0
steer: -0.0005
linkid: A219BS010653
trafficlightid: C119BS010007
turn_signal_lamp: 0.0