position: 77.947249 140.0820000000001 -0.2772279
orientation: -0.8208012 0.9933496 150.7913
enu_velocity: -26.05754 14.50152 -0.09426493
velocity: 29.81805 0.05220127 0.4235261
angularVelocity: -0.002318785 0.09599051 0.001466711
acceleration: 0.8557134 -0.07867801 1.181933
accel: 0.2515507
brake: 0.0
steer: -0.0006
linkid: A219BS010653
trafficlightid: C119BS010007
turn_signal_lamp: 0.0