position: 77.65770900000001 140.24400000000014 -0.2684669
orientation: -0.5687613 1.275267 150.8035
enu_velocity: -26.04324 14.59285 0.2783781
velocity: 29.83939 -0.04414177 0.9423187
angularVelocity: 0.1522644 0.1480501 0.009905769
acceleration: -0.08429909 -0.9530221 3.412819
accel: 0.3059058
brake: 0.0
steer: -0.0008
linkid: A219BS010653
trafficlightid: C119BS010007
turn_signal_lamp: 0.0