position: 29.177169 52.39700000000016 -0.2572468
orientation: 1.456726 0.9980374 61.07402
enu_velocity: 19.40007 34.99808 0.00312725
velocity: 40.00919 -0.03416061 0.7012149
angularVelocity: -0.0005029425 -0.0002031909 0.0002955748
acceleration: 0.04715965 -0.01980907 -0.03992885
accel: 0.02781454
brake: 0.0
steer: 0.0003
linkid: A219BS010380
trafficlightid: null
turn_signal_lamp: 0.0