position: 77.51285899999999 140.32600000000002 -0.2633792
orientation: -0.395817 1.40874 150.8111
enu_velocity: -26.09503 14.68599 0.25767
velocity: 29.92823 -0.1016941 0.993067
angularVelocity: 0.1465129 0.1029161 0.006613034
acceleration: 1.586634 -0.6932728 -0.9542156
accel: 0.3003926
brake: 0.0
steer: -0.0009
linkid: A219BS010653
trafficlightid: C119BS010007
turn_signal_lamp: 0.0