position: 76.634289 140.82200000000012 -0.2645048
orientation: 0.2666321 1.367082 150.8236
enu_velocity: -26.58418 15.00102 -0.1963658
velocity: 30.52026 -0.1354713 0.5325682
angularVelocity: 0.06721832 -0.04283757 -0.001025789
acceleration: 1.346757 0.08249688 -1.401711
accel: 0.2251755
brake: 0.0
steer: -0.0005
linkid: A219BS010653
trafficlightid: C119BS010007
turn_signal_lamp: 0.0