position: 76.48622900000001 140.90499999999997 -0.267532
orientation: 0.3179016 1.310961 150.8207
enu_velocity: -26.67133 15.0337 -0.3023868
velocity: 30.61519 -0.1202431 0.3988231
angularVelocity: 0.03753026 -0.05073404 -0.002686202
acceleration: 1.307084 0.215275 -1.4558
accel: 0.2163071
brake: 0.0
steer: -0.0004
linkid: A219BS010653
trafficlightid: C119BS010007
turn_signal_lamp: 0.0