position: 76.337659 140.98900000000003 -0.2713149
orientation: 0.3378296 1.248871 150.8163
enu_velocity: -26.75931 15.05899 -0.4098872
velocity: 30.70708 -0.09771538 0.2600215
angularVelocity: 0.01110465 -0.05508959 -0.003830448
acceleration: 1.261077 0.2962306 -1.467049
accel: 0.2085471
brake: 0.0
steer: -0.0002
linkid: A219BS010653
trafficlightid: C119BS010007
turn_signal_lamp: 0.0