position: 29.284969 52.59100000000012 -0.2572612
orientation: 1.456848 0.9973133 61.07425
enu_velocity: 19.40219 35.00019 0.0001126147
velocity: 40.01214 -0.0352478 0.6977715
angularVelocity: 0.0004115417 -0.0008613588 0.0002212193
acceleration: 0.03950529 -0.008117962 -0.04288299
accel: 0.02677429
brake: 0.0
steer: 0.0001
linkid: A219BS010380
trafficlightid: null
turn_signal_lamp: 0.0