position: 75.588079 141.40700000000015 -0.2925176
orientation: 0.01281738 1.056849 150.7837
enu_velocity: -27.11534 15.0964 -0.537824
velocity: 31.03912 0.05932331 0.03466824
angularVelocity: -0.05105174 0.007699033 -0.003486035
acceleration: 0.745999 0.1318271 1.056985
accel: 0.220895
brake: 0.0
steer: 0.0004
linkid: A219BS010653
trafficlightid: C119BS010007
turn_signal_lamp: 0.0