position: 75.134859 141.66000000000008 -0.2958087
orientation: 0.05563354 1.17678 150.7874
enu_velocity: -27.24177 15.23162 -0.2784773
velocity: 31.20997 0.001354218 0.3625645
angularVelocity: 0.05703461 0.04770728 0.00499774
acceleration: 0.7394402 -0.4261649 1.306048
accel: 0.2327569
brake: 0.0
steer: 0.0003
linkid: A219BS010653
trafficlightid: C119BS010007
turn_signal_lamp: 0.0