position: 74.98346900000001 141.74500000000012 -0.2953241
orientation: 0.1482239 1.237608 150.7953
enu_velocity: -27.27063 15.28504 -0.1786036
velocity: 31.25865 -0.03456974 0.4967481
angularVelocity: 0.08885784 0.05499532 0.007291789
acceleration: 0.6727276 -0.4526358 1.461789
accel: 0.2416782
brake: 0.0
steer: 0.0002
linkid: A219BS010653
trafficlightid: C119BS010007
turn_signal_lamp: 0.0