position: 74.83186900000001 141.83000000000015 -0.2945295
orientation: 0.2530823 1.294606 150.8034
enu_velocity: -27.31304 15.34308 -0.1165918
velocity: 31.32207 -0.0676136 0.5915296
angularVelocity: 0.09080572 0.047185 0.006536222
acceleration: 0.9283199 -0.3650175 0.7905901
accel: 0.2429055
brake: 0.0
steer: 0.0001
linkid: A219BS010653
trafficlightid: C119BS010007
turn_signal_lamp: 0.0