position: 74.527639 142.00099999999998 -0.2932222
orientation: 0.4403381 1.369122 150.8125
enu_velocity: -27.43459 15.44009 -0.03132105
velocity: 31.4726 -0.09511662 0.7216249
angularVelocity: 0.07464511 0.02372954 0.002644503
acceleration: 1.021627 -0.07007122 0.5502988
accel: 0.2325555
brake: 0.0
steer: 0.0001
linkid: A219BS010653
trafficlightid: C119BS010007
turn_signal_lamp: 0.0