position: 73.295919 142.69299999999998 -0.304094
orientation: 0.6452026 0.9996213 150.8151
enu_velocity: -27.98637 15.65467 -0.1365332
velocity: 32.0647 -0.01554585 0.4231274
angularVelocity: -0.07656155 -0.09250455 0.00023387
acceleration: 0.9181778 0.404814 -1.520245
accel: 0.2014505
brake: 0.0
steer: 0.0005
linkid: A219BS010653
trafficlightid: C119BS010007
turn_signal_lamp: 0.0