position: 73.14023900000001 142.77999999999997 -0.3067124
orientation: 0.5974731 0.9183583 150.8169
enu_velocity: -28.04777 15.65593 -0.06519663
velocity: 32.11834 0.01218224 0.4495413
angularVelocity: -0.03248756 -0.06477112 0.002442948
acceleration: 0.8679377 0.2929331 0.9117228
accel: 0.2181236
brake: 0.0
steer: 0.0005
linkid: A219BS010653
trafficlightid: C119BS010007
turn_signal_lamp: 0.0