position: 72.984219 142.86699999999996 -0.3087099
orientation: 0.5638428 0.8536205 150.8195
enu_velocity: -28.10951 15.67809 -0.04371196
velocity: 32.1832 0.02108479 0.4356133
angularVelocity: -0.02825791 -0.0537595 0.00287099
acceleration: 0.9635593 0.1243767 0.3031763
accel: 0.2136169
brake: 0.0
steer: 0.0004
linkid: A219BS010653
trafficlightid: C119BS010007
turn_signal_lamp: 0.0