position: 72.671089 143.04200000000014 -0.311259
orientation: 0.5102539 0.7649438 150.8242
enu_velocity: -28.23666 15.73971 -0.0001511274
velocity: 32.32431 0.02620697 0.4312132
angularVelocity: -0.02049127 -0.02955423 0.002240284
acceleration: 0.9471691 0.03326598 0.3191302
accel: 0.2034752
brake: 0.0
steer: 0.0003
linkid: A219BS010653
trafficlightid: C119BS010007
turn_signal_lamp: 0.0