position: 72.51401899999999 143.1300000000001 -0.3118101
orientation: 0.4893799 0.7405021 150.8263
enu_velocity: -28.29429 15.77159 0.02447325
velocity: 32.39002 0.02516556 0.442915
angularVelocity: -0.01787004 -0.01880067 0.00207306
acceleration: 0.905722 -0.001199514 0.3668747
accel: 0.2026329
brake: 0.0
steer: 0.0002
linkid: A219BS010653
trafficlightid: C119BS010007
turn_signal_lamp: 0.0