position: 72.356629 143.21800000000007 -0.3119377
orientation: 0.4698181 0.7267694 150.8286
enu_velocity: -28.35059 15.80348 0.04893879
velocity: 32.45452 0.02348995 0.4604577
angularVelocity: -0.01693429 -0.009818243 0.00202586
acceleration: 0.8914162 -0.005300939 0.3452139
accel: 0.2015047
brake: 0.0
steer: 0.0001
linkid: A219BS010653
trafficlightid: C119BS010007
turn_signal_lamp: 0.0