position: 72.19891899999999 143.30600000000004 -0.3116989
orientation: 0.4512024 0.7218488 150.8308
enu_velocity: -28.40615 15.83495 0.07237504
velocity: 32.51811 0.02182484 0.4819294
angularVelocity: -0.01604573 -0.002571317 0.001997721
acceleration: 0.8823771 -0.002900481 0.3317712
accel: 0.2008115
brake: 0.0
steer: 0.0001
linkid: A219BS010653
trafficlightid: C119BS010007
turn_signal_lamp: 0.0