position: 72.040899 143.394 -0.3112272
orientation: 0.4291382 0.7223367 150.833
enu_velocity: -28.46249 15.86657 0.08533206
velocity: 32.58254 0.02038956 0.4959949
angularVelocity: -0.02052692 0.001237501 0.001834409
acceleration: 0.8910654 0.007560611 0.1651186
accel: 0.1988608
brake: 0.0
steer: 0.0
linkid: A219BS010653
trafficlightid: C119BS010007
turn_signal_lamp: 0.0