position: 71.882559 143.48199999999997 -0.3106156
orientation: 0.4022217 0.7259802 150.835
enu_velocity: -28.51915 15.896 0.09508859
velocity: 32.64621 0.02098274 0.5086354
angularVelocity: -0.02425056 0.003863624 0.001804712
acceleration: 0.8751054 0.02912933 0.1494624
accel: 0.1974852
brake: 0.0
steer: 0.0
linkid: A219BS010653
trafficlightid: C119BS010007
turn_signal_lamp: 0.0