position: 71.72390899999999 143.56999999999994 -0.3098351
orientation: 0.3753967 0.7333634 150.8371
enu_velocity: -28.57551 15.92467 0.1080489
velocity: 32.70916 0.02213097 0.5266113
angularVelocity: -0.02309575 0.007183198 0.001721192
acceleration: 0.8767859 0.03395358 0.1767918
accel: 0.1966291
brake: 0.0
steer: 0.0
linkid: A219BS010653
trafficlightid: C119BS010007
turn_signal_lamp: 0.0