position: 71.564949 143.6590000000001 -0.3089356
orientation: 0.350708 0.7432 150.8391
enu_velocity: -28.63084 15.95367 0.1167044
velocity: 32.77139 0.02243614 0.541698
angularVelocity: -0.02110188 0.00899126 0.001797888
acceleration: 0.8622072 0.01936945 0.1220194
accel: 0.1955249
brake: 0.0
steer: -0.0001
linkid: A219BS010653
trafficlightid: C119BS010007
turn_signal_lamp: 0.0