position: 70.765589 144.10500000000002 -0.3042342
orientation: 0.2843628 0.8091407 150.8437
enu_velocity: -28.90043 16.1197 0.06839796
velocity: 33.08773 0.005536079 0.5356855
angularVelocity: -0.004617975 0.01105021 -0.001067927
acceleration: 0.8796772 -0.02420229 -0.3451067
accel: 0.185124
brake: 0.0
steer: -0.0004
linkid: A219BS010653
trafficlightid: C119BS010007
turn_signal_lamp: 2.0