position: 70.120559 144.46500000000015 -0.3024549
orientation: 0.251709 0.8581035 150.8349
enu_velocity: -29.11387 16.24336 -0.02172739
velocity: 33.33522 0.006105423 0.477538
angularVelocity: -0.00532155 0.009141636 -0.002206804
acceleration: 0.8548737 -0.01811904 -0.3667493
accel: 0.1771036
brake: 0.0
steer: -0.0003
linkid: A219BS010653
trafficlightid: C119BS010007
turn_signal_lamp: 2.0