position: 69.633719 144.7360000000001 -0.3024346
orientation: 0.2250366 0.8943726 150.8268
enu_velocity: -29.26583 16.33183 -0.07290992
velocity: 33.5115 0.007294655 0.4502044
angularVelocity: -0.00990842 0.01262753 -0.002494523
acceleration: 0.7906361 -0.005151004 -0.1023107
accel: 0.1736408
brake: 0.0
steer: -0.0003
linkid: A219BS010653
trafficlightid: C119BS010007
turn_signal_lamp: 2.0