position: 68.980699 145.10000000000014 -0.3025478
orientation: 0.1578979 0.959505 150.8146
enu_velocity: -29.46462 16.43967 -0.05363704
velocity: 33.73674 0.01683044 0.5113369
angularVelocity: -0.01108128 0.005645252 -0.002592598
acceleration: 0.7521857 0.02187029 1.201073
accel: 0.1697515
brake: 0.0
steer: -0.0001
linkid: A219BS010653
trafficlightid: C119BS010007
turn_signal_lamp: 2.0