position: 68.488279 145.375 -0.3029225
orientation: 0.1472168 0.9722189 150.8103
enu_velocity: -29.5978 16.53641 -0.04718019
velocity: 33.89994 -0.0001430511 0.5280989
angularVelocity: 0.007081852 0.0008209767 -0.0001266797
acceleration: 0.7955408 -0.1229263 -0.1180317
accel: 0.1679137
brake: 0.0
steer: -0.0001
linkid: A219BS010653
trafficlightid: C119BS010007
turn_signal_lamp: 2.0