position: 68.158799 145.55899999999997 -0.3036832
orientation: 0.1781616 0.9672532 150.8106
enu_velocity: -29.68626 16.60589 -0.06242102
velocity: 34.01134 -0.01763153 0.511853
angularVelocity: 0.01652137 -0.003743586 0.0002969186
acceleration: 0.7623384 -0.1116455 -0.09097426
accel: 0.1650061
brake: 0.0
steer: 0.001
linkid: A219BS010653
trafficlightid: C119BS010007
turn_signal_lamp: 2.0