position: 67.99369899999999 145.65100000000007 -0.3042101
orientation: 0.2003479 0.9614728 150.8111
enu_velocity: -29.73005 16.63847 -0.06828798
velocity: 34.06561 -0.02480316 0.5034962
angularVelocity: 0.02039884 -0.005327128 0.0004525328
acceleration: 0.7443403 -0.09710881 -0.0535078
accel: 0.164061
brake: 0.0
steer: 0.001
linkid: A219BS010653
trafficlightid: C119BS010007
turn_signal_lamp: 2.0