position: 67.828359 145.74400000000014 -0.3047539
orientation: 0.2296448 0.9558199 150.8125
enu_velocity: -29.77624 16.6673 -0.07228495
velocity: 34.1201 -0.02807045 0.4970727
angularVelocity: 0.02678134 -0.004752788 0.00141886
acceleration: 0.7553875 -0.04725194 -0.07167684
accel: 0.1627773
brake: 0.0
steer: 0.0011
linkid: A219BS010653
trafficlightid: C119BS010007
turn_signal_lamp: 2.0