position: 67.662769 145.837 -0.3053128
orientation: 0.2575684 0.9503442 150.8143
enu_velocity: -29.82243 16.69556 -0.07700954
velocity: 34.17432 -0.03109074 0.4900135
angularVelocity: 0.02472942 -0.004704016 0.001771795
acceleration: 0.7741779 -0.00815171 -0.1363611
accel: 0.1624934
brake: 0.0
steer: 0.0023
linkid: A219BS010653
trafficlightid: C119BS010007
turn_signal_lamp: 2.0