position: 67.330829 146.02300000000014 -0.3065665
orientation: 0.3163147 0.9414288 150.8194
enu_velocity: -29.9182 16.74566 -0.09893483
velocity: 34.28278 -0.03083038 0.4645812
angularVelocity: 0.02508382 -0.003653398 0.002871578
acceleration: 0.7418388 0.05747637 -0.1186266
accel: 0.1583153
brake: 0.0
steer: 0.0024
linkid: A219BS010653
trafficlightid: C119BS010007
turn_signal_lamp: 2.0