position: 67.164459 146.11599999999999 -0.3071216
orientation: 0.3388367 0.9533925 150.823
enu_velocity: -29.96596 16.76828 -0.1624824
velocity: 34.33646 -0.0296154 0.4090832
angularVelocity: 0.01900097 0.01074817 0.003107585
acceleration: 0.7356876 0.04030338 -0.274966
accel: 0.1561547
brake: 0.0
steer: 0.0035
linkid: A219BS010653
trafficlightid: C119BS010007
turn_signal_lamp: 2.0