position: 66.99781899999999 146.20900000000006 -0.307694
orientation: 0.3636475 0.9676265 150.8274
enu_velocity: -30.01632 16.78831 -0.1743116
velocity: 34.39027 -0.02499008 0.4066777
angularVelocity: 0.02261759 0.0130265 0.004031266
acceleration: 0.7601317 0.1222881 -0.1529696
accel: 0.1553286
brake: 0.0
steer: 0.0035
linkid: A219BS010653
trafficlightid: C119BS010007
turn_signal_lamp: 2.0