position: 66.830929 146.3030000000001 -0.3082554
orientation: 0.3877869 0.9854296 150.8327
enu_velocity: -30.06602 16.80843 -0.190192
velocity: 34.44362 -0.02140331 0.4023879
angularVelocity: 0.02030726 0.01642059 0.004703214
acceleration: 0.7459109 0.09083189 -0.1948817
accel: 0.1530523
brake: 0.0
steer: 0.0044
linkid: A219BS010653
trafficlightid: C119BS010007
turn_signal_lamp: 2.0