position: 66.160699 146.6780000000001 -0.3089972
orientation: 0.4920044 1.108981 150.8605
enu_velocity: -30.253 16.8783 -0.1361793
velocity: 34.63891 -0.006229401 0.5344006
angularVelocity: 0.03296148 0.03884874 0.007318238
acceleration: 0.6319363 0.04037398 0.1139359
accel: 0.1530544
brake: 0.0
steer: 0.006
linkid: A219BS010653
trafficlightid: C119BS010007
turn_signal_lamp: 2.0