position: 65.992539 146.77200000000016 -0.3086692
orientation: 0.5213928 1.147419 150.8696
enu_velocity: -30.29789 16.89476 -0.1209708
velocity: 34.68546 -0.003626823 0.573774
angularVelocity: 0.02240522 0.0319985 0.007983003
acceleration: 0.6478472 0.1561235 0.2563085
accel: 0.1521921
brake: 0.0
steer: 0.0059
linkid: A219BS010653
trafficlightid: C119BS010007
turn_signal_lamp: 2.0