position: 65.824139 146.86599999999999 -0.3085357
orientation: 0.5390015 1.175957 150.8799
enu_velocity: -30.34636 16.90486 -0.1097615
velocity: 34.73219 0.005391121 0.6031457
angularVelocity: 0.01234446 0.02275161 0.009079237
acceleration: 0.6598732 0.2274006 0.184693
accel: 0.1522571
brake: 0.0
steer: 0.0066
linkid: A219BS010653
trafficlightid: C119BS010007
turn_signal_lamp: 2.0