position: 65.147909 147.24299999999994 -0.3090672
orientation: 0.5491028 1.232023 150.9279
enu_velocity: -30.53924 16.94284 -0.06783468
velocity: 34.91766 0.03766823 0.6827654
angularVelocity: -0.006299909 0.003278566 0.01104274
acceleration: 0.5906574 0.2000967 0.3052028
accel: 0.1507005
brake: 0.0
steer: 0.0069
linkid: A219BS010653
trafficlightid: C119BS010007
turn_signal_lamp: 2.0