position: 64.978219 147.33799999999997 -0.3094563
orientation: 0.5345154 1.229145 150.9408
enu_velocity: -30.58664 16.95023 -0.05345451
velocity: 34.9624 0.04631424 0.6962819
angularVelocity: -0.01466638 -0.004613167 0.0112935
acceleration: 0.612027 0.2355339 0.1650448
accel: 0.1512277
brake: 0.0
steer: 0.0073
linkid: A219BS010653
trafficlightid: C119BS010007
turn_signal_lamp: 2.0