position: 30.039429000000002 53.952 -0.2580079
orientation: 1.456818 0.9850781 61.07384
enu_velocity: 19.40084 34.99257 -0.01866835
velocity: 40.00528 -0.03816223 0.6703883
angularVelocity: -0.001987208 -0.002224107 -0.0001329051
acceleration: 0.05561585 0.0096967 -0.01899294
accel: 0.02910945
brake: 0.0
steer: 0.0001
linkid: A219BS010380
trafficlightid: null
turn_signal_lamp: 0.0