position: 64.638059 147.52700000000004 -0.3112476
orientation: 0.4878845 1.190338 150.9684
enu_velocity: -30.68627 16.96329 -0.1313953
velocity: 35.05792 0.06496048 0.596489
angularVelocity: -0.02756823 -0.03822422 0.01264047
acceleration: 0.7017324 0.2234966 -2.41219
accel: 0.1494019
brake: 0.0
steer: 0.0073
linkid: A219BS010653
trafficlightid: C119BS010007
turn_signal_lamp: 2.0