position: 64.467619 147.62200000000007 -0.3131094
orientation: 0.4589233 1.148013 150.9836
enu_velocity: -30.72829 16.96991 -0.1316013
velocity: 35.09833 0.06978512 0.5711769
angularVelocity: -0.02411865 -0.0360709 0.01356641
acceleration: 0.5684059 0.2215261 0.0347806
accel: 0.1519258
brake: 0.0
steer: 0.0072
linkid: A219BS010653
trafficlightid: C119BS010007
turn_signal_lamp: 2.0