position: 63.954779 147.90599999999995 -0.318757
orientation: 0.3741455 1.010645 151.0293
enu_velocity: -30.86587 17.00048 -0.109265
velocity: 35.23439 0.08043671 0.5117705
angularVelocity: -0.02466536 -0.04059299 0.01394887
acceleration: 0.6288514 0.1760581 0.09083762
accel: 0.148702
brake: 0.0
steer: 0.0068
linkid: A219BS010653
trafficlightid: C119BS010007
turn_signal_lamp: 2.0