position: 63.439769 148.19100000000003 -0.3233549
orientation: 0.3252563 0.889854 151.0779
enu_velocity: -30.98643 17.04342 -0.03608481
velocity: 35.36058 0.07081032 0.5127423
angularVelocity: -0.005016454 -0.03124692 0.01442197
acceleration: 0.4951071 0.01624441 0.7920039
accel: 0.1512561
brake: 0.0
steer: 0.0062
linkid: A219BS010653
trafficlightid: C119BS010007
turn_signal_lamp: 2.0