position: 30.147209 54.14599999999996 -0.2581761
orientation: 1.454163 0.982857 61.07364
enu_velocity: 19.40197 34.99598 -0.01990931
velocity: 40.00887 -0.03744888 0.6676359
angularVelocity: -0.002413683 -0.001835113 -0.0001291234
acceleration: 0.04764667 0.009111856 -0.01576102
accel: 0.02801812
brake: 0.0
steer: 0.0002
linkid: A219BS010380
trafficlightid: null
turn_signal_lamp: 0.0