position: 62.923119 148.4760000000001 -0.3252454
orientation: 0.3458862 0.7640656 151.1237
enu_velocity: -31.06798 17.0893 0.1851383
velocity: 35.45228 0.04283428 0.6577086
angularVelocity: 0.01465862 -0.04974822 0.01245158
acceleration: 0.3764915 -0.02329637 1.124849
accel: 0.1664142
brake: 0.0
steer: 0.0055
linkid: A219BS010653
trafficlightid: C119BS010007
turn_signal_lamp: 2.0