position: 62.577879 148.66700000000014 -0.3257233
orientation: 0.4038696 0.6338563 151.151
enu_velocity: -31.13042 17.13428 0.317241
velocity: 35.52861 0.01772785 0.7102178
angularVelocity: 0.0278859 -0.05678299 0.01172496
acceleration: 0.5644617 -0.1050011 0.91559
accel: 0.1686967
brake: 0.0
steer: 0.0049
linkid: A219BS010653
trafficlightid: C119BS010007
turn_signal_lamp: 2.0