position: 62.404949 148.76199999999994 -0.3253746
orientation: 0.428894 0.5720028 151.1632
enu_velocity: -31.16739 17.1562 0.3729984
velocity: 35.57176 0.009200096 0.7281051
angularVelocity: 0.01974981 -0.05289236 0.01087865
acceleration: 0.5885918 0.01429167 0.751726
accel: 0.166221
brake: 0.0
steer: 0.0044
linkid: A219BS010653
trafficlightid: C119BS010007
turn_signal_lamp: 2.0