position: 62.058399 148.95399999999995 -0.32401
orientation: 0.4665222 0.446881 151.1842
enu_velocity: -31.24465 17.18829 0.4448382
velocity: 35.65587 0.005756378 0.722934
angularVelocity: 0.01967134 -0.05830947 0.009038541
acceleration: 0.5595868 0.04502997 0.4076157
accel: 0.1658562
brake: 0.0
steer: 0.0042
linkid: A219BS010653
trafficlightid: C119BS010007
turn_signal_lamp: 2.0