position: 61.536849000000004 149.24199999999996 -0.3215123
orientation: 0.5526123 0.2521275 151.2097
enu_velocity: -31.36395 17.25781 0.4632508
velocity: 35.79607 -0.01349163 0.6209344
angularVelocity: 0.01566555 -0.04738953 0.006332004
acceleration: 0.6189687 0.01893592 -0.0429471
accel: 0.1557258
brake: 0.0
steer: 0.0037
linkid: A219BS010653
trafficlightid: C119BS010007
turn_signal_lamp: 2.0