position: 30.254999 54.340000000000146 -0.2583331
orientation: 1.451874 0.9814061 61.0735
enu_velocity: 19.40308 34.99928 -0.02186482
velocity: 40.01234 -0.03683662 0.6647077
angularVelocity: -0.001723998 -0.00102953 -5.354583e-05
acceleration: 0.04672469 0.009086191 -0.03006648
accel: 0.02668427
brake: 0.0
steer: 0.0003
linkid: A219BS010380
trafficlightid: null
turn_signal_lamp: 0.0