position: 60.837769 149.62599999999998 -0.3164632
orientation: 0.5767822 0.1179597 151.2289
enu_velocity: -31.54543 17.31548 0.3364256
velocity: 35.98451 0.009444237 0.4104365
angularVelocity: 0.01508383 -0.01047672 0.004342941
acceleration: 0.5740428 0.02321163 -0.1779184
accel: 0.1430663
brake: 0.0
steer: 0.0028
linkid: A219BS010384
trafficlightid: null
turn_signal_lamp: 2.0