position: 59.959449 150.10900000000015 -0.2991105
orientation: 0.6626282 0.3934012 151.2526
enu_velocity: -31.70354 17.40569 0.3606207
velocity: 36.16396 -0.005614281 0.609046
angularVelocity: 0.01411202 0.07970542 0.003023455
acceleration: 0.6279038 -0.02270722 -0.3955163
accel: 0.1446196
brake: 0.0
steer: 0.0013
linkid: A219BS010384
trafficlightid: null
turn_signal_lamp: 2.0