position: 30.362809000000002 54.53500000000008 -0.2584727
orientation: 1.451172 0.9810965 61.07352
enu_velocity: 19.40433 35.00205 -0.02422887
velocity: 40.0154 -0.03666687 0.6621736
angularVelocity: -0.000173493 -1.079462e-05 4.394619e-05
acceleration: 0.04089629 0.002496535 -0.03285713
accel: 0.02552282
brake: 0.0
steer: 0.0003
linkid: A219BS010380
trafficlightid: null
turn_signal_lamp: 0.0