position: 59.253209 150.49800000000005 -0.2836304
orientation: 0.6896362 0.7468703 151.2711
enu_velocity: -31.85147 17.47996 0.2092564
velocity: 36.32689 -0.01007462 0.6830053
angularVelocity: 0.01047455 0.07758532 0.003511804
acceleration: 0.5498293 0.01991902 -0.5350417
accel: 0.132639
brake: 0.0
steer: 0.0009
linkid: A219BS010384
trafficlightid: null
turn_signal_lamp: 2.0