position: 59.076159 150.59500000000003 -0.2806241
orientation: 0.7037964 0.8256746 151.2761
enu_velocity: -31.88646 17.50234 0.1466429
velocity: 36.36826 -0.01608181 0.671036
angularVelocity: 0.01235971 0.06561962 0.003651037
acceleration: 0.5786806 -0.04863319 -0.8999172
accel: 0.1290983
brake: 0.0
steer: 0.0005
linkid: A219BS010384
trafficlightid: null
turn_signal_lamp: 2.0