position: 58.721459 150.78999999999996 -0.2767489
orientation: 0.7201538 0.9425319 151.2849
enu_velocity: -31.95633 17.54332 0.017843
velocity: 36.44987 -0.02447891 0.6178669
angularVelocity: -0.005171027 0.04170039 0.002498013
acceleration: 0.6224446 0.02980383 -1.097931
accel: 0.1246531
brake: 0.0
steer: 0.0001
linkid: A219BS010384
trafficlightid: null
turn_signal_lamp: 2.0