position: 56.756649 151.86699999999996 -0.2869469
orientation: 0.6680908 1.141199 151.2817
enu_velocity: -32.29867 17.73729 -0.3476752
velocity: 36.84815 -0.03132534 0.3866738
angularVelocity: -0.006749652 0.005918407 -0.003161876
acceleration: 0.4272314 0.02590689 0.06761494
accel: 0.1042675
brake: 0.0
steer: -0.0013
linkid: A219BS010384
trafficlightid: null
turn_signal_lamp: 2.0