position: 55.857289 152.3610000000001 -0.2939278
orientation: 0.605957 1.148506 151.2608
enu_velocity: -32.42389 17.80325 -0.1764376
velocity: 36.98616 -0.01404476 0.5652015
angularVelocity: -0.01322636 -0.007016782 -0.00403619
acceleration: 0.3915764 -0.02796666 0.3709846
accel: 0.1092806
brake: 0.0
steer: -0.002
linkid: A219BS010384
trafficlightid: null
turn_signal_lamp: 2.0