position: 55.135479000000004 152.75700000000006 -0.2983703
orientation: 0.5804443 1.064047 151.2408
enu_velocity: -32.51052 17.87788 -0.02912056
velocity: 37.09606 -0.02419949 0.6601481
angularVelocity: -0.01803002 -0.02405304 -0.004901896
acceleration: 0.3989401 0.009755656 0.5452687
accel: 0.11112
brake: 0.0
steer: -0.0032
linkid: A219BS010384
trafficlightid: null
turn_signal_lamp: 2.0