position: 54.411659 153.15499999999997 -0.3015301
orientation: 0.5744934 0.9208421 151.2158
enu_velocity: -32.59509 17.96083 0.08121622
velocity: 37.20987 -0.03981972 0.6797385
angularVelocity: -0.006962474 -0.03442772 -0.005703506
acceleration: 0.3713424 -0.06881109 0.4560754
accel: 0.1106056
brake: 0.0
steer: -0.0037
linkid: A219BS010384
trafficlightid: null
turn_signal_lamp: 2.0