position: 30.686149 55.11799999999994 -0.2588281
orientation: 1.457794 0.9853913 61.07425
enu_velocity: 19.39267 34.98022 -0.03092441
velocity: 39.99074 -0.03756905 0.6580809
angularVelocity: 0.003156286 0.001889917 0.0004850498
acceleration: -0.00294669 0.007314192 -0.03732245
accel: 0.04272136
brake: 0.0
steer: 0.0008
linkid: A219BS010380
trafficlightid: null
turn_signal_lamp: 0.0