position: 54.230379 153.25400000000013 -0.3019954
orientation: 0.5582886 0.8829907 151.2084
enu_velocity: -32.62129 17.97657 0.1027927
velocity: 37.24052 -0.03645229 0.6771549
angularVelocity: -0.01588151 -0.03259031 -0.006116271
acceleration: 0.410255 0.00783141 0.2798317
accel: 0.1086992
brake: 0.0
steer: -0.0037
linkid: A219BS010384
trafficlightid: null
turn_signal_lamp: 2.0