position: 52.775319 154.05500000000006 -0.2973223
orientation: 0.4416504 0.7786145 151.1393
enu_velocity: -32.78822 18.11909 0.1834638
velocity: 37.4556 -0.03699112 0.6928163
angularVelocity: -0.003018766 0.006351447 -0.008141648
acceleration: 0.1406913 -0.1315144 -0.08350847
accel: 0.0
brake: 0.02707949
steer: -0.0036
linkid: A219BS010384
trafficlightid: null
turn_signal_lamp: 2.0