position: 52.049989000000004 154.45500000000015 -0.2913243
orientation: 0.4445496 0.8762759 151.092
enu_velocity: -32.41968 17.99417 0.1215722
velocity: 37.07236 -0.07490921 0.6892135
angularVelocity: 0.003082767 0.03213631 -0.01478637
acceleration: -2.00342 -0.3097563 -0.256711
accel: 0.0
brake: 0.119149
steer: -0.0133
linkid: A219BS010384
trafficlightid: null
turn_signal_lamp: 2.0