position: 31.009519 55.70100000000002 -0.2591547
orientation: 1.475311 0.9948132 61.07735
enu_velocity: 19.40024 34.99571 -0.0367726
velocity: 40.00793 -0.03863525 0.6591533
angularVelocity: 0.00621503 0.002999191 0.001023598
acceleration: 0.05024789 0.008356469 -0.01735588
accel: 0.02831619
brake: 0.0
steer: 0.001
linkid: A219BS010380
trafficlightid: null
turn_signal_lamp: 0.0