position: 31.117339 55.89499999999998 -0.2592797
orientation: 1.482697 0.9979337 61.07875
enu_velocity: 19.40113 34.99883 -0.03764884
velocity: 40.01107 -0.03876495 0.6605218
angularVelocity: 0.006454526 0.002670376 0.001199536
acceleration: 0.04269413 0.01369921 -0.01016105
accel: 0.02715168
brake: 0.0
steer: 0.001
linkid: A219BS010380
trafficlightid: null
turn_signal_lamp: 0.0