position: 31.225159 56.090000000000146 -0.2594004
orientation: 1.490143 1.001359 61.08032
enu_velocity: 19.40179 35.0018 -0.03815629
velocity: 40.01396 -0.03886604 0.6624684
angularVelocity: 0.006371289 0.003264891 0.001315274
acceleration: 0.03964294 0.01146947 0.0006675158
accel: 0.02603192
brake: 0.0
steer: 0.0011
linkid: A219BS010380
trafficlightid: null
turn_signal_lamp: 0.0