position: 46.027269000000004 157.90200000000004 -0.2942408
orientation: 0.5155945 1.672907 148.9261
enu_velocity: -24.10794 14.9505 -0.007537326
velocity: 28.35324 -0.354619 0.8237694
angularVelocity: 0.03947841 -0.09457761 -0.06054442
acceleration: 0.3727928 -0.3945566 1.572
accel: 0.1436408
brake: 0.0
steer: -0.0391
linkid: A219BS010384
trafficlightid: null
turn_signal_lamp: 2.0