position: 31.764099 57.062000000000126 -0.2597778
orientation: 1.524414 1.028027 61.08824
enu_velocity: 19.39214 34.99288 -0.04216485
velocity: 40.00124 -0.03948021 0.676916
angularVelocity: 0.007277263 0.002778138 0.001230969
acceleration: 0.09166229 0.003878135 -0.02992793
accel: 0.02979784
brake: 0.0
steer: 0.0005
linkid: A219BS010380
trafficlightid: null
turn_signal_lamp: 2.0