position: 40.296699000000004 161.59900000000016 -0.2797275
orientation: 0.7588806 0.6625339 144.5898
enu_velocity: -13.16703 10.20706 0.1201836
velocity: 16.6432 -0.685483 0.3217593
angularVelocity: -0.007629164 -0.002463773 -0.1233618
acceleration: -2.303253 -2.477791 -0.09905975
accel: 0.0
brake: 0.09745682
steer: -0.1987
linkid: A219BS010677
trafficlightid: null
turn_signal_lamp: 2.0