position: 40.075029 161.75800000000004 -0.2774731
orientation: 0.6044922 0.6966823 144.056
enu_velocity: -12.56881 10.22457 0.05143077
velocity: 16.17554 -0.8972311 0.2576094
angularVelocity: -0.06092837 0.01343832 -0.1740585
acceleration: -1.940233 -1.669767 -0.2596279
accel: 0.0
brake: 0.06983285
steer: -0.1963
linkid: A219BS010677
trafficlightid: null
turn_signal_lamp: 2.0