position: 31.871879 57.256000000000085 -0.2599763
orientation: 1.533661 1.02972 61.08939
enu_velocity: 19.39604 34.99602 -0.04443133
velocity: 40.0059 -0.042099 0.675994
angularVelocity: 0.008249557 0.001109005 0.0009081907
acceleration: 0.05812845 -0.02495326 -0.03125368
accel: 0.02860497
brake: 0.0
steer: 0.0004
linkid: A219BS010380
trafficlightid: null
turn_signal_lamp: 2.0