position: 39.452249 162.22800000000007 -0.2745147
orientation: 0.3786316 0.9284279 141.6835
enu_velocity: -10.95773 10.61226 -0.09280866
velocity: 15.17658 -1.531457 0.1632481
angularVelocity: 0.007924709 0.01573358 -0.2702499
acceleration: -0.8479158 0.2423513 0.09646129
accel: 0.0
brake: 0.01627485
steer: -0.2779
linkid: A219BS010677
trafficlightid: null
turn_signal_lamp: 2.0