position: 39.130919000000006 162.49299999999994 -0.2708059
orientation: 0.6689148 1.072803 140.2633
enu_velocity: -10.45131 10.62341 0.0384745
velocity: 14.82477 -1.484391 0.3334444
angularVelocity: 0.04831143 0.0210225 -0.2505012
acceleration: -1.577493 -2.779003 0.1266072
accel: 0.0
brake: 0.03924797
steer: -0.3764
linkid: A219BS010677
trafficlightid: null
turn_signal_lamp: 2.0