position: 38.823848999999996 162.75800000000004 -0.2626417
orientation: 0.5066833 1.254349 138.5513
enu_velocity: -9.660651 10.88861 0.1386888
velocity: 14.44234 -1.762583 0.4705573
angularVelocity: -0.03462899 0.01844498 -0.3197412
acceleration: -0.7289731 -1.294756 0.01474849
accel: 0.003491308
brake: 0.0
steer: -0.4631
linkid: A219BS010677
trafficlightid: null
turn_signal_lamp: 2.0