position: 38.588519000000005 162.97199999999998 -0.2582929
orientation: 0.3093262 1.309862 136.9812
enu_velocity: -9.056999 11.16399 0.1151465
velocity: 14.23199 -1.980886 0.4512979
angularVelocity: -0.03314071 0.004005436 -0.360613
acceleration: -0.6368845 -2.149211 -0.1451069
accel: 0.02428487
brake: 0.0
steer: -0.4383
linkid: A219BS010677
trafficlightid: null
turn_signal_lamp: 2.0