position: 32.195249000000004 57.83899999999994 -0.2606063
orientation: 1.552521 1.031725 61.09154
enu_velocity: 19.40064 35.00348 -0.0394226
velocity: 40.01452 -0.04361725 0.6826227
angularVelocity: 0.004581869 -0.0004732711 0.0005280544
acceleration: 0.03828682 0.0130135 -0.01372377
accel: 0.02562805
brake: 0.0
steer: 0.0004
linkid: A219BS010380
trafficlightid: null
turn_signal_lamp: 2.0