position: 38.042029 163.52700000000004 -0.2559264
orientation: 0.02371216 1.335134 132.429
enu_velocity: -7.53246 11.87183 -0.1065666
velocity: 13.84346 -2.449724 0.2170635
angularVelocity: -0.0466842 -0.01217671 -0.4382057
acceleration: -1.187657 -2.918856 -1.934816
accel: 0.1011831
brake: 0.0
steer: -0.6225
linkid: A219BS010677
trafficlightid: null
turn_signal_lamp: 2.0