position: 3.1229640000000005 5.5900000000001455 -0.2938771
orientation: 1.008667 0.8906941 60.65839
enu_velocity: 19.66587 34.82082 0.2896071
velocity: 39.98104 -0.06420326 0.9124908
angularVelocity: 0.008558481 -0.01457183 -0.007863259
acceleration: 0.05510075 -0.04996382 -0.1314168
accel: 0.03907214
brake: 0.0
steer: -0.0026
linkid: A219BS010380
trafficlightid: null
turn_signal_lamp: 0.0