position: 32.303049 58.034000000000106 -0.260886
orientation: 1.558075 1.029579 61.09207
enu_velocity: 19.40164 35.00555 -0.04025196
velocity: 40.01686 -0.04385567 0.6803477
angularVelocity: 0.004884807 -0.002298989 0.0004705648
acceleration: 0.0301468 -0.006590185 -0.009509091
accel: 0.02482138
brake: 0.0
steer: 0.0004
linkid: A219BS010380
trafficlightid: null
turn_signal_lamp: 2.0