position: 32.410838999999996 58.228000000000065 -0.261197
orientation: 1.563507 1.026269 61.09253
enu_velocity: 19.39861 35.00025 -0.03964549
velocity: 40.01079 -0.0440731 0.6785439
angularVelocity: 0.004410872 -0.002686068 0.0005024397
acceleration: -0.1973815 0.0009858683 0.02012492
accel: 0.02415997
brake: 0.0
steer: 0.0003
linkid: A219BS010380
trafficlightid: null
turn_signal_lamp: 2.0