position: 32.518579 58.422000000000025 -0.2614544
orientation: 1.567047 1.024419 61.09299
enu_velocity: 19.38902 34.98348 -0.03674798
velocity: 39.99143 -0.0440197 0.679807
angularVelocity: 0.002694383 -0.001255448 0.0003977111
acceleration: -0.275578 0.00538557 0.03514231
accel: 0.03793841
brake: 0.0
steer: 0.0003
linkid: A219BS010380
trafficlightid: null
turn_signal_lamp: 2.0