position: 32.626299 58.61699999999996 -0.2616966
orientation: 1.569305 1.022623 61.09328
enu_velocity: 19.38978 34.98631 -0.03468613
velocity: 39.99427 -0.0434761 0.6806535
angularVelocity: 0.001976445 -0.001877655 0.0002860125
acceleration: 0.08860512 0.01269213 0.01723784
accel: 0.03570732
brake: 0.0
steer: 0.0003
linkid: A219BS010380
trafficlightid: null
turn_signal_lamp: 2.0