position: 32.949549000000005 59.200000000000045 -0.2626493
orientation: 1.57785 1.008392 61.09413
enu_velocity: 19.39611 35.00028 -0.03300637
velocity: 40.0097 -0.0429821 0.6726609
angularVelocity: 0.001600461 -0.004707712 0.0003605754
acceleration: 0.04377028 0.006410692 0.03507175
accel: 0.027634
brake: 0.0
steer: 0.0003
linkid: A219BS010380
trafficlightid: null
turn_signal_lamp: 2.0