position: 33.165079000000006 59.58899999999994 -0.2632352
orientation: 1.578308 0.9987458 61.09454
enu_velocity: 19.39712 35.00602 -0.02706411
velocity: 40.01523 -0.04140472 0.6719191
angularVelocity: -0.0005047801 -0.003862441 0.0002774308
acceleration: 0.03270843 0.01671359 0.05149261
accel: 0.02562393
brake: 0.0
steer: 0.0003
linkid: A219BS010380
trafficlightid: null
turn_signal_lamp: 2.0