position: 33.272849 59.78300000000013 -0.263477
orientation: 1.577148 0.9947397 61.09477
enu_velocity: 19.39725 35.00842 -0.02336378
velocity: 40.01736 -0.04049492 0.6728327
angularVelocity: -0.001218396 -0.003374507 0.0002426031
acceleration: 0.02820872 0.008296739 0.05184468
accel: 0.02484825
brake: 0.0
steer: 0.0003
linkid: A219BS010380
trafficlightid: null
turn_signal_lamp: 2.0