position: 3.2320320000000002 5.7840000000001055 -0.2928703
orientation: 1.017181 0.8703747 60.64973
enu_velocity: 19.67034 34.82308 0.2748556
velocity: 39.98575 -0.0613308 0.8835817
angularVelocity: 0.007125317 -0.01890732 -0.007025867
acceleration: 0.058248 -0.04360268 -0.21319
accel: 0.03747059
brake: 0.0
steer: -0.0021
linkid: A219BS010380
trafficlightid: null
turn_signal_lamp: 0.0