position: 33.703689 60.56100000000015 -0.2640463
orientation: 1.565552 0.9863558 61.0952
enu_velocity: 19.38695 34.99536 -0.009153035
velocity: 40.00081 -0.0379982 0.6808259
angularVelocity: -0.003443469 -0.001150226 -1.129924e-05
acceleration: 0.08368439 0.008642931 0.05682775
accel: 0.03021172
brake: 0.0
steer: 0.0002
linkid: A219BS010380
trafficlightid: null
turn_signal_lamp: 2.0