position: 33.919109 60.950000000000045 -0.2641502
orientation: 1.557251 0.9851583 61.09479
enu_velocity: 19.39051 35.00311 -0.00641008
velocity: 40.00927 -0.03713226 0.6828478
angularVelocity: -0.003078842 -0.000290944 -0.0001494926
acceleration: 0.05315807 0.004789317 -0.008770645
accel: 0.0277359
brake: 0.0
steer: 0.0001
linkid: A219BS010380
trafficlightid: null
turn_signal_lamp: 2.0