position: 34.242329 61.53300000000013 -0.2642501
orientation: 1.550537 0.98581 61.09413
enu_velocity: 19.3957 35.00928 -0.006261527
velocity: 40.01718 -0.03829765 0.6836126
angularVelocity: -0.001532934 0.0005105602 -0.0002123054
acceleration: 0.02808361 -0.01162872 0.01043206
accel: 0.02497439
brake: 0.0
steer: 0.0001
linkid: A219BS010380
trafficlightid: null
turn_signal_lamp: 2.0