position: 34.350069000000005 61.728000000000065 -0.2642601
orientation: 1.549072 0.9867005 61.09386
enu_velocity: 19.39329 35.00344 -0.006179138
velocity: 40.01089 -0.03882408 0.6842219
angularVelocity: -0.001123859 0.0009658102 -0.0002690586
acceleration: -0.1998918 -0.009509258 -0.008109216
accel: 0.02432101
brake: 0.0
steer: 0.0
linkid: A219BS010380
trafficlightid: null
turn_signal_lamp: 2.0