position: 34.673169 62.31100000000015 -0.2642943
orientation: 1.544647 0.9893207 61.09256
enu_velocity: 19.39009 34.9927 -0.003995474
velocity: 39.99988 -0.04025459 0.6880816
angularVelocity: -0.003115079 -0.0007137578 -0.0005066433
acceleration: 0.07692318 0.002185598 0.0424029
accel: 0.03067788
brake: 0.0
steer: 0.0
linkid: A219BS010380
trafficlightid: null
turn_signal_lamp: 2.0