position: 34.780879 62.50500000000011 -0.264347
orientation: 1.539276 0.9876699 61.09193
enu_velocity: 19.39134 34.99678 -0.0007349322
velocity: 40.00402 -0.03894043 0.6902213
angularVelocity: -0.005106478 -0.00163564 -0.0004679022
acceleration: 0.05617707 0.01822007 0.04621024
accel: 0.0298382
brake: 0.0
steer: 0.0002
linkid: A219BS010380
trafficlightid: null
turn_signal_lamp: 2.0