position: 34.888599 62.700000000000045 -0.2643914
orientation: 1.533081 0.9859327 61.0914
enu_velocity: 19.39204 35.00043 0.0006681519
velocity: 40.00754 -0.03749084 0.6904269
angularVelocity: -0.005451326 -0.001477109 -0.0004341584
acceleration: 0.04751682 0.01291362 0.01844604
accel: 0.02854437
brake: 0.0
steer: 0.0002
linkid: A219BS010380
trafficlightid: null
turn_signal_lamp: 2.0