position: 35.104049 63.08899999999994 -0.2644584
orientation: 1.520233 0.9823937 61.09077
enu_velocity: 19.39179 35.00638 0.003769575
velocity: 40.01263 -0.03409958 0.6910416
angularVelocity: -0.005934848 -0.002117814 -9.347336e-05
acceleration: 0.02903326 0.02503899 0.02435495
accel: 0.02670236
brake: 0.0
steer: 0.0004
linkid: A219BS010380
trafficlightid: null
turn_signal_lamp: 2.0