position: 35.319509 63.478000000000065 -0.2646123
orientation: 1.504303 0.9744843 61.09102
enu_velocity: 19.39048 35.01204 0.004498312
velocity: 40.01704 -0.03069496 0.6862149
angularVelocity: -0.007144941 -0.004210057 0.0003775838
acceleration: 0.03202116 0.02719423 -0.03460513
accel: 0.02501923
brake: 0.0
steer: 0.0005
linkid: A219BS010380
trafficlightid: null
turn_signal_lamp: 2.0