position: 35.427229 63.672000000000025 -0.2647366
orientation: 1.496857 0.9693418 61.09142
enu_velocity: 19.3865 35.00748 0.001535706
velocity: 40.01123 -0.02995872 0.679533
angularVelocity: -0.006270203 -0.004372249 0.0005184474
acceleration: -0.1935435 0.01486375 -0.04675782
accel: 0.02422741
brake: 0.0
steer: 0.0005
linkid: A219BS010380
trafficlightid: null
turn_signal_lamp: 2.0