position: 35.534909 63.86699999999996 -0.264854
orientation: 1.490051 0.9649237 61.09206
enu_velocity: 19.37581 34.99057 0.0002564203
velocity: 39.99133 -0.02942657 0.6748112
angularVelocity: -0.006165248 -0.00362941 0.0006922755
acceleration: -0.2851278 0.01533287 0.005336343
accel: 0.0382768
brake: 0.0
steer: 0.0005
linkid: A219BS010380
trafficlightid: null
turn_signal_lamp: 2.0