position: 35.965589 64.64499999999998 -0.2653373
orientation: 1.456299 0.9445699 61.09529
enu_velocity: 19.3801 35.00797 0.002941901
velocity: 40.00882 -0.02770996 0.6635001
angularVelocity: -0.006781059 -0.003880433 0.0006971846
acceleration: 0.052019 -0.004592037 -0.007080799
accel: 0.02821984
brake: 0.0
steer: 0.0002
linkid: A219BS010380
trafficlightid: null
turn_signal_lamp: 2.0