position: 36.288649 65.22800000000007 -0.2652675
orientation: 1.42984 0.9431182 61.0956
enu_velocity: 19.38592 35.01364 0.006902484
velocity: 40.01655 -0.03050995 0.6666248
angularVelocity: -0.006809743 0.00108094 -0.0004469645
acceleration: 0.03260811 -0.0176486 -0.03252746
accel: 0.02536436
brake: 0.0
steer: -0.0002
linkid: A219BS010380
trafficlightid: null
turn_signal_lamp: 2.0