position: 36.504019 65.61699999999996 -0.265131
orientation: 1.419434 0.9467059 61.09435
enu_velocity: 19.38214 34.99871 0.002329748
velocity: 40.00169 -0.03371811 0.6643825
angularVelocity: -0.003822451 0.00302461 -0.000664881
acceleration: -0.2700873 -0.03249485 -0.01246218
accel: 0.03277273
brake: 0.0
steer: -0.0001
linkid: A219BS010380
trafficlightid: null
turn_signal_lamp: 2.0