position: 3.5594290000000006 6.364000000000033 -0.2910113
orientation: 1.022003 0.7903512 60.62839
enu_velocity: 19.67549 34.83114 0.2165194
velocity: 39.99733 -0.04892159 0.7693023
angularVelocity: 0.0007616226 -0.02479253 -0.00488276
acceleration: 0.002985087 -0.00135385 -0.1548355
accel: 0.03278263
brake: 0.0
steer: -0.0015
linkid: A219BS010380
trafficlightid: null
turn_signal_lamp: 0.0