position: 36.719319 66.00600000000009 -0.2647788
orientation: 1.412628 0.9596505 61.0929
enu_velocity: 19.38322 34.99446 -0.0007268864
velocity: 39.99839 -0.0356369 0.6703533
angularVelocity: -0.002236846 0.006410508 -0.0007712736
acceleration: 0.1176238 -0.012575 -0.02727597
accel: 0.03228839
brake: 0.0
steer: 0.0001
linkid: A219BS010380
trafficlightid: null
turn_signal_lamp: 2.0