position: 36.934719 66.39499999999998 -0.2644988
orientation: 1.413879 0.972995 61.09181
enu_velocity: 19.39013 35.00142 -0.01052815
velocity: 40.00784 -0.03755188 0.6700779
angularVelocity: 0.001839726 0.005569169 -0.0005162684
acceleration: 0.04793864 -0.02226909 -0.06643452
accel: 0.02830924
brake: 0.0
steer: 0.0002
linkid: A219BS010380
trafficlightid: null
turn_signal_lamp: 2.0