position: 37.580989 67.56200000000013 -0.264003
orientation: 1.400482 1.010284 61.08917
enu_velocity: 19.37486 34.98232 0.002689101
velocity: 39.98306 -0.03079224 0.708739
angularVelocity: -0.0184121 -0.003789403 -0.0005874833
acceleration: 0.006596543 0.1075453 0.290693
accel: 0.04097654
brake: 0.0
steer: 0.0007
linkid: A219BS010380
trafficlightid: null
turn_signal_lamp: 2.0