position: 3.6686140000000007 6.557999999999993 -0.2906254
orientation: 1.030701 0.7606226 60.62292
enu_velocity: 19.67799 34.82916 0.2106047
velocity: 39.99731 -0.04862785 0.7426283
angularVelocity: 0.01031177 -0.02659702 -0.004107026
acceleration: -0.007912815 -0.0579775 -0.08342437
accel: 0.03427635
brake: 0.0
steer: -0.0014
linkid: A219BS010380
trafficlightid: null
turn_signal_lamp: 0.0