position: 37.903679 68.14499999999998 -0.2645584
orientation: 1.288025 0.9706616 61.09108
enu_velocity: 19.34977 35.01162 0.04415904
velocity: 39.99635 0.002914429 0.7219349
angularVelocity: -0.03649408 -0.01384558 0.001106378
acceleration: -0.005308188 0.1271542 0.1900425
accel: 0.03183423
brake: 0.0
steer: 0.0007
linkid: A219BS010380
trafficlightid: null
turn_signal_lamp: 2.0