position: 38.011159 68.33899999999994 -0.2648003
orientation: 1.238495 0.9488741 61.09181
enu_velocity: 19.34138 35.0154 0.06687433
velocity: 39.99551 0.01111412 0.7292387
angularVelocity: -0.04562569 -0.02070189 0.001083046
acceleration: -0.02231771 0.1475301 0.3231499
accel: 0.0339625
brake: 0.0
steer: 0.0003
linkid: A219BS010380
trafficlightid: null
turn_signal_lamp: 2.0