position: 38.118569 68.5340000000001 -0.2651114
orientation: 1.177094 0.9192852 61.09229
enu_velocity: 19.33167 35.01895 0.09248262
velocity: 39.99389 0.02031898 0.7339708
angularVelocity: -0.05641304 -0.02751138 0.0008238612
acceleration: -0.02716021 0.1388003 0.3584327
accel: 0.03517013
brake: 0.0
steer: 0.0003
linkid: A219BS010380
trafficlightid: null
turn_signal_lamp: 2.0