position: 38.440679 69.11799999999994 -0.2659235
orientation: 0.9971924 0.8223291 61.09663
enu_velocity: 19.32122 35.04446 0.09894846
velocity: 40.01225 0.03539467 0.6727537
angularVelocity: -0.03718805 -0.02428069 0.002239842
acceleration: 0.1253912 -0.004779804 -0.291624
accel: 0.02684085
brake: 0.0
steer: -0.0007
linkid: A219BS010380
trafficlightid: null
turn_signal_lamp: 2.0