position: 38.548109 69.31200000000013 -0.2660688
orientation: 0.9761658 0.800536 61.09895
enu_velocity: 19.33234 35.04704 0.07082105
velocity: 40.02053 0.02430534 0.6297081
angularVelocity: -0.01187473 -0.0171211 0.002393252
acceleration: 0.1018016 -0.1554362 -0.4174406
accel: 0.02332175
brake: 0.0
steer: -0.0008
linkid: A219BS010380
trafficlightid: null
turn_signal_lamp: 2.0