position: 38.870709000000005 69.89599999999996 -0.2662505
orientation: 1.022369 0.7750745 61.10112
enu_velocity: 19.37506 35.00011 0.005322392
velocity: 40.00125 -0.03826714 0.5472468
angularVelocity: 0.02309078 -0.0009449115 -0.0006706546
acceleration: 0.1087424 -0.270304 -0.2976718
accel: 0.03174382
brake: 0.0
steer: -0.0016
linkid: A219BS010380
trafficlightid: null
turn_signal_lamp: 2.0