position: 39.085979 70.28500000000008 -0.2647663
orientation: 1.060913 0.8279737 61.09572
enu_velocity: 19.37827 34.94756 0.007566398
velocity: 39.95627 -0.06162071 0.5862513
angularVelocity: 0.01422831 0.03801642 -0.00413364
acceleration: -0.7832758 -0.1941286 0.01437782
accel: 0.0
brake: 0.004661762
steer: -0.0023
linkid: A219BS010380
trafficlightid: null
turn_signal_lamp: 2.0