position: 39.300819000000004 70.67200000000003 -0.2622221
orientation: 1.105377 0.9260202 61.08449
enu_velocity: 19.34785 34.84964 -0.01949457
velocity: 39.85523 -0.07328224 0.6262335
angularVelocity: 0.02347968 0.04271663 -0.006237374
acceleration: -0.683411 -0.1911283 -0.2515988
accel: 0.0
brake: 0.01424356
steer: -0.0028
linkid: A219BS010380
trafficlightid: null
turn_signal_lamp: 2.0