position: 39.622049000000004 71.25199999999995 -0.2572519
orientation: 1.095184 1.111733 61.06084
enu_velocity: 19.26021 34.67147 0.02186822
velocity: 39.65393 -0.06326294 0.7927439
angularVelocity: -0.02092807 0.06049243 -0.008441458
acceleration: -1.030834 0.08993903 0.08699052
accel: 0.0
brake: 0.04389101
steer: -0.003
linkid: A219BS010380
trafficlightid: null
turn_signal_lamp: 2.0