position: 39.835029000000006 71.63599999999997 -0.2538792
orientation: 1.066101 1.235718 61.04343
enu_velocity: 19.16407 34.50064 -0.007345728
velocity: 39.45681 -0.0492363 0.8448257
angularVelocity: -0.005929407 0.04915903 -0.008553597
acceleration: -1.552348 -0.04741681 -0.3658021
accel: 0.0
brake: 0.0728213
steer: -0.0027
linkid: A219BS010380
trafficlightid: null
turn_signal_lamp: 2.0