position: 3.9964200000000005 7.139000000000124 -0.2899965
orientation: 1.078461 0.6711905 60.60872
enu_velocity: 19.69463 34.83141 0.1533494
velocity: 40.00924 -0.05373764 0.6231905
angularVelocity: 0.01208124 -0.02311877 -0.003176819
acceleration: 0.04502461 -0.04005171 -0.3121639
accel: 0.02943009
brake: 0.0
steer: -0.0007
linkid: A219BS010380
trafficlightid: null
turn_signal_lamp: 0.0