position: 41.472849000000004 74.58000000000015 -0.2632884
orientation: 0.9491272 1.655444 60.89932
enu_velocity: 17.60656 31.48663 -0.1818483
velocity: 36.06504 -0.05637741 0.8614429
angularVelocity: -0.01564446 0.01725988 -0.007869193
acceleration: -3.479053 -0.1037678 0.3757657
accel: 0.0
brake: 0.1623251
steer: -0.0058
linkid: A219BS010380
trafficlightid: null
turn_signal_lamp: 2.0