position: 41.952379 75.4380000000001 -0.2668239
orientation: 0.8076477 1.638932 60.85555
enu_velocity: 17.04345 30.42514 -0.1339029
velocity: 34.8631 -0.056036 0.864441
angularVelocity: -0.07273214 -0.04033209 -0.008268136
acceleration: -3.296708 0.1641775 -0.6178584
accel: 0.0
brake: 0.1519479
steer: -0.0055
linkid: A219BS010380
trafficlightid: null
turn_signal_lamp: 2.0