position: 42.778499000000004 76.91700000000014 -0.2761411
orientation: 0.6334839 1.294628 60.71002
enu_velocity: 16.35484 28.87084 0.09955254
velocity: 33.1704 -0.1300783 0.8506979
angularVelocity: 0.006885417 -0.02961978 -0.02595014
acceleration: -1.689182 -0.540651 0.1904702
accel: 0.0
brake: 0.04630725
steer: -0.0222
linkid: A219BS010380
trafficlightid: null
turn_signal_lamp: 2.0