position: 4.543414 8.105999999999995 -0.2880581
orientation: 1.213135 0.5984704 60.59366
enu_velocity: 19.71087 34.82187 0.1271692
velocity: 40.00995 -0.06222534 0.546546
angularVelocity: 0.02634072 -0.003087817 -0.001579595
acceleration: -0.03532211 -0.02412272 0.01038844
accel: 0.02922169
brake: 0.0
steer: 0.0002
linkid: A219BS010380
trafficlightid: null
turn_signal_lamp: 0.0