position: 47.041439000000004 83.9190000000001 -0.2661081
orientation: -0.4348081 1.397296 53.95538
enu_velocity: 14.69296 18.16849 0.08753135
velocity: 23.32678 -1.194462 0.6475044
angularVelocity: 0.02244542 0.002323573 -0.2261598
acceleration: -3.715861 -1.485839 -0.2187305
accel: 0.0
brake: 0.1773454
steer: -0.2147
linkid: A219BS010813
trafficlightid: null
turn_signal_lamp: 0.0