position: 49.404619000000004 86.67499999999995 -0.2715517
orientation: -0.4864648 1.067426 44.00742
enu_velocity: 14.09582 11.04698 0.03567995
velocity: 17.80956 -1.850607 0.3518189
angularVelocity: -0.003940917 -0.007287926 -0.3345022
acceleration: -1.259523 -2.397686 0.002135318
accel: 0.01907878
brake: 0.0
steer: -0.3669
linkid: A219BS010813
trafficlightid: null
turn_signal_lamp: 2.0