position: 50.279149000000004 87.45000000000005 -0.2706304
orientation: -0.4468888 1.020146 39.49638
enu_velocity: 14.49388 9.511974 0.0192308
velocity: 17.23125 -1.880974 0.3114054
angularVelocity: 0.004849722 0.006418233 -0.3355564
acceleration: -0.8253398 -1.614137 -0.1022317
accel: 0.0
brake: 0.004148151
steer: -0.3544
linkid: A219BS010813
trafficlightid: null
turn_signal_lamp: 2.0