position: 5.4197370000000005 9.65300000000002 -0.2792304
orientation: 1.503937 0.6777725 60.58772
enu_velocity: 19.72665 34.81414 0.1556732
velocity: 40.00983 -0.0706234 0.6310678
angularVelocity: 0.02507089 0.01589158 -0.0002908954
acceleration: 0.04755217 0.03609693 -0.2122387
accel: 0.02927978
brake: 0.0
steer: 0.0008
linkid: A219BS010380
trafficlightid: null
turn_signal_lamp: 0.0