position: 5.638943 10.039999999999964 -0.2765248
orientation: 1.572754 0.7152607 60.58929
enu_velocity: 19.72529 34.81323 0.1607611
velocity: 40.00789 -0.06936836 0.6623976
angularVelocity: 0.03936862 0.0181833 0.0008294224
acceleration: -0.03370821 -0.05074614 0.1374348
accel: 0.03056535
brake: 0.0
steer: 0.001
linkid: A219BS010380
trafficlightid: null
turn_signal_lamp: 0.0