position: 5.967938 10.620000000000118 -0.2728448
orientation: 1.696777 0.765025 60.59314
enu_velocity: 19.73539 34.81587 0.1201866
velocity: 40.01509 -0.07827759 0.6571245
angularVelocity: 0.0270699 0.01095055 0.0004810046
acceleration: 0.02095587 0.02497572 -0.2281558
accel: 0.02702175
brake: 0.0
steer: 0.0009
linkid: A219BS010380
trafficlightid: null
turn_signal_lamp: 0.0