position: 6.077605 10.813000000000102 -0.2717386
orientation: 1.733093 0.7806563 60.5946
enu_velocity: 19.73322 34.81443 0.1267249
velocity: 40.01251 -0.07718849 0.6745845
angularVelocity: 0.03379097 0.01482768 0.001047428
acceleration: -0.03584733 -0.0002005761 0.1449452
accel: 0.02853894
brake: 0.0
steer: 0.001
linkid: A219BS010380
trafficlightid: null
turn_signal_lamp: 0.0