position: 6.187295000000001 11.007000000000062 -0.2704733
orientation: 1.777283 0.800286 60.59683
enu_velocity: 19.73509 34.81256 0.1350529
velocity: 40.01143 -0.08008575 0.6967862
angularVelocity: 0.03927361 0.01768697 0.001492469
acceleration: 0.02052715 -0.04326529 0.08415878
accel: 0.02998788
brake: 0.0
steer: 0.001
linkid: A219BS010380
trafficlightid: null
turn_signal_lamp: 0.0