position: 2.796119000000001 5.009999999999991 -0.2978048
orientation: 0.9714661 0.9299733 60.69081
enu_velocity: 19.63851 34.82068 0.3168135
velocity: 39.96641 -0.06271553 0.9668127
angularVelocity: 0.003296701 -0.001426796 -0.0115702
acceleration: 0.1032937 -0.1155267 -0.1977953
accel: 0.04384354
brake: 0.0
steer: -0.0035
linkid: A219BS010380
trafficlightid: null
turn_signal_lamp: 0.0