position: 3.013941000000001 5.397000000000162 -0.2950749
orientation: 0.9980469 0.9066176 60.66795
enu_velocity: 19.65928 34.81963 0.2978176
velocity: 39.97638 -0.06555748 0.9317555
angularVelocity: 0.01152821 -0.01253682 -0.008745966
acceleration: 0.06039409 -0.1148429 -0.05277808
accel: 0.04122973
brake: 0.0
steer: -0.0028
linkid: A219BS010380
trafficlightid: null
turn_signal_lamp: 0.0