position: 3.8871130000000003 6.944999999999936 -0.2901503
orientation: 1.064087 0.6985559 60.61295
enu_velocity: 19.6908 34.82994 0.1757017
velocity: 40.0055 -0.05344772 0.664597
angularVelocity: 0.01395341 -0.02629314 -0.003484405
acceleration: 0.05312098 -0.05411333 -0.3036616
accel: 0.03083591
brake: 0.0
steer: -0.0012
linkid: A219BS010380
trafficlightid: null
turn_signal_lamp: 0.0