position: 4.652888000000001 8.299999999999955 -0.2873842
orientation: 1.248993 0.5959346 60.59212
enu_velocity: 19.71259 34.81675 0.1367036
velocity: 40.00624 -0.06463242 0.5543722
angularVelocity: 0.03256754 -0.001704961 -0.001244013
acceleration: -0.05445042 -0.05933128 0.1803515
accel: 0.03199071
brake: 0.0
steer: 0.0003
linkid: A219BS010380
trafficlightid: null
turn_signal_lamp: 0.0