position: 5.200532000000001 9.266000000000076 -0.2821139
orientation: 1.43399 0.638454 60.58711
enu_velocity: 19.72334 34.80941 0.1755322
velocity: 40.00429 -0.07059479 0.623296
angularVelocity: 0.04205969 0.01773486 0.0001233577
acceleration: 0.01195491 -0.0938011 0.2607062
accel: 0.03382917
brake: 0.0
steer: 0.0008
linkid: A219BS010380
trafficlightid: null
turn_signal_lamp: 0.0